offset: -0.000944214
x: -5.25392e-05
a: 0.379538
xx: 4.46475e-09
xa: 9.11613e-05
aa: 0.037673
xxx: -3.15752e-12
xxa: -6.39006e-08
xaa: 6.00671e-05
aaa: 0
xxxx: 0
xxxa: 0
xxaa: 0
xaaa: 0
aaaa: 0
yy: 1.57019e-07
yyx: 2.26941e-10
yya: -2.9599e-07
