offset: 0.000801784
y: -0.000691961
b: 0
yx: -6.40017e-07
ya: 0.000929006
yxx: -1.53295e-09
yxa: 3.39931e-06
yaa: -0.00396179
yxxx: 6.07928e-13
yxxa: 2.74069e-09
yxaa: -8.84537e-06
yaaa: 0.00471881
bx: -0.00259819
ba: 3.26173
yyy: -9.47305e-10
yyyx: 9.32423e-11
yyya: -1.94349e-07
yyyxx: 1.81746e-13
yyyxa: -2.99551e-10
yyyaa: 2.15905e-07
x: 1.58877e-05
xx: -1.97958e-09
a: -0.0194514
aa: -0.00213008
