offset: 0.00536489
y: -0.000788109
b: 0.0118974
yx: -1.19381e-06
ya: 0.00116617
yxx: -1.30036e-09
yxa: 1.32612e-06
yaa: -0.0024512
yxxx: 1.14925e-12
yxxa: 3.10275e-10
yxaa: -2.87898e-06
yaaa: -0.00154928
bx: 2.93736e-05
ba: -0.11343
yyy: 8.39631e-09
yyyx: 4.55726e-11
yyya: -1.11605e-07
yyyxx: 1.57142e-13
yyyxa: -1.10339e-10
yyyaa: 1.44109e-07
bxx: 2.27273e-08
bxa: -0.000246165
baa: 0.0694351
x: 1.11043e-05
xx: 2.10979e-09
a: -0.00729477
aa: 0.00715931
yy: 0
