offset: 0.00702355
y: -0.000814961
b: 0
yx: -5.36371e-07
ya: 0.000662838
yxx: -1.62648e-09
yxa: 3.85064e-06
yaa: -0.00672723
yxxx: 4.51242e-13
yxxa: 4.68317e-09
yxaa: -1.23627e-05
yaaa: 0.00832914
bx: -0.00272165
ba: 3.77537
yyy: 1.66025e-09
yyyx: 1.17623e-10
yyya: -2.82943e-07
yyyxx: 2.14726e-13
yyyxa: -4.03477e-10
yyyaa: 1.09081e-06
bxx: 0
bxa: 0
baa: 0
x: 1.62996e-05
xx: -1.20617e-09
a: -0.0176998
aa: -0.0126798
yy: -6.9564e-07
