offset: 0.0050676
y: -0.000759029
b: -0.0133419
yx: -1.24934e-06
ya: 0.00103332
yxx: -1.32887e-09
yxa: 1.7418e-06
yaa: -0.00455427
yxxx: 1.35766e-12
yxxa: -5.24453e-10
yxaa: -3.47439e-06
yaaa: -0.00164859
bx: 2.14248e-06
ba: -0.186771
yyy: 5.84985e-09
yyyx: 5.2187e-11
yyya: -7.62373e-08
yyyxx: 1.66384e-13
yyyxa: -1.40385e-10
yyyaa: 2.61025e-07
bxx: -3.50628e-08
bxa: -0.00133248
baa: 2.83467
x: 9.01311e-06
xx: 3.43564e-09
a: -0.00429197
aa: -0.00365664
yy: 0
