1296
-208.9 1.06506e-06
-208.7 1.77509e-06
-208.5 1.77509e-06
-208.3 1.77509e-06
-208.1 1.77509e-06
-207.9 2.13011e-06
-207.7 2.13011e-06
-207.5 2.48513e-06
-207.3 2.84015e-06
-207.1 2.84015e-06
-206.9 3.55018e-06
-206.7 4.26022e-06
-206.5 4.26022e-06
-206.3 4.97026e-06
-206.1 6.03531e-06
-205.9 6.39033e-06
-205.7 6.74535e-06
-205.5 6.74535e-06
-205.3 7.10037e-06
-205.1 7.10037e-06
-204.9 7.10037e-06
-204.7 7.10037e-06
-204.5 7.45539e-06
-204.3 7.81041e-06
-204.1 7.81041e-06
-203.9 8.16542e-06
-203.7 8.16542e-06
-203.5 8.16542e-06
-203.3 8.16542e-06
-203.1 8.16542e-06
-202.9 8.16542e-06
-202.7 8.16542e-06
-202.5 8.87546e-06
-202.3 8.87546e-06
-202.1 9.23048e-06
-201.9 9.94052e-06
-201.7 1.02955e-05
-201.5 1.17156e-05
-201.3 1.27807e-05
-201.1 1.73959e-05
-200.9 2.27212e-05
-200.7 2.73364e-05
-200.5 3.65669e-05
-200.3 5.28977e-05
-200.1 7.20687e-05
-199.9 9.90501e-05
-199.7 0.000135972
-199.5 0.000184255
-199.3 0.000264844
-199.1 0.000380225
-198.9 0.000507321
-198.7 0.000686251
-198.5 0.000915238
-198.3 0.00119925
-198.1 0.00156634
-197.9 0.00203674
-197.7 0.00260655
-197.5 0.00330238
-197.3 0.00416614
-197.1 0.00521629
-196.9 0.00646063
-196.7 0.00789029
-196.5 0.00953189
-196.3 0.0113286
-196.1 0.0132947
-195.9 0.0153659
-195.7 0.0175283
-195.5 0.0197976
-195.3 0.0221315
-195.1 0.0244665
-194.9 0.0268898
-194.7 0.0292262
-194.5 0.0315217
-194.3 0.0338073
-194.1 0.0361121
-193.9 0.0383242
-193.7 0.0405271
-193.5 0.042643
-193.3 0.044689
-193.1 0.0467158
-192.9 0.0487483
-192.7 0.0507254
-192.5 0.0526869
-192.3 0.0546544
-192.1 0.0565765
-191.9 0.0584492
-191.7 0.0602608
-191.5 0.062076
-191.3 0.0638557
-191.1 0.0655889
-190.9 0.067358
-190.7 0.0691072
-190.5 0.0708333
-190.3 0.0725938
-190.1 0.0743267
-189.9 0.0760389
-189.7 0.0777419
-189.5 0.0794254
-189.3 0.0811061
-189.1 0.0827683
-188.9 0.0844308
-188.7 0.0860998
-188.5 0.08773
-188.3 0.0893603
-188.1 0.0909919
-187.9 0.0925824
-187.7 0.0942059
-187.5 0.0958347
-187.3 0.0974465
-187.1 0.0990143
-186.9 0.100607
-186.7 0.102188
-186.5 0.103804
-186.3 0.105399
-186.1 0.106979
-185.9 0.108559
-185.7 0.110125
-185.5 0.111659
-185.3 0.113183
-185.1 0.114719
-184.9 0.116313
-184.7 0.117833
-184.5 0.119331
-184.3 0.120828
-184.1 0.122313
-183.9 0.123811
-183.7 0.125262
-183.5 0.126733
-183.3 0.128136
-183.1 0.129616
-182.9 0.131079
-182.7 0.132448
-182.5 0.133863
-182.3 0.135196
-182.1 0.136567
-181.9 0.137892
-181.7 0.139248
-181.5 0.140559
-181.3 0.14185
-181.1 0.143141
-180.9 0.144405
-180.7 0.145695
-180.5 0.146933
-180.3 0.14815
-180.1 0.149335
-179.9 0.150516
-179.7 0.151692
-179.5 0.152839
-179.3 0.153955
-179.1 0.155117
-178.9 0.156256
-178.7 0.157332
-178.5 0.158462
-178.3 0.159556
-178.1 0.160659
-177.9 0.161708
-177.7 0.162772
-177.5 0.163808
-177.3 0.164892
-177.1 0.165937
-176.9 0.166927
-176.7 0.167993
-176.5 0.169026
-176.3 0.170042
-176.1 0.171076
-175.9 0.17205
-175.7 0.173064
-175.5 0.174051
-175.3 0.17503
-175.1 0.176038
-174.9 0.177037
-174.7 0.178006
-174.5 0.178992
-174.3 0.179898
-174.1 0.180834
-173.9 0.181764
-173.7 0.182731
-173.5 0.183657
-173.3 0.184611
-173.1 0.185551
-172.9 0.186504
-172.7 0.187456
-172.5 0.18837
-172.3 0.189317
-172.1 0.190265
-171.9 0.191185
-171.7 0.192129
-171.5 0.193053
-171.3 0.19397
-171.1 0.194871
-170.9 0.195766
-170.7 0.196655
-170.5 0.197597
-170.3 0.198493
-170.1 0.199411
-169.9 0.200302
-169.7 0.201233
-169.5 0.202128
-169.3 0.203013
-169.1 0.20392
-168.9 0.204835
-168.7 0.205714
-168.5 0.206605
-168.3 0.207501
-168.1 0.208333
-167.9 0.209216
-167.7 0.210088
-167.5 0.210982
-167.3 0.211902
-167.1 0.212737
-166.9 0.213608
-166.7 0.214524
-166.5 0.215436
-166.3 0.216282
-166.1 0.217158
-165.9 0.218044
-165.7 0.21893
-165.5 0.219794
-165.3 0.220669
-165.1 0.22156
-164.9 0.222426
-164.7 0.223288
-164.5 0.224141
-164.3 0.225026
-164.1 0.225899
-163.9 0.226769
-163.7 0.227647
-163.5 0.228528
-163.3 0.229401
-163.1 0.230279
-162.9 0.231137
-162.7 0.231995
-162.5 0.23285
-162.3 0.233736
-162.1 0.234602
-161.9 0.235477
-161.7 0.236348
-161.5 0.237259
-161.3 0.238108
-161.1 0.238957
-160.9 0.239826
-160.7 0.240688
-160.5 0.241541
-160.3 0.242399
-160.1 0.243235
-159.9 0.244053
-159.7 0.244916
-159.5 0.245751
-159.3 0.24662
-159.1 0.247454
-158.9 0.248308
-158.7 0.249151
-158.5 0.25001
-158.3 0.250887
-158.1 0.25173
-157.9 0.252568
-157.7 0.253391
-157.5 0.254225
-157.3 0.255052
-157.1 0.255885
-156.9 0.256738
-156.7 0.257563
-156.5 0.258403
-156.3 0.259192
-156.1 0.260007
-155.9 0.26082
-155.7 0.261622
-155.5 0.262434
-155.3 0.26322
-155.1 0.264012
-154.9 0.264813
-154.7 0.2656
-154.5 0.26642
-154.3 0.267204
-154.1 0.268005
-153.9 0.268807
-153.7 0.269586
-153.5 0.270366
-153.3 0.271123
-153.1 0.271885
-152.9 0.272634
-152.7 0.273395
-152.5 0.274127
-152.3 0.274883
-152.1 0.275662
-151.9 0.276431
-151.7 0.277198
-151.5 0.277948
-151.3 0.278693
-151.1 0.279454
-150.9 0.2802
-150.7 0.280953
-150.5 0.281696
-150.3 0.282455
-150.1 0.283218
-149.9 0.283983
-149.7 0.284733
-149.5 0.285474
-149.3 0.286229
-149.1 0.287002
-148.9 0.28775
-148.7 0.288497
-148.5 0.289258
-148.3 0.290035
-148.1 0.290806
-147.9 0.291602
-147.7 0.292387
-147.5 0.293157
-147.3 0.293946
-147.1 0.29475
-146.9 0.295549
-146.7 0.296371
-146.5 0.297158
-146.3 0.297965
-146.1 0.29877
-145.9 0.299588
-145.7 0.300401
-145.5 0.301216
-145.3 0.30204
-145.1 0.302852
-144.9 0.303669
-144.7 0.304473
-144.5 0.305294
-144.3 0.306149
-144.1 0.306979
-143.9 0.307806
-143.7 0.308658
-143.5 0.309522
-143.3 0.310363
-143.1 0.311213
-142.9 0.312079
-142.7 0.312946
-142.5 0.313797
-142.3 0.314658
-142.1 0.315503
-141.9 0.316347
-141.7 0.317214
-141.5 0.318067
-141.3 0.318926
-141.1 0.319816
-140.9 0.320705
-140.7 0.321586
-140.5 0.322443
-140.3 0.323312
-140.1 0.324189
-139.9 0.32503
-139.7 0.325918
-139.5 0.326809
-139.3 0.327698
-139.1 0.32856
-138.9 0.329417
-138.7 0.330299
-138.5 0.331195
-138.3 0.332077
-138.1 0.33297
-137.9 0.333864
-137.7 0.334752
-137.5 0.335659
-137.3 0.336515
-137.1 0.337413
-136.9 0.338275
-136.7 0.339172
-136.5 0.340089
-136.3 0.340949
-136.1 0.341833
-135.9 0.342737
-135.7 0.343608
-135.5 0.344488
-135.3 0.345355
-135.1 0.346257
-134.9 0.347156
-134.7 0.348009
-134.5 0.348914
-134.3 0.349793
-134.1 0.350692
-133.9 0.351568
-133.7 0.352457
-133.5 0.353324
-133.3 0.354194
-133.1 0.355094
-132.9 0.355975
-132.7 0.356867
-132.5 0.357772
-132.3 0.358657
-132.1 0.359541
-131.9 0.36043
-131.7 0.361283
-131.5 0.362158
-131.3 0.363055
-131.1 0.363897
-130.9 0.364766
-130.7 0.365667
-130.5 0.366542
-130.3 0.367435
-130.1 0.368308
-129.9 0.369195
-129.7 0.370074
-129.5 0.370953
-129.3 0.371842
-129.1 0.372715
-128.9 0.373564
-128.7 0.374455
-128.5 0.375304
-128.3 0.376183
-128.1 0.377065
-127.9 0.377935
-127.7 0.378825
-127.5 0.379693
-127.3 0.38055
-127.1 0.381439
-126.9 0.382331
-126.7 0.383192
-126.5 0.384074
-126.3 0.384937
-126.1 0.385823
-125.9 0.386688
-125.7 0.387564
-125.5 0.38844
-125.3 0.389341
-125.1 0.390181
-124.9 0.391053
-124.7 0.391909
-124.5 0.392779
-124.3 0.393647
-124.1 0.394486
-123.9 0.395344
-123.7 0.396222
-123.5 0.397078
-123.3 0.39794
-123.1 0.398789
-122.9 0.399673
-122.7 0.400518
-122.5 0.401371
-122.3 0.402208
-122.1 0.403044
-121.9 0.403894
-121.7 0.404773
-121.5 0.405611
-121.3 0.406464
-121.1 0.407299
-120.9 0.408141
-120.7 0.40897
-120.5 0.409833
-120.3 0.410639
-120.1 0.411475
-119.9 0.412357
-119.7 0.413177
-119.5 0.413997
-119.3 0.414844
-119.1 0.415672
-118.9 0.416537
-118.7 0.417371
-118.5 0.418234
-118.3 0.419096
-118.1 0.419949
-117.9 0.420804
-117.7 0.421687
-117.5 0.422548
-117.3 0.423394
-117.1 0.424196
-116.9 0.425005
-116.7 0.425828
-116.5 0.426648
-116.3 0.427465
-116.1 0.428313
-115.9 0.429144
-115.7 0.429989
-115.5 0.430827
-115.3 0.431655
-115.1 0.4325
-114.9 0.433309
-114.7 0.434165
-114.5 0.434989
-114.3 0.435828
-114.1 0.436651
-113.9 0.437501
-113.7 0.438335
-113.5 0.439144
-113.3 0.43997
-113.1 0.440801
-112.9 0.441645
-112.7 0.442476
-112.5 0.443292
-112.3 0.444165
-112.1 0.444976
-111.9 0.445809
-111.7 0.44668
-111.5 0.447497
-111.3 0.448354
-111.1 0.449173
-110.9 0.450008
-110.7 0.450821
-110.5 0.451654
-110.3 0.452504
-110.1 0.453342
-109.9 0.454202
-109.7 0.454999
-109.5 0.45582
-109.3 0.456654
-109.1 0.457468
-108.9 0.458279
-108.7 0.459097
-108.5 0.459916
-108.3 0.460729
-108.1 0.461539
-107.9 0.462371
-107.7 0.463227
-107.5 0.464067
-107.3 0.464864
-107.1 0.46569
-106.9 0.466524
-106.7 0.467327
-106.5 0.468154
-106.3 0.468953
-106.1 0.469766
-105.9 0.470583
-105.7 0.471412
-105.5 0.472221
-105.3 0.473039
-105.1 0.473835
-104.9 0.47464
-104.7 0.475474
-104.5 0.476308
-104.3 0.477104
-104.1 0.477923
-103.9 0.478735
-103.7 0.47954
-103.5 0.480329
-103.3 0.481168
-103.1 0.481997
-102.9 0.48279
-102.7 0.483587
-102.5 0.484419
-102.3 0.485236
-102.1 0.486048
-101.9 0.486845
-101.7 0.487637
-101.5 0.488423
-101.3 0.489216
-101.1 0.490034
-100.9 0.490841
-100.7 0.491659
-100.5 0.492444
-100.3 0.493244
-100.1 0.494047
-99.9 0.494814
-99.7 0.495589
-99.5 0.4964
-99.3 0.497219
-99.1 0.498032
-98.9 0.498825
-98.7 0.499618
-98.5 0.500421
-98.3 0.501241
-98.1 0.50205
-97.9 0.502851
-97.7 0.50367
-97.5 0.504471
-97.3 0.505259
-97.1 0.506092
-96.9 0.506886
-96.7 0.507699
-96.5 0.50852
-96.3 0.509322
-96.1 0.510142
-95.9 0.510947
-95.7 0.511753
-95.5 0.512572
-95.3 0.513365
-95.1 0.514181
-94.9 0.514977
-94.7 0.515798
-94.5 0.516594
-94.3 0.517397
-94.1 0.51821
-93.9 0.519053
-93.7 0.519886
-93.5 0.520713
-93.3 0.521517
-93.1 0.522299
-92.9 0.523092
-92.7 0.523896
-92.5 0.524681
-92.3 0.525466
-92.1 0.526266
-91.9 0.527023
-91.7 0.527803
-91.5 0.528594
-91.3 0.529389
-91.1 0.530187
-90.9 0.530959
-90.7 0.531769
-90.5 0.532565
-90.3 0.533335
-90.1 0.534155
-89.9 0.534956
-89.7 0.535751
-89.5 0.536537
-89.3 0.537342
-89.1 0.538124
-88.9 0.538911
-88.7 0.539722
-88.5 0.540524
-88.3 0.54132
-88.1 0.542135
-87.9 0.542938
-87.7 0.543736
-87.5 0.544556
-87.3 0.54538
-87.1 0.546168
-86.9 0.54696
-86.7 0.547767
-86.5 0.548606
-86.3 0.549425
-86.1 0.550211
-85.9 0.550987
-85.7 0.551783
-85.5 0.552534
-85.3 0.553349
-85.1 0.554161
-84.9 0.554965
-84.7 0.555775
-84.5 0.556594
-84.3 0.55744
-84.1 0.558241
-83.9 0.559074
-83.7 0.559874
-83.5 0.560684
-83.3 0.561495
-83.1 0.56234
-82.9 0.563155
-82.7 0.563952
-82.5 0.56472
-82.3 0.565537
-82.1 0.566356
-81.9 0.567185
-81.7 0.567997
-81.5 0.568809
-81.3 0.569629
-81.1 0.57043
-80.9 0.571251
-80.7 0.572068
-80.5 0.572893
-80.3 0.573751
-80.1 0.574555
-79.9 0.575372
-79.7 0.576194
-79.5 0.576984
-79.3 0.577805
-79.1 0.578619
-78.9 0.579443
-78.7 0.580257
-78.5 0.581048
-78.3 0.581888
-78.1 0.582686
-77.9 0.58351
-77.7 0.584343
-77.5 0.585162
-77.3 0.585991
-77.1 0.586817
-76.9 0.587635
-76.7 0.588467
-76.5 0.589287
-76.3 0.590122
-76.1 0.590941
-75.9 0.591771
-75.7 0.592597
-75.5 0.593423
-75.3 0.59425
-75.1 0.595061
-74.9 0.595894
-74.7 0.596705
-74.5 0.597539
-74.3 0.598359
-74.1 0.599198
-73.9 0.60006
-73.7 0.600933
-73.5 0.601763
-73.3 0.602625
-73.1 0.603438
-72.9 0.604267
-72.7 0.605086
-72.5 0.605895
-72.3 0.606724
-72.1 0.607553
-71.9 0.608352
-71.7 0.609164
-71.5 0.609974
-71.3 0.610825
-71.1 0.611673
-70.9 0.612484
-70.7 0.613269
-70.5 0.614092
-70.3 0.614921
-70.1 0.615767
-69.9 0.616597
-69.7 0.617436
-69.5 0.618248
-69.3 0.619078
-69.1 0.619888
-68.9 0.62073
-68.7 0.621521
-68.5 0.622319
-68.3 0.623158
-68.1 0.623967
-67.9 0.6248
-67.7 0.625638
-67.5 0.626462
-67.3 0.62732
-67.1 0.628129
-66.9 0.628927
-66.7 0.629771
-66.5 0.630576
-66.3 0.631374
-66.1 0.63223
-65.9 0.63306
-65.7 0.633867
-65.5 0.634684
-65.3 0.635527
-65.1 0.636322
-64.9 0.637142
-64.7 0.637961
-64.5 0.638794
-64.3 0.639656
-64.1 0.640517
-63.9 0.641333
-63.7 0.642127
-63.5 0.642948
-63.3 0.643767
-63.1 0.644584
-62.9 0.645401
-62.7 0.646204
-62.5 0.647025
-62.3 0.647856
-62.1 0.648694
-61.9 0.649484
-61.7 0.6503
-61.5 0.651119
-61.3 0.651903
-61.1 0.652733
-60.9 0.653573
-60.7 0.654412
-60.5 0.655203
-60.3 0.656052
-60.1 0.656873
-59.9 0.657717
-59.7 0.658552
-59.5 0.659391
-59.3 0.660218
-59.1 0.661049
-58.9 0.661863
-58.7 0.662706
-58.5 0.663549
-58.3 0.664374
-58.1 0.665201
-57.9 0.666031
-57.7 0.666838
-57.5 0.667674
-57.3 0.66847
-57.1 0.669289
-56.9 0.670133
-56.7 0.670987
-56.5 0.671833
-56.3 0.672654
-56.1 0.673461
-55.9 0.674298
-55.7 0.675122
-55.5 0.675941
-55.3 0.676774
-55.1 0.67761
-54.9 0.678417
-54.7 0.679237
-54.5 0.680058
-54.3 0.680886
-54.1 0.681703
-53.9 0.682505
-53.7 0.683321
-53.5 0.684135
-53.3 0.684941
-53.1 0.685756
-52.9 0.686583
-52.7 0.687383
-52.5 0.688214
-52.3 0.689057
-52.1 0.689865
-51.9 0.690681
-51.7 0.691467
-51.5 0.692303
-51.3 0.693135
-51.1 0.693957
-50.9 0.694787
-50.7 0.695595
-50.5 0.696425
-50.3 0.697253
-50.1 0.698067
-49.9 0.698897
-49.7 0.699703
-49.5 0.700533
-49.3 0.701309
-49.1 0.702108
-48.9 0.702978
-48.7 0.703775
-48.5 0.704597
-48.3 0.705398
-48.1 0.706221
-47.9 0.707019
-47.7 0.707826
-47.5 0.708648
-47.3 0.709434
-47.1 0.710261
-46.9 0.711058
-46.7 0.711863
-46.5 0.712671
-46.3 0.713511
-46.1 0.7143
-45.9 0.715105
-45.7 0.715942
-45.5 0.716757
-45.3 0.717586
-45.1 0.718406
-44.9 0.719269
-44.7 0.720103
-44.5 0.720898
-44.3 0.721714
-44.1 0.722528
-43.9 0.723318
-43.7 0.724136
-43.5 0.724932
-43.3 0.725739
-43.1 0.726584
-42.9 0.72741
-42.7 0.728233
-42.5 0.729068
-42.3 0.729857
-42.1 0.730675
-41.9 0.731486
-41.7 0.7323
-41.5 0.733119
-41.3 0.733921
-41.1 0.734731
-40.9 0.735537
-40.7 0.736343
-40.5 0.73716
-40.3 0.737969
-40.1 0.738785
-39.9 0.739618
-39.7 0.740389
-39.5 0.741226
-39.3 0.742006
-39.1 0.742804
-38.9 0.74357
-38.7 0.744378
-38.5 0.745171
-38.3 0.745964
-38.1 0.746781
-37.9 0.747597
-37.7 0.74843
-37.5 0.749238
-37.3 0.750083
-37.1 0.750913
-36.9 0.751754
-36.7 0.752537
-36.5 0.753354
-36.3 0.754149
-36.1 0.754951
-35.9 0.755746
-35.7 0.756586
-35.5 0.757422
-35.3 0.758223
-35.1 0.759023
-34.9 0.759872
-34.7 0.760703
-34.5 0.761535
-34.3 0.762305
-34.1 0.763114
-33.9 0.763917
-33.7 0.764754
-33.5 0.765566
-33.3 0.766359
-33.1 0.767198
-32.9 0.768012
-32.7 0.768831
-32.5 0.769646
-32.3 0.770466
-32.1 0.771281
-31.9 0.772096
-31.7 0.772913
-31.5 0.7737
-31.3 0.774522
-31.1 0.775309
-30.9 0.776114
-30.7 0.776907
-30.5 0.777708
-30.3 0.778507
-30.1 0.779319
-29.9 0.780119
-29.7 0.780933
-29.5 0.781753
-29.3 0.782575
-29.1 0.783385
-28.9 0.784192
-28.7 0.784993
-28.5 0.785813
-28.3 0.786611
-28.1 0.787419
-27.9 0.788227
-27.7 0.789028
-27.5 0.78984
-27.3 0.790607
-27.1 0.791371
-26.9 0.792158
-26.7 0.792994
-26.5 0.793807
-26.3 0.79463
-26.1 0.795424
-25.9 0.796221
-25.7 0.797038
-25.5 0.797873
-25.3 0.798644
-25.1 0.799434
-24.9 0.800262
-24.7 0.801038
-24.5 0.801849
-24.3 0.80267
-24.1 0.803465
-23.9 0.804257
-23.7 0.805054
-23.5 0.805844
-23.3 0.806676
-23.1 0.807468
-22.9 0.808255
-22.7 0.809055
-22.5 0.80986
-22.3 0.810692
-22.1 0.81149
-21.9 0.8123
-21.7 0.81308
-21.5 0.813882
-21.3 0.814687
-21.1 0.815491
-20.9 0.816284
-20.7 0.817092
-20.5 0.817912
-20.3 0.818736
-20.1 0.81952
-19.9 0.82036
-19.7 0.821166
-19.5 0.821956
-19.3 0.822765
-19.1 0.82358
-18.9 0.824397
-18.7 0.825174
-18.5 0.825997
-18.3 0.826833
-18.1 0.827644
-17.9 0.828443
-17.7 0.829284
-17.5 0.830091
-17.3 0.830896
-17.1 0.831707
-16.9 0.832502
-16.7 0.833307
-16.5 0.834108
-16.3 0.834946
-16.1 0.835743
-15.9 0.836559
-15.7 0.837353
-15.5 0.838164
-15.3 0.839007
-15.1 0.839794
-14.9 0.840615
-14.7 0.84142
-14.5 0.842207
-14.3 0.843011
-14.1 0.84383
-13.9 0.844623
-13.7 0.84541
-13.5 0.84622
-13.3 0.847044
-13.1 0.847866
-12.9 0.84864
-12.7 0.849411
-12.5 0.850205
-12.3 0.851011
-12.1 0.85184
-11.9 0.852643
-11.7 0.853444
-11.5 0.854267
-11.3 0.855086
-11.1 0.855891
-10.9 0.856711
-10.7 0.857511
-10.5 0.858286
-10.3 0.859103
-10.1 0.859899
-9.9 0.860702
-9.7 0.861488
-9.5 0.862287
-9.3 0.863106
-9.1 0.863881
-8.9 0.86469
-8.7 0.865465
-8.5 0.866283
-8.3 0.867105
-8.1 0.867914
-7.9 0.868735
-7.7 0.869552
-7.5 0.870375
-7.3 0.871188
-7.1 0.871983
-6.9 0.87281
-6.7 0.873631
-6.5 0.87447
-6.3 0.875294
-6.1 0.876114
-5.9 0.876917
-5.7 0.877717
-5.5 0.878541
-5.3 0.879341
-5.1 0.880188
-4.9 0.880978
-4.7 0.881781
-4.5 0.882615
-4.3 0.88343
-4.1 0.884257
-3.9 0.885076
-3.7 0.885882
-3.5 0.886691
-3.3 0.887504
-3.1 0.88832
-2.9 0.889126
-2.7 0.889917
-2.5 0.890722
-2.3 0.891561
-2.1 0.892367
-1.9 0.893186
-1.7 0.893998
-1.5 0.894802
-1.3 0.895617
-1.1 0.896427
-0.899999 0.897253
-0.699999 0.89806
-0.499999 0.898866
-0.299999 0.899698
-0.0999994 0.90052
0.100001 0.901304
0.300001 0.902144
0.500001 0.902968
0.700001 0.903787
0.900001 0.904601
1.1 0.905402
1.3 0.906185
1.5 0.907005
1.7 0.907825
1.9 0.90862
2.1 0.909423
2.3 0.91027
2.5 0.911103
2.7 0.911898
2.9 0.912708
3.1 0.913506
3.3 0.914316
3.5 0.915113
3.7 0.915938
3.9 0.916746
4.1 0.917533
4.3 0.918336
4.5 0.919134
4.7 0.919944
4.9 0.920749
5.1 0.921562
5.3 0.922377
5.5 0.923184
5.7 0.924005
5.9 0.924763
6.1 0.925553
6.3 0.926344
6.5 0.927155
6.7 0.927954
6.9 0.928762
7.1 0.929565
7.3 0.930334
7.5 0.931137
7.7 0.931922
7.9 0.932707
8.1 0.933506
8.3 0.934309
8.5 0.93509
8.7 0.935916
8.9 0.936699
9.1 0.93752
9.3 0.938302
9.5 0.93908
9.7 0.939865
9.9 0.940628
10.1 0.941428
10.3 0.942213
10.5 0.942989
10.7 0.94379
10.9 0.944588
11.1 0.945364
11.3 0.946144
11.5 0.946904
11.7 0.947673
11.9 0.948437
12.1 0.949178
12.3 0.949991
12.5 0.950756
12.7 0.951524
12.9 0.952266
13.1 0.953047
13.3 0.953813
13.5 0.95456
13.7 0.955297
13.9 0.95604
14.1 0.956807
14.3 0.957552
14.5 0.958289
14.7 0.959016
14.9 0.959762
15.1 0.960475
15.3 0.96121
15.5 0.961962
15.7 0.962671
15.9 0.963351
16.1 0.964059
16.3 0.964739
16.5 0.965448
16.7 0.966123
16.9 0.966808
17.1 0.967497
17.3 0.968184
17.5 0.96885
17.7 0.969534
17.9 0.970169
18.1 0.970836
18.3 0.971468
18.5 0.972117
18.7 0.972758
18.9 0.973373
19.1 0.97398
19.3 0.974594
19.5 0.975205
19.7 0.975807
19.9 0.976413
20.1 0.976994
20.3 0.977567
20.5 0.97814
20.7 0.978717
20.9 0.979273
21.1 0.979824
21.3 0.980363
21.5 0.980904
21.7 0.981436
21.9 0.981956
22.1 0.982457
22.3 0.982961
22.5 0.983464
22.7 0.983914
22.9 0.984399
23.1 0.984894
23.3 0.985351
23.5 0.985812
23.7 0.986255
23.9 0.986679
24.1 0.987098
24.3 0.987537
24.5 0.987928
24.7 0.98834
24.9 0.988727
25.1 0.989101
25.3 0.989444
25.5 0.989816
25.7 0.990172
25.9 0.99053
26.1 0.990875
26.3 0.991188
26.5 0.991524
26.7 0.991847
26.9 0.992176
27.1 0.992476
27.3 0.992755
27.5 0.993032
27.7 0.993297
27.9 0.993574
28.1 0.993843
28.3 0.99411
28.5 0.994358
28.7 0.994596
28.9 0.994834
29.1 0.995054
29.3 0.995278
29.5 0.995499
29.7 0.995695
29.9 0.995885
30.1 0.996083
30.3 0.996274
30.5 0.996452
30.7 0.996617
30.9 0.996783
31.1 0.996939
31.3 0.99709
31.5 0.997248
31.7 0.997393
31.9 0.997518
32.1 0.997658
32.3 0.997777
32.5 0.997898
32.7 0.998012
32.9 0.998116
33.1 0.998213
33.3 0.998316
33.5 0.998412
33.7 0.998509
33.9 0.998595
34.1 0.998682
34.3 0.998763
34.5 0.998839
34.7 0.998911
34.9 0.998978
35.1 0.999039
35.3 0.999103
35.5 0.999171
35.7 0.999224
35.9 0.99927
36.1 0.999316
36.3 0.999363
36.5 0.999401
36.7 0.999439
36.9 0.999471
37.1 0.999505
37.3 0.999544
37.5 0.999574
37.7 0.999605
37.9 0.99964
38.1 0.999665
38.3 0.99969
38.5 0.999708
38.7 0.999727
38.9 0.999748
39.1 0.999766
39.3 0.999785
39.5 0.999798
39.7 0.999813
39.9 0.999826
40.1 0.999839
40.3 0.999853
40.5 0.99986
40.7 0.999871
40.9 0.999881
41.1 0.999888
41.3 0.999899
41.5 0.999906
41.7 0.999914
41.9 0.99992
42.1 0.999926
42.3 0.99993
42.5 0.999936
42.7 0.999942
42.9 0.999946
43.1 0.99995
43.3 0.999954
43.5 0.999956
43.7 0.999958
43.9 0.999961
44.1 0.999964
44.3 0.999966
44.5 0.999967
44.7 0.999968
44.9 0.999969
45.1 0.999972
45.3 0.999973
45.5 0.999973
45.7 0.999974
45.9 0.999977
46.1 0.999978
46.3 0.999978
46.5 0.99998
46.7 0.999981
46.9 0.999983
47.1 0.999983
47.3 0.999984
47.5 0.999986
47.7 0.999987
47.9 0.999988
48.1 0.999989
48.3 0.99999
48.5 0.999991
48.7 0.999992
48.9 0.999993
49.1 0.999995
49.3 0.999995
49.5 0.999996
49.7 0.999997
49.9 0.999999
50.1 1
