1300
-209.7 3.58413e-07
-209.5 7.16826e-07
-209.3 1.43365e-06
-209.1 1.43365e-06
-208.9 1.43365e-06
-208.7 1.79206e-06
-208.5 1.79206e-06
-208.3 1.79206e-06
-208.1 2.15048e-06
-207.9 2.50889e-06
-207.7 2.8673e-06
-207.5 2.8673e-06
-207.3 3.22572e-06
-207.1 3.22572e-06
-206.9 5.01778e-06
-206.7 5.37619e-06
-206.5 7.16826e-06
-206.3 7.52667e-06
-206.1 7.88508e-06
-205.9 8.60191e-06
-205.7 8.96032e-06
-205.5 8.96032e-06
-205.3 8.96032e-06
-205.1 8.96032e-06
-204.9 9.31874e-06
-204.7 9.67715e-06
-204.5 9.67715e-06
-204.3 1.00356e-05
-204.1 1.0394e-05
-203.9 1.0394e-05
-203.7 1.0394e-05
-203.5 1.0394e-05
-203.3 1.0394e-05
-203.1 1.07524e-05
-202.9 1.07524e-05
-202.7 1.14692e-05
-202.5 1.14692e-05
-202.3 1.14692e-05
-202.1 1.14692e-05
-201.9 1.18276e-05
-201.7 1.18276e-05
-201.5 1.18276e-05
-201.3 1.25445e-05
-201.1 1.25445e-05
-200.9 1.25445e-05
-200.7 1.32613e-05
-200.5 1.32613e-05
-200.3 1.36197e-05
-200.1 1.46949e-05
-199.9 1.50533e-05
-199.7 1.50533e-05
-199.5 1.57702e-05
-199.3 1.57702e-05
-199.1 1.61286e-05
-198.9 1.68454e-05
-198.7 1.68454e-05
-198.5 1.72038e-05
-198.3 1.79206e-05
-198.1 2.258e-05
-197.9 2.79562e-05
-197.7 3.65581e-05
-197.5 5.08946e-05
-197.3 7.95677e-05
-197.1 0.000115409
-196.9 0.00018064
-196.7 0.000253756
-196.5 0.00037705
-196.3 0.000550164
-196.1 0.00078134
-195.9 0.0010928
-195.7 0.00150067
-195.5 0.00204295
-195.3 0.00274329
-195.1 0.00361424
-194.9 0.00468159
-194.7 0.00594356
-194.5 0.0074514
-194.3 0.00912878
-194.1 0.0109441
-193.9 0.0128946
-193.7 0.0150404
-193.5 0.0172357
-193.3 0.0194844
-193.1 0.0217521
-192.9 0.0240879
-192.7 0.0264043
-192.5 0.0286956
-192.3 0.0309586
-192.1 0.0331883
-191.9 0.0354159
-191.7 0.0375714
-191.5 0.039677
-191.3 0.0417135
-191.1 0.0437611
-190.9 0.0457923
-190.7 0.0478033
-190.5 0.0497592
-190.3 0.0517107
-190.1 0.0536322
-189.9 0.0555174
-189.7 0.0574332
-189.5 0.0592808
-189.3 0.0611556
-189.1 0.0629954
-188.9 0.0648082
-188.7 0.0666186
-188.5 0.0683967
-188.3 0.0701683
-188.1 0.071903
-187.9 0.0736764
-187.7 0.0753922
-187.5 0.0771122
-187.3 0.0787913
-187.1 0.0804899
-186.9 0.0821221
-186.7 0.083803
-186.5 0.0854879
-186.3 0.0871227
-186.1 0.0888047
-185.9 0.0904903
-185.7 0.0921268
-185.5 0.0938006
-185.3 0.0953726
-185.1 0.0970321
-184.9 0.0986356
-184.7 0.100258
-184.5 0.10189
-184.3 0.103486
-184.1 0.10508
-183.9 0.106681
-183.7 0.108231
-183.5 0.109803
-183.3 0.111388
-183.1 0.113
-182.9 0.114561
-182.7 0.11608
-182.5 0.117628
-182.3 0.119176
-182.1 0.120727
-181.9 0.122258
-181.7 0.123743
-181.5 0.125231
-181.3 0.12667
-181.1 0.128141
-180.9 0.129626
-180.7 0.131061
-180.5 0.132489
-180.3 0.133908
-180.1 0.135286
-179.9 0.136699
-179.7 0.138082
-179.5 0.139446
-179.3 0.140755
-179.1 0.142115
-178.9 0.143431
-178.7 0.144725
-178.5 0.145987
-178.3 0.147287
-178.1 0.148518
-177.9 0.14979
-177.7 0.150989
-177.5 0.152198
-177.3 0.153385
-177.1 0.154548
-176.9 0.155706
-176.7 0.156825
-176.5 0.15796
-176.3 0.159082
-176.1 0.160197
-175.9 0.16128
-175.7 0.162372
-175.5 0.163405
-175.3 0.164465
-175.1 0.165589
-174.9 0.166636
-174.7 0.167709
-174.5 0.16873
-174.3 0.169756
-174.1 0.170789
-173.9 0.171818
-173.7 0.172836
-173.5 0.173819
-173.3 0.174845
-173.1 0.175856
-172.9 0.176839
-172.7 0.17785
-172.5 0.178831
-172.3 0.179801
-172.1 0.180765
-171.9 0.1817
-171.7 0.182681
-171.5 0.183644
-171.3 0.18461
-171.1 0.185582
-170.9 0.18655
-170.7 0.187512
-170.5 0.188454
-170.3 0.189409
-170.1 0.190352
-169.9 0.191266
-169.7 0.192223
-169.5 0.193167
-169.3 0.194076
-169.1 0.194981
-168.9 0.195917
-168.7 0.196817
-168.5 0.197732
-168.3 0.198657
-168.1 0.199587
-167.9 0.200513
-167.7 0.201422
-167.5 0.202315
-167.3 0.203227
-167.1 0.204146
-166.9 0.205051
-166.7 0.205934
-166.5 0.206831
-166.3 0.207709
-166.1 0.208625
-165.9 0.2095
-165.7 0.210393
-165.5 0.211251
-165.3 0.212133
-165.1 0.213029
-164.9 0.21393
-164.7 0.214836
-164.5 0.215747
-164.3 0.216606
-164.1 0.217461
-163.9 0.218338
-163.7 0.219216
-163.5 0.220112
-163.3 0.221006
-163.1 0.221884
-162.9 0.222754
-162.7 0.223644
-162.5 0.224528
-162.3 0.225422
-162.1 0.22628
-161.9 0.22716
-161.7 0.228065
-161.5 0.228952
-161.3 0.229815
-161.1 0.230705
-160.9 0.231552
-160.7 0.232409
-160.5 0.233294
-160.3 0.234168
-160.1 0.235002
-159.9 0.235867
-159.7 0.236752
-159.5 0.237659
-159.3 0.238535
-159.1 0.239381
-158.9 0.240277
-158.7 0.241157
-158.5 0.242033
-158.3 0.242904
-158.1 0.243763
-157.9 0.244616
-157.7 0.245486
-157.5 0.246352
-157.3 0.2472
-157.1 0.248037
-156.9 0.24888
-156.7 0.249715
-156.5 0.250574
-156.3 0.251449
-156.1 0.252301
-155.9 0.253142
-155.7 0.253979
-155.5 0.254848
-155.3 0.255702
-155.1 0.25653
-154.9 0.257366
-154.7 0.258199
-154.5 0.259005
-154.3 0.259835
-154.1 0.260688
-153.9 0.261478
-153.7 0.26233
-153.5 0.263136
-153.3 0.263947
-153.1 0.264761
-152.9 0.265576
-152.7 0.266392
-152.5 0.267175
-152.3 0.268004
-152.1 0.268808
-151.9 0.269607
-151.7 0.270386
-151.5 0.271193
-151.3 0.271975
-151.1 0.272771
-150.9 0.273549
-150.7 0.27434
-150.5 0.275109
-150.3 0.275892
-150.1 0.276644
-149.9 0.277411
-149.7 0.278198
-149.5 0.278935
-149.3 0.279729
-149.1 0.280523
-148.9 0.281303
-148.7 0.282063
-148.5 0.282849
-148.3 0.283628
-148.1 0.284403
-147.9 0.28516
-147.7 0.285941
-147.5 0.286729
-147.3 0.287523
-147.1 0.288296
-146.9 0.289063
-146.7 0.289842
-146.5 0.290642
-146.3 0.291405
-146.1 0.292175
-145.9 0.292957
-145.7 0.293765
-145.5 0.294538
-145.3 0.295321
-145.1 0.296092
-144.9 0.296895
-144.7 0.297683
-144.5 0.298484
-144.3 0.299289
-144.1 0.300111
-143.9 0.300896
-143.7 0.301714
-143.5 0.302522
-143.3 0.303336
-143.1 0.304163
-142.9 0.304964
-142.7 0.305814
-142.5 0.306659
-142.3 0.307491
-142.1 0.308326
-141.9 0.309159
-141.7 0.309995
-141.5 0.31085
-141.3 0.311683
-141.1 0.312525
-140.9 0.313353
-140.7 0.314204
-140.5 0.315017
-140.3 0.315884
-140.1 0.316735
-139.9 0.317619
-139.7 0.318484
-139.5 0.319316
-139.3 0.320168
-139.1 0.32103
-138.9 0.321904
-138.7 0.322749
-138.5 0.32362
-138.3 0.324507
-138.1 0.325376
-137.9 0.326234
-137.7 0.327109
-137.5 0.327988
-137.3 0.328893
-137.1 0.329786
-136.9 0.330661
-136.7 0.331534
-136.5 0.332442
-136.3 0.333294
-136.1 0.334178
-135.9 0.335094
-135.7 0.335975
-135.5 0.33685
-135.3 0.337691
-135.1 0.338543
-134.9 0.339426
-134.7 0.340291
-134.5 0.341172
-134.3 0.342038
-134.1 0.342957
-133.9 0.343835
-133.7 0.344709
-133.5 0.345586
-133.3 0.346501
-133.1 0.347358
-132.9 0.348243
-132.7 0.349116
-132.5 0.35002
-132.3 0.350897
-132.1 0.351801
-131.9 0.352678
-131.7 0.353528
-131.5 0.354424
-131.3 0.3553
-131.1 0.356193
-130.9 0.357063
-130.7 0.357952
-130.5 0.358826
-130.3 0.359727
-130.1 0.360588
-129.9 0.361476
-129.7 0.362376
-129.5 0.363237
-129.3 0.364118
-129.1 0.365008
-128.9 0.365879
-128.7 0.36677
-128.5 0.367659
-128.3 0.368532
-128.1 0.369391
-127.9 0.370293
-127.7 0.371164
-127.5 0.372073
-127.3 0.372931
-127.1 0.373807
-126.9 0.374709
-126.7 0.3756
-126.5 0.376481
-126.3 0.377344
-126.1 0.37821
-125.9 0.37907
-125.7 0.379955
-125.5 0.380835
-125.3 0.381696
-125.1 0.38255
-124.9 0.383396
-124.7 0.384238
-124.5 0.385113
-124.3 0.385967
-124.1 0.386816
-123.9 0.387643
-123.7 0.388545
-123.5 0.389393
-123.3 0.390235
-123.1 0.391109
-122.9 0.391985
-122.7 0.392853
-122.5 0.393722
-122.3 0.394571
-122.1 0.39542
-121.9 0.396265
-121.7 0.397123
-121.5 0.397981
-121.3 0.398826
-121.1 0.39967
-120.9 0.400533
-120.7 0.401391
-120.5 0.402243
-120.3 0.403118
-120.1 0.403981
-119.9 0.40481
-119.7 0.405662
-119.5 0.406505
-119.3 0.40734
-119.1 0.408204
-118.9 0.409065
-118.7 0.409923
-118.5 0.410751
-118.3 0.411594
-118.1 0.41246
-117.9 0.4133
-117.7 0.414153
-117.5 0.414987
-117.3 0.415851
-117.1 0.416711
-116.9 0.417561
-116.7 0.418451
-116.5 0.419299
-116.3 0.420131
-116.1 0.42099
-115.9 0.421833
-115.7 0.422658
-115.5 0.423538
-115.3 0.424374
-115.1 0.425206
-114.9 0.426071
-114.7 0.426922
-114.5 0.427784
-114.3 0.42865
-114.1 0.429537
-113.9 0.430402
-113.7 0.431284
-113.5 0.432098
-113.3 0.432937
-113.1 0.433784
-112.9 0.434632
-112.7 0.435494
-112.5 0.436348
-112.3 0.437178
-112.1 0.438046
-111.9 0.438893
-111.7 0.439737
-111.5 0.440544
-111.3 0.441382
-111.1 0.442241
-110.9 0.443094
-110.7 0.443964
-110.5 0.444777
-110.3 0.445634
-110.1 0.446474
-109.9 0.447318
-109.7 0.448182
-109.5 0.449015
-109.3 0.44986
-109.1 0.450703
-108.9 0.451556
-108.7 0.452412
-108.5 0.453261
-108.3 0.45411
-108.1 0.454906
-107.9 0.45576
-107.7 0.456576
-107.5 0.457445
-107.3 0.458287
-107.1 0.45911
-106.9 0.459934
-106.7 0.460752
-106.5 0.461606
-106.3 0.462429
-106.1 0.463227
-105.9 0.464077
-105.7 0.464927
-105.5 0.465751
-105.3 0.466604
-105.1 0.46747
-104.9 0.468297
-104.7 0.469157
-104.5 0.469967
-104.3 0.470794
-104.1 0.471608
-103.9 0.472413
-103.7 0.473238
-103.5 0.474061
-103.3 0.474904
-103.1 0.475715
-102.9 0.476538
-102.7 0.477358
-102.5 0.478194
-102.3 0.479023
-102.1 0.479866
-101.9 0.480702
-101.7 0.481513
-101.5 0.482304
-101.3 0.483136
-101.1 0.483936
-100.9 0.48477
-100.7 0.485579
-100.5 0.486407
-100.3 0.487284
-100.1 0.488107
-99.9 0.488904
-99.7 0.48973
-99.5 0.490571
-99.3 0.491395
-99.1 0.492241
-98.9 0.493054
-98.7 0.493866
-98.5 0.494701
-98.3 0.495489
-98.1 0.49633
-97.9 0.497171
-97.7 0.498019
-97.5 0.498875
-97.3 0.499704
-97.1 0.500533
-96.9 0.501369
-96.7 0.502222
-96.5 0.503038
-96.3 0.503826
-96.1 0.504662
-95.9 0.505493
-95.7 0.506294
-95.5 0.507096
-95.3 0.507901
-95.1 0.50874
-94.9 0.509547
-94.7 0.510391
-94.5 0.511208
-94.3 0.511999
-94.1 0.51282
-93.9 0.513655
-93.7 0.514484
-93.5 0.515296
-93.3 0.51613
-93.1 0.516948
-92.9 0.517741
-92.7 0.518544
-92.5 0.51934
-92.3 0.52016
-92.1 0.520985
-91.9 0.521804
-91.7 0.522633
-91.5 0.523457
-91.3 0.524256
-91.1 0.52506
-90.9 0.525878
-90.7 0.526686
-90.5 0.52747
-90.3 0.528261
-90.1 0.529018
-89.9 0.529852
-89.7 0.530666
-89.5 0.531487
-89.3 0.532307
-89.1 0.533112
-88.9 0.5339
-88.7 0.534723
-88.5 0.53555
-88.3 0.536336
-88.1 0.537114
-87.9 0.537929
-87.7 0.538771
-87.5 0.539596
-87.3 0.540399
-87.1 0.541212
-86.9 0.54202
-86.7 0.542815
-86.5 0.543606
-86.3 0.544397
-86.1 0.545188
-85.9 0.545975
-85.7 0.546763
-85.5 0.547559
-85.3 0.548354
-85.1 0.549172
-84.9 0.549968
-84.7 0.550785
-84.5 0.551588
-84.3 0.552401
-84.1 0.55322
-83.9 0.554051
-83.7 0.554841
-83.5 0.555673
-83.3 0.556491
-83.1 0.557326
-82.9 0.558126
-82.7 0.558952
-82.5 0.559757
-82.3 0.560562
-82.1 0.561362
-81.9 0.562181
-81.7 0.562973
-81.5 0.563787
-81.3 0.564589
-81.1 0.565406
-80.9 0.566217
-80.7 0.567033
-80.5 0.567842
-80.3 0.568651
-80.1 0.569451
-79.9 0.570236
-79.7 0.571054
-79.5 0.571868
-79.3 0.572629
-79.1 0.57342
-78.9 0.574246
-78.7 0.575055
-78.5 0.575893
-78.3 0.576709
-78.1 0.577517
-77.9 0.578324
-77.7 0.579123
-77.5 0.579966
-77.3 0.580765
-77.1 0.581568
-76.9 0.582367
-76.7 0.58318
-76.5 0.583991
-76.3 0.584823
-76.1 0.585623
-75.9 0.586416
-75.7 0.587247
-75.5 0.588041
-75.3 0.588865
-75.1 0.589685
-74.9 0.590514
-74.7 0.591336
-74.5 0.592138
-74.3 0.592932
-74.1 0.593745
-73.9 0.594561
-73.7 0.595374
-73.5 0.596184
-73.3 0.597001
-73.1 0.597852
-72.9 0.598669
-72.7 0.599481
-72.5 0.600294
-72.3 0.601126
-72.1 0.60192
-71.9 0.60276
-71.7 0.603623
-71.5 0.604391
-71.3 0.60519
-71.1 0.60603
-70.9 0.606855
-70.7 0.607697
-70.5 0.608508
-70.3 0.609344
-70.1 0.610163
-69.9 0.611003
-69.7 0.611833
-69.5 0.612674
-69.3 0.6135
-69.1 0.614329
-68.9 0.615167
-68.7 0.616016
-68.5 0.616848
-68.3 0.617691
-68.1 0.618534
-67.9 0.619383
-67.7 0.620216
-67.5 0.621086
-67.3 0.621931
-67.1 0.622754
-66.9 0.623611
-66.7 0.624476
-66.5 0.625309
-66.3 0.626126
-66.1 0.626974
-65.9 0.627796
-65.7 0.628638
-65.5 0.629462
-65.3 0.63032
-65.1 0.631167
-64.9 0.632004
-64.7 0.632817
-64.5 0.633665
-64.3 0.63448
-64.1 0.635356
-63.9 0.636211
-63.7 0.637093
-63.5 0.637932
-63.3 0.638765
-63.1 0.639628
-62.9 0.640521
-62.7 0.641378
-62.5 0.642227
-62.3 0.643075
-62.1 0.643924
-61.9 0.644765
-61.7 0.645636
-61.5 0.646497
-61.3 0.647303
-61.1 0.648149
-60.9 0.648973
-60.7 0.649812
-60.5 0.65066
-60.3 0.651504
-60.1 0.652365
-59.9 0.653199
-59.7 0.654047
-59.5 0.654895
-59.3 0.655705
-59.1 0.656542
-58.9 0.657368
-58.7 0.658222
-58.5 0.659026
-58.3 0.659884
-58.1 0.660702
-57.9 0.661535
-57.7 0.662371
-57.5 0.663194
-57.3 0.663994
-57.1 0.664801
-56.9 0.665633
-56.7 0.666442
-56.5 0.667257
-56.3 0.668085
-56.1 0.668935
-55.9 0.669752
-55.7 0.670563
-55.5 0.671386
-55.3 0.672202
-55.1 0.673006
-54.9 0.673848
-54.7 0.674671
-54.5 0.675495
-54.3 0.676345
-54.1 0.677132
-53.9 0.677989
-53.7 0.678827
-53.5 0.679675
-53.3 0.680467
-53.1 0.681302
-52.9 0.682109
-52.7 0.682936
-52.5 0.68375
-52.3 0.684598
-52.1 0.685427
-51.9 0.686244
-51.7 0.68706
-51.5 0.68786
-51.3 0.688667
-51.1 0.689474
-50.9 0.690279
-50.7 0.691086
-50.5 0.691914
-50.3 0.692754
-50.1 0.693586
-49.9 0.69439
-49.7 0.695212
-49.5 0.696038
-49.3 0.696857
-49.1 0.697707
-48.9 0.698502
-48.7 0.69935
-48.5 0.700183
-48.3 0.70102
-48.1 0.701853
-47.9 0.702672
-47.7 0.703499
-47.5 0.704296
-47.3 0.705121
-47.1 0.705937
-46.9 0.706756
-46.7 0.707549
-46.5 0.708373
-46.3 0.709186
-46.1 0.710024
-45.9 0.710858
-45.7 0.711662
-45.5 0.712465
-45.3 0.713274
-45.1 0.714091
-44.9 0.714906
-44.7 0.715734
-44.5 0.716535
-44.3 0.717351
-44.1 0.71815
-43.9 0.718978
-43.7 0.719781
-43.5 0.720593
-43.3 0.721386
-43.1 0.722178
-42.9 0.722965
-42.7 0.723764
-42.5 0.72456
-42.3 0.72537
-42.1 0.726204
-41.9 0.727046
-41.7 0.72783
-41.5 0.728644
-41.3 0.729484
-41.1 0.730256
-40.9 0.731056
-40.7 0.731845
-40.5 0.732638
-40.3 0.733453
-40.1 0.734276
-39.9 0.735091
-39.7 0.735929
-39.5 0.736744
-39.3 0.737545
-39.1 0.738352
-38.9 0.739141
-38.7 0.739961
-38.5 0.740762
-38.3 0.741551
-38.1 0.742346
-37.9 0.743151
-37.7 0.743951
-37.5 0.744755
-37.3 0.745546
-37.1 0.746345
-36.9 0.747163
-36.7 0.748003
-36.5 0.748784
-36.3 0.749585
-36.1 0.75037
-35.9 0.751171
-35.7 0.751945
-35.5 0.752771
-35.3 0.753595
-35.1 0.754399
-34.9 0.755198
-34.7 0.755995
-34.5 0.75681
-34.3 0.757617
-34.1 0.758418
-33.9 0.759231
-33.7 0.760065
-33.5 0.760913
-33.3 0.761731
-33.1 0.76256
-32.9 0.763355
-32.7 0.764169
-32.5 0.764973
-32.3 0.765808
-32.1 0.766605
-31.9 0.767432
-31.7 0.768249
-31.5 0.769064
-31.3 0.769891
-31.1 0.770688
-30.9 0.771537
-30.7 0.772373
-30.5 0.773207
-30.3 0.774013
-30.1 0.774841
-29.9 0.775641
-29.7 0.776451
-29.5 0.777248
-29.3 0.778067
-29.1 0.778923
-28.9 0.779757
-28.7 0.780562
-28.5 0.781348
-28.3 0.782189
-28.1 0.783017
-27.9 0.783812
-27.7 0.784635
-27.5 0.785489
-27.3 0.78633
-27.1 0.787162
-26.9 0.787958
-26.7 0.788764
-26.5 0.789565
-26.3 0.790375
-26.1 0.791194
-25.9 0.792022
-25.7 0.792823
-25.5 0.793619
-25.3 0.794457
-25.1 0.795275
-24.9 0.796074
-24.7 0.796874
-24.5 0.797707
-24.3 0.798537
-24.1 0.799377
-23.9 0.800203
-23.7 0.801005
-23.5 0.801818
-23.3 0.802636
-23.1 0.803457
-22.9 0.804264
-22.7 0.805067
-22.5 0.80584
-22.3 0.806653
-22.1 0.807436
-21.9 0.808265
-21.7 0.809075
-21.5 0.80988
-21.3 0.810702
-21.1 0.811502
-20.9 0.812302
-20.7 0.813094
-20.5 0.81392
-20.3 0.814729
-20.1 0.815554
-19.9 0.816371
-19.7 0.817177
-19.5 0.818015
-19.3 0.818835
-19.1 0.819633
-18.9 0.820425
-18.7 0.82124
-18.5 0.822048
-18.3 0.822861
-18.1 0.823657
-17.9 0.824458
-17.7 0.825283
-17.5 0.826112
-17.3 0.826959
-17.1 0.827811
-16.9 0.828623
-16.7 0.829437
-16.5 0.830261
-16.3 0.831075
-16.1 0.831903
-15.9 0.832705
-15.7 0.833532
-15.5 0.834369
-15.3 0.835179
-15.1 0.835989
-14.9 0.836774
-14.7 0.837564
-14.5 0.838352
-14.3 0.839141
-14.1 0.839964
-13.9 0.840784
-13.7 0.841535
-13.5 0.842376
-13.3 0.84318
-13.1 0.844014
-12.9 0.844824
-12.7 0.845621
-12.5 0.846416
-12.3 0.84723
-12.1 0.848041
-11.9 0.848872
-11.7 0.849666
-11.5 0.850456
-11.3 0.851253
-11.1 0.852056
-10.9 0.85288
-10.7 0.853679
-10.5 0.854502
-10.3 0.855289
-10.1 0.85608
-9.9 0.856881
-9.7 0.857683
-9.5 0.858481
-9.3 0.859272
-9.1 0.860064
-8.9 0.860873
-8.7 0.86167
-8.5 0.86247
-8.3 0.863262
-8.1 0.864091
-7.9 0.864893
-7.7 0.865681
-7.5 0.866474
-7.3 0.867263
-7.1 0.868026
-6.9 0.868791
-6.7 0.869571
-6.5 0.8704
-6.3 0.871193
-6.1 0.871975
-5.9 0.872741
-5.7 0.873556
-5.5 0.874373
-5.3 0.875154
-5.1 0.875941
-4.9 0.87674
-4.7 0.877545
-4.5 0.878336
-4.3 0.879124
-4.1 0.87991
-3.9 0.880721
-3.7 0.881518
-3.5 0.882305
-3.3 0.883093
-3.1 0.883899
-2.9 0.884684
-2.7 0.885458
-2.5 0.886252
-2.3 0.887064
-2.1 0.887841
-1.9 0.888668
-1.7 0.889504
-1.5 0.890288
-1.3 0.891068
-1.1 0.891895
-0.899999 0.892696
-0.699999 0.893511
-0.499999 0.894324
-0.299999 0.895145
-0.0999994 0.895925
0.100001 0.896726
0.300001 0.897542
0.500001 0.898348
0.700001 0.899153
0.900001 0.899957
1.1 0.900725
1.3 0.90154
1.5 0.902345
1.7 0.903127
1.9 0.903939
2.1 0.904736
2.3 0.905523
2.5 0.906315
2.7 0.907137
2.9 0.907942
3.1 0.908737
3.3 0.909532
3.5 0.910365
3.7 0.911197
3.9 0.911983
4.1 0.912772
4.3 0.913588
4.5 0.914386
4.7 0.915174
4.9 0.915968
5.1 0.916769
5.3 0.91759
5.5 0.918418
5.7 0.91928
5.9 0.920084
6.1 0.920902
6.3 0.921668
6.5 0.922476
6.7 0.923285
6.9 0.924076
7.1 0.92489
7.3 0.925706
7.5 0.926557
7.7 0.927373
7.9 0.928186
8.1 0.92901
8.3 0.929823
8.5 0.93062
8.7 0.93144
8.9 0.932257
9.1 0.93305
9.3 0.933879
9.5 0.934696
9.7 0.935497
9.9 0.936338
10.1 0.937137
10.3 0.937961
10.5 0.938771
10.7 0.9396
10.9 0.940398
11.1 0.941181
11.3 0.941973
11.5 0.942785
11.7 0.943611
11.9 0.944411
12.1 0.9452
12.3 0.945981
12.5 0.946771
12.7 0.947578
12.9 0.948351
13.1 0.949137
13.3 0.949927
13.5 0.950691
13.7 0.951457
13.9 0.952218
14.1 0.952992
14.3 0.953718
14.5 0.954498
14.7 0.955289
14.9 0.956076
15.1 0.956825
15.3 0.957561
15.5 0.958271
15.7 0.958987
15.9 0.959731
16.1 0.960469
16.3 0.961213
16.5 0.961941
16.7 0.962658
16.9 0.963351
17.1 0.964065
17.3 0.964782
17.5 0.965483
17.7 0.966162
17.9 0.966849
18.1 0.967516
18.3 0.968217
18.5 0.968904
18.7 0.969578
18.9 0.970245
19.1 0.970912
19.3 0.971548
19.5 0.97218
19.7 0.972782
19.9 0.97339
20.1 0.974009
20.3 0.97462
20.5 0.975233
20.7 0.975823
20.9 0.976396
21.1 0.976979
21.3 0.977535
21.5 0.978101
21.7 0.978646
21.9 0.979184
22.1 0.979735
22.3 0.980242
22.5 0.980748
22.7 0.981288
22.9 0.981826
23.1 0.982333
23.3 0.982823
23.5 0.983302
23.7 0.983784
23.9 0.984251
24.1 0.984704
24.3 0.985158
24.5 0.985598
24.7 0.986043
24.9 0.986469
25.1 0.986878
25.3 0.987276
25.5 0.987675
25.7 0.988075
25.9 0.988466
26.1 0.988864
26.3 0.989244
26.5 0.989591
26.7 0.98993
26.9 0.99027
27.1 0.990603
27.3 0.990932
27.5 0.991247
27.7 0.991571
27.9 0.991874
28.1 0.992182
28.3 0.992477
28.5 0.992769
28.7 0.993042
28.9 0.993326
29.1 0.993572
29.3 0.993818
29.5 0.994068
29.7 0.994313
29.9 0.994561
30.1 0.99479
30.3 0.995013
30.5 0.995201
30.7 0.9954
30.9 0.995594
31.1 0.995791
31.3 0.99599
31.5 0.996182
31.7 0.996358
31.9 0.996538
32.1 0.996697
32.3 0.996851
32.5 0.997009
32.7 0.99716
32.9 0.997296
33.1 0.997438
33.3 0.997565
33.5 0.9977
33.7 0.997822
33.9 0.997939
34.1 0.99804
34.3 0.998141
34.5 0.998238
34.7 0.998336
34.9 0.998432
35.1 0.99851
35.3 0.998586
35.5 0.99867
35.7 0.998747
35.9 0.998809
36.1 0.998881
36.3 0.998945
36.5 0.999009
36.7 0.999066
36.9 0.999121
37.1 0.999176
37.3 0.999224
37.5 0.999263
37.7 0.999306
37.9 0.999348
38.1 0.999388
38.3 0.999422
38.5 0.99946
38.7 0.999492
38.9 0.999521
39.1 0.999546
39.3 0.999571
39.5 0.999604
39.7 0.999625
39.9 0.999651
40.1 0.999674
40.3 0.999694
40.5 0.999714
40.7 0.99973
40.9 0.999746
41.1 0.999759
41.3 0.999774
41.5 0.999791
41.7 0.999805
41.9 0.999816
42.1 0.99983
42.3 0.999843
42.5 0.999851
42.7 0.999859
42.9 0.999866
43.1 0.999874
43.3 0.999883
43.5 0.999889
43.7 0.999895
43.9 0.999903
44.1 0.999908
44.3 0.999917
44.5 0.999923
44.7 0.999927
44.9 0.999933
45.1 0.999935
45.3 0.99994
45.5 0.999943
45.7 0.999947
45.9 0.999951
46.1 0.999954
46.3 0.999957
46.5 0.99996
46.7 0.999966
46.9 0.99997
47.1 0.999973
47.3 0.999976
47.5 0.999978
47.7 0.99998
47.9 0.999981
48.1 0.999983
48.3 0.999986
48.5 0.999987
48.7 0.999989
48.9 0.999991
49.1 0.999992
49.3 0.999994
49.5 0.999996
49.7 0.999997
49.9 0.999997
50.1 1
