1300
-209.7 1.14213e-06
-209.5 2.28426e-06
-209.3 3.04568e-06
-209.1 3.42639e-06
-208.9 4.94923e-06
-208.7 6.09137e-06
-208.5 7.2335e-06
-208.3 7.99492e-06
-208.1 8.75634e-06
-207.9 1.02792e-05
-207.7 1.06599e-05
-207.5 1.14213e-05
-207.3 1.29442e-05
-207.1 1.29442e-05
-206.9 1.40863e-05
-206.7 1.40863e-05
-206.5 1.52284e-05
-206.3 1.63705e-05
-206.1 1.75127e-05
-205.9 1.82741e-05
-205.7 1.90355e-05
-205.5 2.05584e-05
-205.3 2.09391e-05
-205.1 2.17005e-05
-204.9 2.20812e-05
-204.7 2.28426e-05
-204.5 2.39848e-05
-204.3 2.47462e-05
-204.1 2.51269e-05
-203.9 2.58883e-05
-203.7 2.66497e-05
-203.5 2.77919e-05
-203.3 2.81726e-05
-203.1 2.93147e-05
-202.9 2.96954e-05
-202.7 3.04568e-05
-202.5 3.12182e-05
-202.3 3.23604e-05
-202.1 3.27411e-05
-201.9 3.31218e-05
-201.7 3.46446e-05
-201.5 3.54061e-05
-201.3 3.65482e-05
-201.1 3.76903e-05
-200.9 3.92132e-05
-200.7 3.99746e-05
-200.5 4.11167e-05
-200.3 4.37817e-05
-200.1 4.49238e-05
-199.9 4.72081e-05
-199.7 5.48223e-05
-199.5 6.54822e-05
-199.3 8.45177e-05
-199.1 0.000110025
-198.9 0.000150381
-198.7 0.000210533
-198.5 0.000286675
-198.3 0.000382233
-198.1 0.000515862
-197.9 0.000711928
-197.7 0.000937309
-197.5 0.00124188
-197.3 0.00162068
-197.1 0.00209619
-196.9 0.00262043
-196.7 0.00328553
-196.5 0.00403477
-196.3 0.00495076
-196.1 0.00592994
-195.9 0.0070401
-195.7 0.00825037
-195.5 0.00955621
-195.3 0.010934
-195.1 0.0123994
-194.9 0.0139412
-194.7 0.0155646
-194.5 0.0172241
-194.3 0.0188912
-194.1 0.0206238
-193.9 0.0223751
-193.7 0.0241081
-193.5 0.025851
-193.3 0.027579
-193.1 0.0293086
-192.9 0.0310526
-192.7 0.0328161
-192.5 0.034554
-192.3 0.0362364
-192.1 0.0379378
-191.9 0.0395908
-191.7 0.0412667
-191.5 0.0429148
-191.3 0.0445892
-191.1 0.0461531
-190.9 0.047738
-190.7 0.0493027
-190.5 0.050845
-190.3 0.0523842
-190.1 0.0539269
-189.9 0.0554002
-189.7 0.0569196
-189.5 0.058428
-189.3 0.0598888
-189.1 0.0613492
-188.9 0.0628157
-188.7 0.0642548
-188.5 0.0657083
-188.3 0.0671737
-188.1 0.0686333
-187.9 0.0700511
-187.7 0.0714624
-187.5 0.072831
-187.3 0.0742062
-187.1 0.0756258
-186.9 0.077023
-186.7 0.0783924
-186.5 0.0798232
-186.3 0.0811709
-186.1 0.0825186
-185.9 0.0839143
-185.7 0.0852981
-185.5 0.0866078
-185.3 0.0879304
-185.1 0.0892465
-184.9 0.0905314
-184.7 0.0918361
-184.5 0.0930951
-184.3 0.0943457
-184.1 0.0955926
-183.9 0.0968755
-183.7 0.0981658
-183.5 0.0994453
-183.3 0.100659
-183.1 0.101891
-182.9 0.103133
-182.7 0.104326
-182.5 0.105568
-182.3 0.106771
-182.1 0.107936
-181.9 0.109137
-181.7 0.110288
-181.5 0.111448
-181.3 0.112558
-181.1 0.113671
-180.9 0.114814
-180.7 0.115934
-180.5 0.117027
-180.3 0.118115
-180.1 0.119247
-179.9 0.120378
-179.7 0.121506
-179.5 0.122617
-179.3 0.123683
-179.1 0.124747
-178.9 0.125848
-178.7 0.126906
-178.5 0.127982
-178.3 0.129027
-178.1 0.130054
-177.9 0.131054
-177.7 0.132083
-177.5 0.133094
-177.3 0.134098
-177.1 0.135066
-176.9 0.136055
-176.7 0.137065
-176.5 0.138039
-176.3 0.139036
-176.1 0.140015
-175.9 0.141006
-175.7 0.142002
-175.5 0.143011
-175.3 0.143995
-175.1 0.144946
-174.9 0.145886
-174.7 0.146867
-174.5 0.147836
-174.3 0.14883
-174.1 0.149797
-173.9 0.150755
-173.7 0.151706
-173.5 0.152672
-173.3 0.153599
-173.1 0.154552
-172.9 0.155516
-172.7 0.156496
-172.5 0.157405
-172.3 0.15835
-172.1 0.159282
-171.9 0.160224
-171.7 0.161206
-171.5 0.162121
-171.3 0.163036
-171.1 0.163977
-170.9 0.164925
-170.7 0.165886
-170.5 0.166814
-170.3 0.167752
-170.1 0.168683
-169.9 0.169627
-169.7 0.170535
-169.5 0.171448
-169.3 0.172356
-169.1 0.173245
-168.9 0.174169
-168.7 0.175089
-168.5 0.176025
-168.3 0.176932
-168.1 0.177826
-167.9 0.178753
-167.7 0.179651
-167.5 0.180546
-167.3 0.181451
-167.1 0.182382
-166.9 0.183259
-166.7 0.184162
-166.5 0.185062
-166.3 0.185955
-166.1 0.186811
-165.9 0.187725
-165.7 0.188616
-165.5 0.189528
-165.3 0.190424
-165.1 0.191316
-164.9 0.192188
-164.7 0.193067
-164.5 0.193965
-164.3 0.194875
-164.1 0.195765
-163.9 0.196684
-163.7 0.197595
-163.5 0.198473
-163.3 0.199349
-163.1 0.200255
-162.9 0.201178
-162.7 0.202075
-162.5 0.202956
-162.3 0.203838
-162.1 0.204745
-161.9 0.205606
-161.7 0.206468
-161.5 0.207366
-161.3 0.208242
-161.1 0.209115
-160.9 0.210024
-160.7 0.210904
-160.5 0.211796
-160.3 0.21267
-160.1 0.213559
-159.9 0.214419
-159.7 0.215336
-159.5 0.216204
-159.3 0.21709
-159.1 0.217957
-158.9 0.218833
-158.7 0.219729
-158.5 0.220625
-158.3 0.221507
-158.1 0.222397
-157.9 0.223277
-157.7 0.224179
-157.5 0.22505
-157.3 0.225968
-157.1 0.226842
-156.9 0.227707
-156.7 0.228591
-156.5 0.229475
-156.3 0.230362
-156.1 0.231227
-155.9 0.232081
-155.7 0.232962
-155.5 0.233864
-155.3 0.234742
-155.1 0.235579
-154.9 0.23644
-154.7 0.237318
-154.5 0.238199
-154.3 0.23908
-154.1 0.23995
-153.9 0.240822
-153.7 0.241657
-153.5 0.242513
-153.3 0.243389
-153.1 0.244241
-152.9 0.245109
-152.7 0.245972
-152.5 0.246851
-152.3 0.247718
-152.1 0.248583
-151.9 0.249408
-151.7 0.250267
-151.5 0.251129
-151.3 0.25198
-151.1 0.252884
-150.9 0.253724
-150.7 0.254566
-150.5 0.255407
-150.3 0.256294
-150.1 0.257163
-149.9 0.257996
-149.7 0.258868
-149.5 0.259719
-149.3 0.260585
-149.1 0.261455
-148.9 0.262313
-148.7 0.263173
-148.5 0.264025
-148.3 0.264909
-148.1 0.265745
-147.9 0.266614
-147.7 0.267491
-147.5 0.268353
-147.3 0.269177
-147.1 0.270067
-146.9 0.270896
-146.7 0.271768
-146.5 0.272621
-146.3 0.273494
-146.1 0.274346
-145.9 0.275161
-145.7 0.276006
-145.5 0.276868
-145.3 0.277691
-145.1 0.278547
-144.9 0.279376
-144.7 0.280244
-144.5 0.281098
-144.3 0.28193
-144.1 0.28277
-143.9 0.283604
-143.7 0.284457
-143.5 0.285294
-143.3 0.286138
-143.1 0.287004
-142.9 0.287848
-142.7 0.288652
-142.5 0.289489
-142.3 0.290345
-142.1 0.291179
-141.9 0.292026
-141.7 0.292871
-141.5 0.293739
-141.3 0.294562
-141.1 0.295391
-140.9 0.296209
-140.7 0.297064
-140.5 0.297906
-140.3 0.298746
-140.1 0.299549
-139.9 0.300378
-139.7 0.301206
-139.5 0.302054
-139.3 0.302881
-139.1 0.303747
-138.9 0.304565
-138.7 0.305424
-138.5 0.306269
-138.3 0.30711
-138.1 0.307938
-137.9 0.308798
-137.7 0.309623
-137.5 0.310478
-137.3 0.311355
-137.1 0.312253
-136.9 0.313127
-136.7 0.313997
-136.5 0.314842
-136.3 0.315707
-136.1 0.316575
-135.9 0.317481
-135.7 0.318353
-135.5 0.319221
-135.3 0.320102
-135.1 0.32099
-134.9 0.321859
-134.7 0.32274
-134.5 0.323639
-134.3 0.324505
-134.1 0.3254
-133.9 0.326295
-133.7 0.327213
-133.5 0.32809
-133.3 0.328966
-133.1 0.329838
-132.9 0.330739
-132.7 0.33163
-132.5 0.332475
-132.3 0.333354
-132.1 0.334251
-131.9 0.335134
-131.7 0.335986
-131.5 0.336847
-131.3 0.337754
-131.1 0.338635
-130.9 0.339518
-130.7 0.34039
-130.5 0.341268
-130.3 0.342141
-130.1 0.343022
-129.9 0.343896
-129.7 0.344761
-129.5 0.345644
-129.3 0.346524
-129.1 0.347407
-128.9 0.348299
-128.7 0.349187
-128.5 0.350071
-128.3 0.350965
-128.1 0.351849
-127.9 0.352732
-127.7 0.353609
-127.5 0.354522
-127.3 0.355434
-127.1 0.35633
-126.9 0.35725
-126.7 0.358137
-126.5 0.359019
-126.3 0.359897
-126.1 0.360787
-125.9 0.361648
-125.7 0.362528
-125.5 0.363403
-125.3 0.364284
-125.1 0.365143
-124.9 0.366028
-124.7 0.36694
-124.5 0.367825
-124.3 0.368671
-124.1 0.36954
-123.9 0.370399
-123.7 0.371277
-123.5 0.372151
-123.3 0.373034
-123.1 0.373905
-122.9 0.374769
-122.7 0.37563
-122.5 0.376486
-122.3 0.377375
-122.1 0.378264
-121.9 0.379124
-121.7 0.379978
-121.5 0.380838
-121.3 0.381729
-121.1 0.382594
-120.9 0.383455
-120.7 0.384311
-120.5 0.385166
-120.3 0.386024
-120.1 0.3869
-119.9 0.387745
-119.7 0.388625
-119.5 0.389531
-119.3 0.390389
-119.1 0.391243
-118.9 0.392118
-118.7 0.392968
-118.5 0.39382
-118.3 0.394683
-118.1 0.395525
-117.9 0.396351
-117.7 0.397198
-117.5 0.398046
-117.3 0.398866
-117.1 0.399701
-116.9 0.400528
-116.7 0.401377
-116.5 0.40224
-116.3 0.403071
-116.1 0.403905
-115.9 0.404771
-115.7 0.405626
-115.5 0.406489
-115.3 0.407333
-115.1 0.408183
-114.9 0.409052
-114.7 0.409908
-114.5 0.410787
-114.3 0.411627
-114.1 0.412487
-113.9 0.413334
-113.7 0.414187
-113.5 0.41504
-113.3 0.415905
-113.1 0.416727
-112.9 0.417542
-112.7 0.418393
-112.5 0.419255
-112.3 0.420114
-112.1 0.42095
-111.9 0.421792
-111.7 0.422649
-111.5 0.4235
-111.3 0.424374
-111.1 0.425228
-110.9 0.426109
-110.7 0.426986
-110.5 0.427818
-110.3 0.428673
-110.1 0.429491
-109.9 0.430349
-109.7 0.431229
-109.5 0.43208
-109.3 0.432922
-109.1 0.433752
-108.9 0.434614
-108.7 0.435504
-108.5 0.436379
-108.3 0.437207
-108.1 0.438065
-107.9 0.438925
-107.7 0.439788
-107.5 0.440639
-107.3 0.441459
-107.1 0.442306
-106.9 0.443169
-106.7 0.444025
-106.5 0.444869
-106.3 0.445729
-106.1 0.446575
-105.9 0.447432
-105.7 0.448288
-105.5 0.449114
-105.3 0.44997
-105.1 0.450817
-104.9 0.45166
-104.7 0.452527
-104.5 0.453343
-104.3 0.454182
-104.1 0.455033
-103.9 0.45594
-103.7 0.45679
-103.5 0.45764
-103.3 0.458483
-103.1 0.459337
-102.9 0.460191
-102.7 0.461031
-102.5 0.461892
-102.3 0.462727
-102.1 0.463576
-101.9 0.464427
-101.7 0.465262
-101.5 0.466075
-101.3 0.466946
-101.1 0.467773
-100.9 0.468634
-100.7 0.469462
-100.5 0.470306
-100.3 0.471151
-100.1 0.472005
-99.9 0.47287
-99.7 0.47373
-99.5 0.474568
-99.3 0.47543
-99.1 0.476304
-98.9 0.477161
-98.7 0.478018
-98.5 0.478894
-98.3 0.479785
-98.1 0.480619
-97.9 0.481468
-97.7 0.48232
-97.5 0.483145
-97.3 0.484001
-97.1 0.484818
-96.9 0.485681
-96.7 0.486541
-96.5 0.487404
-96.3 0.488243
-96.1 0.489091
-95.9 0.489924
-95.7 0.490755
-95.5 0.491617
-95.3 0.492471
-95.1 0.493343
-94.9 0.49418
-94.7 0.495011
-94.5 0.495864
-94.3 0.496712
-94.1 0.497553
-93.9 0.498373
-93.7 0.499217
-93.5 0.50009
-93.3 0.500941
-93.1 0.501772
-92.9 0.502622
-92.7 0.503446
-92.5 0.504322
-92.3 0.505159
-92.1 0.506014
-91.9 0.50685
-91.7 0.5077
-91.5 0.508551
-91.3 0.5094
-91.1 0.51024
-90.9 0.511029
-90.7 0.511877
-90.5 0.512722
-90.3 0.513574
-90.1 0.514433
-89.9 0.515287
-89.7 0.516108
-89.5 0.516965
-89.3 0.517824
-89.1 0.518693
-88.9 0.519537
-88.7 0.520361
-88.5 0.521245
-88.3 0.52206
-88.1 0.522944
-87.9 0.523779
-87.7 0.524629
-87.5 0.525488
-87.3 0.526342
-87.1 0.527176
-86.9 0.528014
-86.7 0.528898
-86.5 0.52973
-86.3 0.530583
-86.1 0.531471
-85.9 0.53234
-85.7 0.533194
-85.5 0.53403
-85.3 0.534846
-85.1 0.53569
-84.9 0.53652
-84.7 0.537385
-84.5 0.53822
-84.3 0.539042
-84.1 0.539879
-83.9 0.540746
-83.7 0.541594
-83.5 0.542436
-83.3 0.543296
-83.1 0.544171
-82.9 0.544991
-82.7 0.545811
-82.5 0.546684
-82.3 0.547521
-82.1 0.548341
-81.9 0.549181
-81.7 0.550053
-81.5 0.550909
-81.3 0.55177
-81.1 0.552642
-80.9 0.553503
-80.7 0.55436
-80.5 0.555229
-80.3 0.556073
-80.1 0.556923
-79.9 0.557759
-79.7 0.558605
-79.5 0.559424
-79.3 0.560298
-79.1 0.561177
-78.9 0.562022
-78.7 0.562884
-78.5 0.56372
-78.3 0.564569
-78.1 0.565429
-77.9 0.566266
-77.7 0.567099
-77.5 0.567944
-77.3 0.568793
-77.1 0.569656
-76.9 0.570531
-76.7 0.571392
-76.5 0.572234
-76.3 0.573052
-76.1 0.573931
-75.9 0.574767
-75.7 0.575622
-75.5 0.576516
-75.3 0.57735
-75.1 0.578211
-74.9 0.579041
-74.7 0.579873
-74.5 0.580705
-74.3 0.581561
-74.1 0.582394
-73.9 0.583229
-73.7 0.584079
-73.5 0.58493
-73.3 0.585791
-73.1 0.586631
-72.9 0.587479
-72.7 0.588332
-72.5 0.589155
-72.3 0.590008
-72.1 0.590861
-71.9 0.591693
-71.7 0.59254
-71.5 0.593352
-71.3 0.594198
-71.1 0.59509
-70.9 0.595949
-70.7 0.59681
-70.5 0.59766
-70.3 0.598501
-70.1 0.599346
-69.9 0.600219
-69.7 0.601107
-69.5 0.601954
-69.3 0.602801
-69.1 0.603656
-68.9 0.604514
-68.7 0.605371
-68.5 0.606197
-68.3 0.607049
-68.1 0.607881
-67.9 0.608747
-67.7 0.609567
-67.5 0.610459
-67.3 0.611289
-67.1 0.612129
-66.9 0.61301
-66.7 0.613871
-66.5 0.614742
-66.3 0.615602
-66.1 0.616453
-65.9 0.617318
-65.7 0.618165
-65.5 0.619042
-65.3 0.619929
-65.1 0.620803
-64.9 0.621648
-64.7 0.622494
-64.5 0.62336
-64.3 0.62425
-64.1 0.625131
-63.9 0.62598
-63.7 0.626867
-63.5 0.627726
-63.3 0.628563
-63.1 0.629402
-62.9 0.630275
-62.7 0.631127
-62.5 0.631983
-62.3 0.63286
-62.1 0.633709
-61.9 0.634547
-61.7 0.635396
-61.5 0.636217
-61.3 0.637059
-61.1 0.637899
-60.9 0.638784
-60.7 0.639657
-60.5 0.640499
-60.3 0.641398
-60.1 0.642259
-59.9 0.643109
-59.7 0.643956
-59.5 0.644797
-59.3 0.645681
-59.1 0.646527
-58.9 0.647386
-58.7 0.648264
-58.5 0.649104
-58.3 0.649963
-58.1 0.650824
-57.9 0.651673
-57.7 0.652496
-57.5 0.653358
-57.3 0.654243
-57.1 0.655076
-56.9 0.655933
-56.7 0.656744
-56.5 0.657601
-56.3 0.658446
-56.1 0.659272
-55.9 0.660104
-55.7 0.660952
-55.5 0.661807
-55.3 0.662667
-55.1 0.663519
-54.9 0.664381
-54.7 0.665263
-54.5 0.666123
-54.3 0.666968
-54.1 0.667827
-53.9 0.668663
-53.7 0.669491
-53.5 0.670342
-53.3 0.671209
-53.1 0.672055
-52.9 0.672889
-52.7 0.673722
-52.5 0.674605
-52.3 0.675435
-52.1 0.676282
-51.9 0.677137
-51.7 0.678019
-51.5 0.678867
-51.3 0.679721
-51.1 0.680593
-50.9 0.681463
-50.7 0.682319
-50.5 0.683176
-50.3 0.684015
-50.1 0.684861
-49.9 0.685692
-49.7 0.686528
-49.5 0.687374
-49.3 0.688199
-49.1 0.689056
-48.9 0.689902
-48.7 0.690728
-48.5 0.691573
-48.3 0.692415
-48.1 0.693246
-47.9 0.694095
-47.7 0.694947
-47.5 0.695784
-47.3 0.696615
-47.1 0.697465
-46.9 0.698327
-46.7 0.699175
-46.5 0.700036
-46.3 0.700877
-46.1 0.701735
-45.9 0.702578
-45.7 0.703422
-45.5 0.704264
-45.3 0.705141
-45.1 0.705988
-44.9 0.706879
-44.7 0.707732
-44.5 0.708571
-44.3 0.709397
-44.1 0.71027
-43.9 0.711128
-43.7 0.711982
-43.5 0.712847
-43.3 0.713705
-43.1 0.714555
-42.9 0.715435
-42.7 0.716287
-42.5 0.717138
-42.3 0.717966
-42.1 0.718807
-41.9 0.719635
-41.7 0.720506
-41.5 0.72135
-41.3 0.722181
-41.1 0.723004
-40.9 0.723857
-40.7 0.724676
-40.5 0.725529
-40.3 0.72638
-40.1 0.727239
-39.9 0.728096
-39.7 0.728936
-39.5 0.729765
-39.3 0.730635
-39.1 0.73148
-38.9 0.732348
-38.7 0.733191
-38.5 0.734029
-38.3 0.734853
-38.1 0.735714
-37.9 0.736545
-37.7 0.737409
-37.5 0.738259
-37.3 0.739077
-37.1 0.739895
-36.9 0.740742
-36.7 0.741586
-36.5 0.742447
-36.3 0.74328
-36.1 0.744138
-35.9 0.744996
-35.7 0.745845
-35.5 0.746699
-35.3 0.747537
-35.1 0.748362
-34.9 0.749218
-34.7 0.750041
-34.5 0.75088
-34.3 0.751722
-34.1 0.752557
-33.9 0.753393
-33.7 0.754234
-33.5 0.755121
-33.3 0.75596
-33.1 0.756801
-32.9 0.757648
-32.7 0.7585
-32.5 0.759346
-32.3 0.760208
-32.1 0.761058
-31.9 0.761912
-31.7 0.762774
-31.5 0.763647
-31.3 0.764507
-31.1 0.765355
-30.9 0.7662
-30.7 0.767029
-30.5 0.767881
-30.3 0.768753
-30.1 0.769588
-29.9 0.770427
-29.7 0.77128
-29.5 0.772165
-29.3 0.773015
-29.1 0.773862
-28.9 0.774741
-28.7 0.775604
-28.5 0.776444
-28.3 0.777281
-28.1 0.778097
-27.9 0.778925
-27.7 0.779767
-27.5 0.78061
-27.3 0.781444
-27.1 0.782292
-26.9 0.783159
-26.7 0.784013
-26.5 0.784869
-26.3 0.785717
-26.1 0.786591
-25.9 0.787443
-25.7 0.788295
-25.5 0.789164
-25.3 0.790029
-25.1 0.790866
-24.9 0.791732
-24.7 0.792607
-24.5 0.793459
-24.3 0.794324
-24.1 0.79516
-23.9 0.796005
-23.7 0.796866
-23.5 0.797737
-23.3 0.798587
-23.1 0.79945
-22.9 0.800283
-22.7 0.801153
-22.5 0.802014
-22.3 0.8029
-22.1 0.803737
-21.9 0.804561
-21.7 0.805438
-21.5 0.806296
-21.3 0.807163
-21.1 0.807984
-20.9 0.808823
-20.7 0.809649
-20.5 0.810477
-20.3 0.811325
-20.1 0.812131
-19.9 0.81299
-19.7 0.813824
-19.5 0.814664
-19.3 0.815509
-19.1 0.816358
-18.9 0.817191
-18.7 0.818016
-18.5 0.818853
-18.3 0.819721
-18.1 0.820545
-17.9 0.821379
-17.7 0.822225
-17.5 0.823053
-17.3 0.823883
-17.1 0.824733
-16.9 0.825585
-16.7 0.826427
-16.5 0.827239
-16.3 0.828089
-16.1 0.828916
-15.9 0.829788
-15.7 0.83062
-15.5 0.831483
-15.3 0.832305
-15.1 0.833137
-14.9 0.833977
-14.7 0.83483
-14.5 0.835653
-14.3 0.836501
-14.1 0.837373
-13.9 0.838213
-13.7 0.839087
-13.5 0.8399
-13.3 0.840753
-13.1 0.841595
-12.9 0.842448
-12.7 0.843262
-12.5 0.844096
-12.3 0.844948
-12.1 0.845784
-11.9 0.8466
-11.7 0.847413
-11.5 0.848228
-11.3 0.849089
-11.1 0.849946
-10.9 0.850817
-10.7 0.851638
-10.5 0.852463
-10.3 0.853283
-10.1 0.854105
-9.9 0.854926
-9.7 0.855769
-9.5 0.856609
-9.3 0.857449
-9.1 0.858293
-8.9 0.859123
-8.7 0.859988
-8.5 0.860852
-8.3 0.861703
-8.1 0.862552
-7.9 0.863401
-7.7 0.864236
-7.5 0.865071
-7.3 0.865918
-7.1 0.866768
-6.9 0.867618
-6.7 0.868471
-6.5 0.869318
-6.3 0.870193
-6.1 0.87101
-5.9 0.871878
-5.7 0.872713
-5.5 0.873563
-5.3 0.874427
-5.1 0.875263
-4.9 0.876124
-4.7 0.876953
-4.5 0.877778
-4.3 0.878641
-4.1 0.87948
-3.9 0.88032
-3.7 0.88118
-3.5 0.882027
-3.3 0.882861
-3.1 0.883721
-2.9 0.884547
-2.7 0.885395
-2.5 0.886198
-2.3 0.887051
-2.1 0.887874
-1.9 0.888739
-1.7 0.889579
-1.5 0.890399
-1.3 0.891242
-1.1 0.8921
-0.899999 0.892968
-0.699999 0.893813
-0.499999 0.894656
-0.299999 0.89549
-0.0999994 0.896313
0.100001 0.897185
0.300001 0.898043
0.500001 0.898879
0.700001 0.899728
0.900001 0.900579
1.1 0.901414
1.3 0.902241
1.5 0.903064
1.7 0.903919
1.9 0.904759
2.1 0.90559
2.3 0.90644
2.5 0.90729
2.7 0.90815
2.9 0.908973
3.1 0.909811
3.3 0.91066
3.5 0.91154
3.7 0.912369
3.9 0.913196
4.1 0.914049
4.3 0.914913
4.5 0.915734
4.7 0.916603
4.9 0.917444
5.1 0.918287
5.3 0.919091
5.5 0.919941
5.7 0.920777
5.9 0.921638
6.1 0.922487
6.3 0.923328
6.5 0.924182
6.7 0.924997
6.9 0.925826
7.1 0.926684
7.3 0.927551
7.5 0.928385
7.7 0.929231
7.9 0.930069
8.1 0.930924
8.3 0.931779
8.5 0.932633
8.7 0.933492
8.9 0.934309
9.1 0.93516
9.3 0.935996
9.5 0.936839
9.7 0.937672
9.9 0.938504
10.1 0.939351
10.3 0.940193
10.5 0.941035
10.7 0.941892
10.9 0.942734
11.1 0.943532
11.3 0.944382
11.5 0.945183
11.7 0.946041
11.9 0.946862
12.1 0.947692
12.3 0.948541
12.5 0.949348
12.7 0.95015
12.9 0.950973
13.1 0.951785
13.3 0.952579
13.5 0.953369
13.7 0.954183
13.9 0.954967
14.1 0.955772
14.3 0.956577
14.5 0.957363
14.7 0.958157
14.9 0.958916
15.1 0.95967
15.3 0.960438
15.5 0.9612
15.7 0.961969
15.9 0.962737
16.1 0.963471
16.3 0.964197
16.5 0.964942
16.7 0.965637
16.9 0.966375
17.1 0.967109
17.3 0.967801
17.5 0.968516
17.7 0.969202
17.9 0.969893
18.1 0.970567
18.3 0.971255
18.5 0.97194
18.7 0.972585
18.9 0.973205
19.1 0.973833
19.3 0.974457
19.5 0.975076
19.7 0.97571
19.9 0.976319
20.1 0.976947
20.3 0.977558
20.5 0.978132
20.7 0.978726
20.9 0.9793
21.1 0.979833
21.3 0.980382
21.5 0.980937
21.7 0.981473
21.9 0.982011
22.1 0.982542
22.3 0.983017
22.5 0.983533
22.7 0.984026
22.9 0.984504
23.1 0.984971
23.3 0.985416
23.5 0.985872
23.7 0.986321
23.9 0.986752
24.1 0.98715
24.3 0.987578
24.5 0.988003
24.7 0.988397
24.9 0.988803
25.1 0.989195
25.3 0.989599
25.5 0.989966
25.7 0.990319
25.9 0.99067
26.1 0.99101
26.3 0.991352
26.5 0.991672
26.7 0.991971
26.9 0.992283
27.1 0.992595
27.3 0.992882
27.5 0.993175
27.7 0.993467
27.9 0.993738
28.1 0.994003
28.3 0.994263
28.5 0.994504
28.7 0.994742
28.9 0.994964
29.1 0.995187
29.3 0.995405
29.5 0.995614
29.7 0.995807
29.9 0.995984
30.1 0.996179
30.3 0.996357
30.5 0.996537
30.7 0.996711
30.9 0.996863
31.1 0.99702
31.3 0.997183
31.5 0.997312
31.7 0.997453
31.9 0.99759
32.1 0.997726
32.3 0.997843
32.5 0.997958
32.7 0.998069
32.9 0.998172
33.1 0.99827
33.3 0.998359
33.5 0.99846
33.7 0.99854
33.9 0.998637
34.1 0.998724
34.3 0.998813
34.5 0.998875
34.7 0.998928
34.9 0.998996
35.1 0.999055
35.3 0.999116
35.5 0.999164
35.7 0.999221
35.9 0.999267
36.1 0.999317
36.3 0.999365
36.5 0.999407
36.7 0.999449
36.9 0.99948
37.1 0.999518
37.3 0.999546
37.5 0.999575
37.7 0.999605
37.9 0.99963
38.1 0.999653
38.3 0.999674
38.5 0.9997
38.7 0.999721
38.9 0.999746
39.1 0.999761
39.3 0.999776
39.5 0.99979
39.7 0.999805
39.9 0.999817
40.1 0.999831
40.3 0.999843
40.5 0.999855
40.7 0.999864
40.9 0.999873
41.1 0.999879
41.3 0.999887
41.5 0.999895
41.7 0.999901
41.9 0.999907
42.1 0.999913
42.3 0.999917
42.5 0.99992
42.7 0.999925
42.9 0.999927
43.1 0.999931
43.3 0.999933
43.5 0.999935
43.7 0.999941
43.9 0.999944
44.1 0.999946
44.3 0.999948
44.5 0.999952
44.7 0.999954
44.9 0.999955
45.1 0.999958
45.3 0.999959
45.5 0.999962
45.7 0.999965
45.9 0.999966
46.1 0.999969
46.3 0.999971
46.5 0.999974
46.7 0.999976
46.9 0.999979
47.1 0.99998
47.3 0.999981
47.5 0.999982
47.7 0.999985
47.9 0.999987
48.1 0.999989
48.3 0.999991
48.5 0.999992
48.7 0.999992
48.9 0.999992
49.1 0.999994
49.3 0.999996
49.5 0.999997
49.7 0.999999
49.9 0.999999
50.1 1
