1298
-209.5 3.89493e-07
-209.3 7.78986e-07
-209.1 1.16848e-06
-208.9 1.16848e-06
-208.7 1.55797e-06
-208.5 1.55797e-06
-208.3 1.94746e-06
-208.1 2.33696e-06
-207.9 2.72645e-06
-207.7 2.72645e-06
-207.5 2.72645e-06
-207.3 3.11594e-06
-207.1 3.11594e-06
-206.9 3.11594e-06
-206.7 3.11594e-06
-206.5 3.11594e-06
-206.3 3.89493e-06
-206.1 4.28442e-06
-205.9 4.67391e-06
-205.7 4.67391e-06
-205.5 4.67391e-06
-205.3 5.06341e-06
-205.1 5.06341e-06
-204.9 5.06341e-06
-204.7 5.06341e-06
-204.5 5.06341e-06
-204.3 5.4529e-06
-204.1 5.4529e-06
-203.9 5.84239e-06
-203.7 5.84239e-06
-203.5 5.84239e-06
-203.3 5.84239e-06
-203.1 5.84239e-06
-202.9 6.23189e-06
-202.7 6.62138e-06
-202.5 7.40036e-06
-202.3 7.40036e-06
-202.1 7.78986e-06
-201.9 8.17935e-06
-201.7 8.17935e-06
-201.5 8.17935e-06
-201.3 8.17935e-06
-201.1 8.17935e-06
-200.9 8.56884e-06
-200.7 8.56884e-06
-200.5 8.56884e-06
-200.3 8.56884e-06
-200.1 8.56884e-06
-199.9 8.95834e-06
-199.7 8.95834e-06
-199.5 8.95834e-06
-199.3 9.34783e-06
-199.1 9.34783e-06
-198.9 9.34783e-06
-198.7 9.34783e-06
-198.5 1.28533e-05
-198.3 1.67482e-05
-198.1 2.37591e-05
-197.9 3.89493e-05
-197.7 5.6087e-05
-197.5 9.38678e-05
-197.3 0.000143333
-197.1 0.00021539
-196.9 0.000320553
-196.7 0.000454149
-196.5 0.000642274
-196.3 0.000891549
-196.1 0.00123002
-195.9 0.00165028
-195.7 0.00219401
-195.5 0.00285693
-195.3 0.00365812
-195.1 0.00461861
-194.9 0.00573879
-194.7 0.0069357
-194.5 0.00833242
-194.3 0.00981483
-194.1 0.0114164
-193.9 0.0130788
-193.7 0.0148054
-193.5 0.0165811
-193.3 0.0183856
-193.1 0.0202291
-192.9 0.0220963
-192.7 0.0239737
-192.5 0.0258016
-192.3 0.0276236
-192.1 0.0294262
-191.9 0.031212
-191.7 0.0330177
-191.5 0.0347969
-191.3 0.036515
-191.1 0.0382712
-190.9 0.0399635
-190.7 0.0416282
-190.5 0.0432898
-190.3 0.0449019
-190.1 0.046546
-189.9 0.0481542
-189.7 0.0497285
-189.5 0.0512763
-189.3 0.0528729
-189.1 0.054372
-188.9 0.0558876
-188.7 0.0574066
-188.5 0.0588738
-188.3 0.0603383
-188.1 0.0618308
-187.9 0.0633128
-187.7 0.0647629
-187.5 0.0661931
-187.3 0.0676195
-187.1 0.0690388
-186.9 0.0704671
-186.7 0.0718751
-186.5 0.0733166
-186.3 0.0747289
-186.1 0.0761482
-185.9 0.0775383
-185.7 0.0789015
-185.5 0.0802776
-185.3 0.0816217
-185.1 0.0829378
-184.9 0.0842925
-184.7 0.0856327
-184.5 0.0869473
-184.3 0.0882595
-184.1 0.0895853
-183.9 0.0908932
-183.7 0.0922479
-183.5 0.0935075
-183.3 0.0947776
-183.1 0.0960606
-182.9 0.0973167
-182.7 0.0985779
-182.5 0.0998664
-182.3 0.101134
-182.1 0.102381
-181.9 0.103613
-181.7 0.104838
-181.5 0.106071
-181.3 0.107296
-181.1 0.108495
-180.9 0.109661
-180.7 0.110833
-180.5 0.112025
-180.3 0.113166
-180.1 0.114363
-179.9 0.115533
-179.7 0.116678
-179.5 0.117783
-179.3 0.11894
-179.1 0.120081
-178.9 0.121209
-178.7 0.122349
-178.5 0.123454
-178.3 0.124537
-178.1 0.125624
-177.9 0.126703
-177.7 0.127768
-177.5 0.128852
-177.3 0.129905
-177.1 0.130983
-176.9 0.132057
-176.7 0.133086
-176.5 0.134121
-176.3 0.135128
-176.1 0.136145
-175.9 0.137209
-175.7 0.138255
-175.5 0.139286
-175.3 0.140293
-175.1 0.141328
-174.9 0.142329
-174.7 0.143349
-174.5 0.144358
-174.3 0.14536
-174.1 0.146329
-173.9 0.14729
-173.7 0.148302
-173.5 0.149277
-173.3 0.150212
-173.1 0.151151
-172.9 0.152136
-172.7 0.153076
-172.5 0.154067
-172.3 0.155062
-172.1 0.156025
-171.9 0.15698
-171.7 0.157897
-171.5 0.158856
-171.3 0.159804
-171.1 0.160756
-170.9 0.161694
-170.7 0.162653
-170.5 0.1636
-170.3 0.164525
-170.1 0.165486
-169.9 0.166422
-169.7 0.167339
-169.5 0.168298
-169.3 0.169244
-169.1 0.170189
-168.9 0.171114
-168.7 0.172026
-168.5 0.17296
-168.3 0.173916
-168.1 0.174862
-167.9 0.175814
-167.7 0.176762
-167.5 0.1777
-167.3 0.178586
-167.1 0.179508
-166.9 0.180417
-166.7 0.181361
-166.5 0.182271
-166.3 0.183165
-166.1 0.184093
-165.9 0.18501
-165.7 0.185917
-165.5 0.186832
-165.3 0.187733
-165.1 0.188644
-164.9 0.189577
-164.7 0.190473
-164.5 0.191378
-164.3 0.192278
-164.1 0.193156
-163.9 0.194052
-163.7 0.194937
-163.5 0.19581
-163.3 0.196706
-163.1 0.197625
-162.9 0.198529
-162.7 0.199422
-162.5 0.200349
-162.3 0.201282
-162.1 0.20218
-161.9 0.203077
-161.7 0.203987
-161.5 0.204883
-161.3 0.20575
-161.1 0.206641
-160.9 0.207548
-160.7 0.20845
-160.5 0.209356
-160.3 0.210297
-160.1 0.211187
-159.9 0.212067
-159.7 0.212944
-159.5 0.213824
-159.3 0.214702
-159.1 0.215587
-158.9 0.216461
-158.7 0.217393
-158.5 0.218278
-158.3 0.219159
-158.1 0.220008
-157.9 0.220909
-157.7 0.221794
-157.5 0.222684
-157.3 0.223551
-157.1 0.224413
-156.9 0.225338
-156.7 0.226226
-156.5 0.227088
-156.3 0.228011
-156.1 0.228887
-155.9 0.229741
-155.7 0.230646
-155.5 0.231546
-155.3 0.232439
-155.1 0.233295
-154.9 0.234179
-154.7 0.235054
-154.5 0.235918
-154.3 0.236763
-154.1 0.237639
-153.9 0.238509
-153.7 0.239382
-153.5 0.240272
-153.3 0.24116
-153.1 0.242022
-152.9 0.242869
-152.7 0.243713
-152.5 0.244595
-152.3 0.245487
-152.1 0.246371
-151.9 0.247256
-151.7 0.248143
-151.5 0.249039
-151.3 0.249905
-151.1 0.250754
-150.9 0.251649
-150.7 0.252526
-150.5 0.25338
-150.3 0.254268
-150.1 0.255128
-149.9 0.256016
-149.7 0.256913
-149.5 0.257773
-149.3 0.258624
-149.1 0.259519
-148.9 0.260407
-148.7 0.261277
-148.5 0.262156
-148.3 0.263023
-148.1 0.26387
-147.9 0.264736
-147.7 0.265605
-147.5 0.266469
-147.3 0.267315
-147.1 0.26821
-146.9 0.269053
-146.7 0.269909
-146.5 0.270789
-146.3 0.271652
-146.1 0.272553
-145.9 0.27343
-145.7 0.274327
-145.5 0.275199
-145.3 0.276063
-145.1 0.276925
-144.9 0.277786
-144.7 0.278646
-144.5 0.279474
-144.3 0.280327
-144.1 0.28119
-143.9 0.282043
-143.7 0.282894
-143.5 0.283709
-143.3 0.284592
-143.1 0.285462
-142.9 0.286328
-142.7 0.287154
-142.5 0.287999
-142.3 0.28885
-142.1 0.289708
-141.9 0.290509
-141.7 0.291366
-141.5 0.292214
-141.3 0.293068
-141.1 0.293921
-140.9 0.29475
-140.7 0.295611
-140.5 0.296476
-140.3 0.297303
-140.1 0.298172
-139.9 0.298995
-139.7 0.299887
-139.5 0.300719
-139.3 0.301573
-139.1 0.302412
-138.9 0.303256
-138.7 0.304111
-138.5 0.304943
-138.3 0.305796
-138.1 0.306626
-137.9 0.30747
-137.7 0.308294
-137.5 0.309145
-137.3 0.309965
-137.1 0.310827
-136.9 0.311701
-136.7 0.312535
-136.5 0.313395
-136.3 0.314283
-136.1 0.315124
-135.9 0.315989
-135.7 0.316865
-135.5 0.317783
-135.3 0.318672
-135.1 0.319559
-134.9 0.320432
-134.7 0.321322
-134.5 0.322221
-134.3 0.323119
-134.1 0.324012
-133.9 0.324907
-133.7 0.325797
-133.5 0.326665
-133.3 0.32756
-133.1 0.32845
-132.9 0.329337
-132.7 0.330237
-132.5 0.331098
-132.3 0.331983
-132.1 0.332847
-131.9 0.333737
-131.7 0.334609
-131.5 0.335536
-131.3 0.336407
-131.1 0.337277
-130.9 0.338179
-130.7 0.339066
-130.5 0.339919
-130.3 0.340795
-130.1 0.341679
-129.9 0.342554
-129.7 0.343451
-129.5 0.344345
-129.3 0.345206
-129.1 0.346084
-128.9 0.346998
-128.7 0.347892
-128.5 0.348823
-128.3 0.349717
-128.1 0.350618
-127.9 0.351513
-127.7 0.352422
-127.5 0.353349
-127.3 0.354226
-127.1 0.355131
-126.9 0.356038
-126.7 0.356938
-126.5 0.357812
-126.3 0.35868
-126.1 0.359592
-125.9 0.360497
-125.7 0.361399
-125.5 0.362279
-125.3 0.363158
-125.1 0.36404
-124.9 0.364888
-124.7 0.365741
-124.5 0.366616
-124.3 0.367511
-124.1 0.368385
-123.9 0.369265
-123.7 0.370139
-123.5 0.371011
-123.3 0.371888
-123.1 0.372745
-122.9 0.373593
-122.7 0.374473
-122.5 0.375357
-122.3 0.376211
-122.1 0.377093
-121.9 0.377992
-121.7 0.378849
-121.5 0.379715
-121.3 0.380615
-121.1 0.381499
-120.9 0.382377
-120.7 0.383251
-120.5 0.38414
-120.3 0.385014
-120.1 0.385858
-119.9 0.386763
-119.7 0.387639
-119.5 0.388546
-119.3 0.389445
-119.1 0.39033
-118.9 0.391191
-118.7 0.392059
-118.5 0.392917
-118.3 0.393805
-118.1 0.394672
-117.9 0.39552
-117.7 0.396361
-117.5 0.397255
-117.3 0.398128
-117.1 0.399003
-116.9 0.399873
-116.7 0.400752
-116.5 0.401642
-116.3 0.402509
-116.1 0.403373
-115.9 0.404246
-115.7 0.405093
-115.5 0.405972
-115.3 0.406804
-115.1 0.407671
-114.9 0.408565
-114.7 0.409418
-114.5 0.410277
-114.3 0.411144
-114.1 0.412003
-113.9 0.412875
-113.7 0.413705
-113.5 0.414567
-113.3 0.4154
-113.1 0.416271
-112.9 0.417144
-112.7 0.418061
-112.5 0.418936
-112.3 0.419791
-112.1 0.420649
-111.9 0.421496
-111.7 0.422341
-111.5 0.423189
-111.3 0.424046
-111.1 0.424921
-110.9 0.425809
-110.7 0.42664
-110.5 0.427499
-110.3 0.428361
-110.1 0.42922
-109.9 0.430096
-109.7 0.430988
-109.5 0.431835
-109.3 0.432679
-109.1 0.433551
-108.9 0.43442
-108.7 0.435303
-108.5 0.436163
-108.3 0.436986
-108.1 0.43783
-107.9 0.438702
-107.7 0.439575
-107.5 0.4404
-107.3 0.441269
-107.1 0.442095
-106.9 0.442957
-106.7 0.443787
-106.5 0.444656
-106.3 0.445556
-106.1 0.446418
-105.9 0.447278
-105.7 0.448136
-105.5 0.448976
-105.3 0.449842
-105.1 0.450713
-104.9 0.451587
-104.7 0.452455
-104.5 0.453328
-104.3 0.454191
-104.1 0.455046
-103.9 0.455912
-103.7 0.456765
-103.5 0.457601
-103.3 0.458454
-103.1 0.459342
-102.9 0.460178
-102.7 0.461008
-102.5 0.461827
-102.3 0.462709
-102.1 0.463541
-101.9 0.464402
-101.7 0.465233
-101.5 0.466064
-101.3 0.466888
-101.1 0.467777
-100.9 0.468631
-100.7 0.46948
-100.5 0.470287
-100.3 0.471121
-100.1 0.471968
-99.9 0.472792
-99.7 0.473651
-99.5 0.474526
-99.3 0.475369
-99.1 0.47622
-98.9 0.477091
-98.7 0.477897
-98.5 0.47874
-98.3 0.479576
-98.1 0.480446
-97.9 0.481309
-97.7 0.482143
-97.5 0.482996
-97.3 0.483853
-97.1 0.484715
-96.9 0.485594
-96.7 0.486441
-96.5 0.487298
-96.3 0.488185
-96.1 0.489055
-95.9 0.489912
-95.7 0.490754
-95.5 0.491641
-95.3 0.492499
-95.1 0.493378
-94.9 0.494249
-94.7 0.495101
-94.5 0.495979
-94.3 0.496818
-94.1 0.497685
-93.9 0.498551
-93.7 0.499425
-93.5 0.500275
-93.3 0.501141
-93.1 0.502048
-92.9 0.502925
-92.7 0.503807
-92.5 0.504703
-92.3 0.505549
-92.1 0.506408
-91.9 0.507251
-91.7 0.5081
-91.5 0.508948
-91.3 0.509792
-91.1 0.510645
-90.9 0.511519
-90.7 0.512383
-90.5 0.513259
-90.3 0.51412
-90.1 0.514957
-89.9 0.51581
-89.7 0.51667
-89.5 0.517519
-89.3 0.518382
-89.1 0.519238
-88.9 0.520071
-88.7 0.520921
-88.5 0.521812
-88.3 0.522713
-88.1 0.523552
-87.9 0.524453
-87.7 0.525337
-87.5 0.526196
-87.3 0.527062
-87.1 0.527909
-86.9 0.528763
-86.7 0.529591
-86.5 0.530462
-86.3 0.531321
-86.1 0.532195
-85.9 0.533087
-85.7 0.533929
-85.5 0.534809
-85.3 0.53565
-85.1 0.536519
-84.9 0.537365
-84.7 0.538212
-84.5 0.53908
-84.3 0.539966
-84.1 0.540821
-83.9 0.541678
-83.7 0.542524
-83.5 0.543364
-83.3 0.544222
-83.1 0.545084
-82.9 0.545896
-82.7 0.546744
-82.5 0.547583
-82.3 0.548445
-82.1 0.549318
-81.9 0.550171
-81.7 0.551026
-81.5 0.551871
-81.3 0.552728
-81.1 0.553578
-80.9 0.55444
-80.7 0.555289
-80.5 0.556129
-80.3 0.556995
-80.1 0.557863
-79.9 0.558715
-79.7 0.559525
-79.5 0.560379
-79.3 0.561234
-79.1 0.562096
-78.9 0.562947
-78.7 0.563772
-78.5 0.564629
-78.3 0.56552
-78.1 0.566361
-77.9 0.567213
-77.7 0.568031
-77.5 0.568882
-77.3 0.569748
-77.1 0.570562
-76.9 0.571402
-76.7 0.572267
-76.5 0.573117
-76.3 0.57401
-76.1 0.574852
-75.9 0.5757
-75.7 0.576565
-75.5 0.577406
-75.3 0.578279
-75.1 0.579131
-74.9 0.579991
-74.7 0.58083
-74.5 0.581686
-74.3 0.582546
-74.1 0.583394
-73.9 0.584235
-73.7 0.58506
-73.5 0.585905
-73.3 0.586773
-73.1 0.587625
-72.9 0.588468
-72.7 0.589357
-72.5 0.590223
-72.3 0.591081
-72.1 0.591952
-71.9 0.592783
-71.7 0.59366
-71.5 0.594529
-71.3 0.595447
-71.1 0.596305
-70.9 0.597175
-70.7 0.598013
-70.5 0.598905
-70.3 0.599754
-70.1 0.600647
-69.9 0.60151
-69.7 0.602385
-69.5 0.603249
-69.3 0.604108
-69.1 0.604987
-68.9 0.605837
-68.7 0.606726
-68.5 0.607583
-68.3 0.60846
-68.1 0.609316
-67.9 0.610193
-67.7 0.611073
-67.5 0.611897
-67.3 0.612793
-67.1 0.613646
-66.9 0.614506
-66.7 0.615358
-66.5 0.616231
-66.3 0.617082
-66.1 0.617965
-65.9 0.618816
-65.7 0.619656
-65.5 0.620507
-65.3 0.621349
-65.1 0.62221
-64.9 0.623089
-64.7 0.623947
-64.5 0.62481
-64.3 0.625671
-64.1 0.626528
-63.9 0.627371
-63.7 0.628237
-63.5 0.629139
-63.3 0.629983
-63.1 0.630862
-62.9 0.631692
-62.7 0.63256
-62.5 0.633437
-62.3 0.634312
-62.1 0.635184
-61.9 0.636026
-61.7 0.636871
-61.5 0.637715
-61.3 0.638578
-61.1 0.639478
-60.9 0.640319
-60.7 0.641179
-60.5 0.642051
-60.3 0.642898
-60.1 0.643744
-59.9 0.644599
-59.7 0.645444
-59.5 0.646329
-59.3 0.647142
-59.1 0.647976
-58.9 0.648851
-58.7 0.649713
-58.5 0.650587
-58.3 0.651486
-58.1 0.652356
-57.9 0.653207
-57.7 0.654042
-57.5 0.654899
-57.3 0.655786
-57.1 0.656691
-56.9 0.657524
-56.7 0.658373
-56.5 0.65923
-56.3 0.660071
-56.1 0.660966
-55.9 0.661835
-55.7 0.662683
-55.5 0.663572
-55.3 0.664423
-55.1 0.665253
-54.9 0.666141
-54.7 0.66703
-54.5 0.667872
-54.3 0.668716
-54.1 0.669576
-53.9 0.670452
-53.7 0.671295
-53.5 0.672175
-53.3 0.673017
-53.1 0.673866
-52.9 0.674723
-52.7 0.675565
-52.5 0.676402
-52.3 0.677253
-52.1 0.678102
-51.9 0.678947
-51.7 0.679785
-51.5 0.68063
-51.3 0.681487
-51.1 0.682371
-50.9 0.683218
-50.7 0.684084
-50.5 0.684921
-50.3 0.685804
-50.1 0.686687
-49.9 0.687571
-49.7 0.688443
-49.5 0.68933
-49.3 0.690169
-49.1 0.691044
-48.9 0.691893
-48.7 0.692736
-48.5 0.693617
-48.3 0.694458
-48.1 0.695307
-47.9 0.696193
-47.7 0.697063
-47.5 0.697955
-47.3 0.698808
-47.1 0.699664
-46.9 0.700524
-46.7 0.701394
-46.5 0.702262
-46.3 0.703127
-46.1 0.703962
-45.9 0.704817
-45.7 0.70566
-45.5 0.70652
-45.3 0.70734
-45.1 0.708188
-44.9 0.709089
-44.7 0.709952
-44.5 0.710779
-44.3 0.711645
-44.1 0.712474
-43.9 0.713328
-43.7 0.714201
-43.5 0.715029
-43.3 0.71594
-43.1 0.716783
-42.9 0.717621
-42.7 0.71848
-42.5 0.719336
-42.3 0.720155
-42.1 0.720998
-41.9 0.721853
-41.7 0.722725
-41.5 0.72359
-41.3 0.724437
-41.1 0.725295
-40.9 0.726141
-40.7 0.72703
-40.5 0.727898
-40.3 0.72876
-40.1 0.729624
-39.9 0.730457
-39.7 0.731301
-39.5 0.732178
-39.3 0.733044
-39.1 0.733895
-38.9 0.734751
-38.7 0.735621
-38.5 0.73645
-38.3 0.737331
-38.1 0.73816
-37.9 0.739037
-37.7 0.739902
-37.5 0.740759
-37.3 0.741603
-37.1 0.742477
-36.9 0.743306
-36.7 0.744169
-36.5 0.745043
-36.3 0.745911
-36.1 0.7468
-35.9 0.747673
-35.7 0.748504
-35.5 0.749373
-35.3 0.750212
-35.1 0.751054
-34.9 0.751896
-34.7 0.752765
-34.5 0.75365
-34.3 0.754483
-34.1 0.755338
-33.9 0.756214
-33.7 0.757089
-33.5 0.757933
-33.3 0.758791
-33.1 0.759626
-32.9 0.760511
-32.7 0.761359
-32.5 0.762217
-32.3 0.763078
-32.1 0.763956
-31.9 0.764799
-31.7 0.765643
-31.5 0.766516
-31.3 0.767353
-31.1 0.768216
-30.9 0.769069
-30.7 0.769915
-30.5 0.770747
-30.3 0.771557
-30.1 0.772416
-29.9 0.773243
-29.7 0.774096
-29.5 0.774927
-29.3 0.775802
-29.1 0.776673
-28.9 0.777517
-28.7 0.778345
-28.5 0.779231
-28.3 0.780072
-28.1 0.780908
-27.9 0.781745
-27.7 0.782619
-27.5 0.783468
-27.3 0.784316
-27.1 0.785195
-26.9 0.786018
-26.7 0.786872
-26.5 0.787695
-26.3 0.788522
-26.1 0.789372
-25.9 0.790201
-25.7 0.791089
-25.5 0.79192
-25.3 0.792785
-25.1 0.793622
-24.9 0.794497
-24.7 0.795318
-24.5 0.796201
-24.3 0.797024
-24.1 0.797875
-23.9 0.798721
-23.7 0.799566
-23.5 0.800417
-23.3 0.80126
-23.1 0.802096
-22.9 0.802944
-22.7 0.803768
-22.5 0.80462
-22.3 0.805454
-22.1 0.80632
-21.9 0.807127
-21.7 0.807944
-21.5 0.8088
-21.3 0.809643
-21.1 0.810502
-20.9 0.811321
-20.7 0.81213
-20.5 0.812971
-20.3 0.813856
-20.1 0.814654
-19.9 0.815504
-19.7 0.816334
-19.5 0.817163
-19.3 0.818029
-19.1 0.818906
-18.9 0.81975
-18.7 0.820597
-18.5 0.821457
-18.3 0.8223
-18.1 0.823101
-17.9 0.823932
-17.7 0.824764
-17.5 0.825625
-17.3 0.82647
-17.1 0.827316
-16.9 0.828179
-16.7 0.829048
-16.5 0.829903
-16.3 0.83077
-16.1 0.831635
-15.9 0.832482
-15.7 0.833342
-15.5 0.834177
-15.3 0.834993
-15.1 0.835866
-14.9 0.83671
-14.7 0.83752
-14.5 0.838371
-14.3 0.83923
-14.1 0.840089
-13.9 0.84091
-13.7 0.841769
-13.5 0.842627
-13.3 0.843501
-13.1 0.844353
-12.9 0.845187
-12.7 0.846034
-12.5 0.846914
-12.3 0.84776
-12.1 0.848583
-11.9 0.849465
-11.7 0.850294
-11.5 0.851138
-11.3 0.852021
-11.1 0.85291
-10.9 0.853756
-10.7 0.854643
-10.5 0.855491
-10.3 0.856347
-10.1 0.857221
-9.9 0.858092
-9.7 0.858949
-9.5 0.859822
-9.3 0.860676
-9.1 0.861533
-8.9 0.862374
-8.7 0.863201
-8.5 0.864093
-8.3 0.864962
-8.1 0.865807
-7.9 0.866668
-7.7 0.867559
-7.5 0.868437
-7.3 0.869275
-7.1 0.870136
-6.9 0.870999
-6.7 0.871846
-6.5 0.872709
-6.3 0.873523
-6.1 0.874406
-5.9 0.875263
-5.7 0.876112
-5.5 0.87696
-5.3 0.877819
-5.1 0.878659
-4.9 0.879489
-4.7 0.880374
-4.5 0.881206
-4.3 0.882044
-4.1 0.882895
-3.9 0.883724
-3.7 0.884555
-3.5 0.885388
-3.3 0.886217
-3.1 0.887059
-2.9 0.887927
-2.7 0.888778
-2.5 0.889633
-2.3 0.890455
-2.1 0.891286
-1.9 0.892143
-1.7 0.89299
-1.5 0.893818
-1.3 0.894683
-1.1 0.895508
-0.899999 0.896342
-0.699999 0.897212
-0.499999 0.898065
-0.299999 0.898892
-0.0999994 0.899696
0.100001 0.900533
0.300001 0.90138
0.500001 0.9022
0.700001 0.90307
0.900001 0.903908
1.1 0.90476
1.3 0.905618
1.5 0.906465
1.7 0.907306
1.9 0.908137
2.1 0.908952
2.3 0.909775
2.5 0.910611
2.7 0.911466
2.9 0.912305
3.1 0.913154
3.3 0.913973
3.5 0.914821
3.7 0.915672
3.9 0.916532
4.1 0.917396
4.3 0.918233
4.5 0.919102
4.7 0.919955
4.9 0.920822
5.1 0.921694
5.3 0.922555
5.5 0.923395
5.7 0.924212
5.9 0.925076
6.1 0.925919
6.3 0.926785
6.5 0.927623
6.7 0.928492
6.9 0.929333
7.1 0.930185
7.3 0.931016
7.5 0.931864
7.7 0.932714
7.9 0.933519
8.1 0.934371
8.3 0.935206
8.5 0.936031
8.7 0.936871
8.9 0.937734
9.1 0.938569
9.3 0.939414
9.5 0.940274
9.7 0.941132
9.9 0.941973
10.1 0.942835
10.3 0.943644
10.5 0.944479
10.7 0.945302
10.9 0.946129
11.1 0.946932
11.3 0.947751
11.5 0.948575
11.7 0.949387
11.9 0.950203
12.1 0.95101
12.3 0.951834
12.5 0.952627
12.7 0.953397
12.9 0.954186
13.1 0.954981
13.3 0.95577
13.5 0.956556
13.7 0.957313
13.9 0.958067
14.1 0.958818
14.3 0.959541
14.5 0.960267
14.7 0.961023
14.9 0.961765
15.1 0.962484
15.3 0.963215
15.5 0.963943
15.7 0.964645
15.9 0.965356
16.1 0.966036
16.3 0.966711
16.5 0.967421
16.7 0.968107
16.9 0.968795
17.1 0.969464
17.3 0.970135
17.5 0.970769
17.7 0.971439
17.9 0.9721
18.1 0.972763
18.3 0.973416
18.5 0.974052
18.7 0.974681
18.9 0.975266
19.1 0.975856
19.3 0.976457
19.5 0.977027
19.7 0.977589
19.9 0.978157
20.1 0.978726
20.3 0.97928
20.5 0.979818
20.7 0.980386
20.9 0.980913
21.1 0.981415
21.3 0.98189
21.5 0.982415
21.7 0.982917
21.9 0.983392
22.1 0.983869
22.3 0.984315
22.5 0.984779
22.7 0.985218
22.9 0.985647
23.1 0.986079
23.3 0.986505
23.5 0.986906
23.7 0.987329
23.9 0.987746
24.1 0.988135
24.3 0.988513
24.5 0.988903
24.7 0.989254
24.9 0.989614
25.1 0.989958
25.3 0.990311
25.5 0.990637
25.7 0.990984
25.9 0.991315
26.1 0.991649
26.3 0.991952
26.5 0.992241
26.7 0.992536
26.9 0.992805
27.1 0.993076
27.3 0.993349
27.5 0.993613
27.7 0.993864
27.9 0.994109
28.1 0.994367
28.3 0.994617
28.5 0.994846
28.7 0.995073
28.9 0.995289
29.1 0.995483
29.3 0.995687
29.5 0.995882
29.7 0.996077
29.9 0.996275
30.1 0.99645
30.3 0.996616
30.5 0.996771
30.7 0.99692
30.9 0.997073
31.1 0.997237
31.3 0.997374
31.5 0.9975
31.7 0.997619
31.9 0.997747
32.1 0.997864
32.3 0.997981
32.5 0.998089
32.7 0.998199
32.9 0.998304
33.1 0.998393
33.3 0.99848
33.5 0.998566
33.7 0.998653
33.9 0.998746
34.1 0.998829
34.3 0.998901
34.5 0.99897
34.7 0.999041
34.9 0.999105
35.1 0.999173
35.3 0.999235
35.5 0.999287
35.7 0.999333
35.9 0.999374
36.1 0.99942
36.3 0.99946
36.5 0.999495
36.7 0.99953
36.9 0.999562
37.1 0.999593
37.3 0.999621
37.5 0.999648
37.7 0.999678
37.9 0.999702
38.1 0.999727
38.3 0.999751
38.5 0.999766
38.7 0.99978
38.9 0.999794
39.1 0.999808
39.3 0.999822
39.5 0.999834
39.7 0.999843
39.9 0.999857
40.1 0.999869
40.3 0.999879
40.5 0.999888
40.7 0.999897
40.9 0.999908
41.1 0.999915
41.3 0.999922
41.5 0.99993
41.7 0.999935
41.9 0.999939
42.1 0.999943
42.3 0.999949
42.5 0.999952
42.7 0.999955
42.9 0.999958
43.1 0.999962
43.3 0.999966
43.5 0.999967
43.7 0.999968
43.9 0.99997
44.1 0.99997
44.3 0.999972
44.5 0.999973
44.7 0.999974
44.9 0.999976
45.1 0.999977
45.3 0.999977
45.5 0.999978
45.7 0.99998
45.9 0.999982
46.1 0.999984
46.3 0.999984
46.5 0.999984
46.7 0.999986
46.9 0.999987
47.1 0.999988
47.3 0.999989
47.5 0.999989
47.7 0.999989
47.9 0.999991
48.1 0.999991
48.3 0.999991
48.5 0.999992
48.7 0.999993
48.9 0.999995
49.1 0.999997
49.3 0.999998
49.5 0.999998
49.7 0.999999
49.9 1
