offset: -0.000954083
x: -5.26581e-05
a: 0.3797
xx: 4.44881e-09
xa: 9.08003e-05
aa: 0.0384122
xxx: -2.14349e-12
xxa: -6.37262e-08
xaa: 5.96154e-05
aaa: 0
xxxx: 0
xxxa: 0
xxaa: 0
xaaa: 0
aaaa: 0
yy: 1.5888e-07
yyx: 2.25297e-10
yya: -3.65387e-07
