offset: -0.000547261
y: -0.00069089
b: 0
yx: -6.36436e-07
ya: 0.000948809
yxx: -1.49775e-09
yxa: 3.12548e-06
yaa: -0.00373936
yxxx: 5.37192e-13
yxxa: 3.08385e-09
yxaa: -8.79896e-06
yaaa: 0.00364945
bx: -0.00263465
ba: 3.35962
yyy: -1.35742e-09
yyyx: 9.47262e-11
yyya: -2.03939e-07
yyyxx: 1.80791e-13
yyyxa: -2.7306e-10
yyyaa: 2.04223e-07
x: 1.6543e-05
xx: -1.98671e-09
a: -0.0211907
aa: -0.000278319
