#a: -2.84403
xa: 0.123575
xxa: -0.00056916
xxxa: -9.50914e-08
aa: 733.656
xaa: 1.18122
xxaa: 0.000721612
xxxaa: -4.39515e-07
aaa: -422.708
xaaa: -2.7577
xxaaa: 0.00238922
xxxaaa: 2.60649e-05
aaaa: -978.728
xaaaa: 3.31528
xxaaaa: -0.01123
xxxaaaa: 3.80398e-05
