-209.9 0
-209.7 1
-209.5 1
-209.3 2
-209.1 0
-208.9 0
-208.7 1
-208.5 0
-208.3 0
-208.1 1
-207.9 1
-207.7 1
-207.5 0
-207.3 1
-207.1 0
-206.9 5
-206.7 1
-206.5 5
-206.3 1
-206.1 1
-205.9 2
-205.7 1
-205.5 0
-205.3 0
-205.1 0
-204.9 1
-204.7 1
-204.5 0
-204.3 1
-204.1 1
-203.9 0
-203.7 0
-203.5 0
-203.3 0
-203.1 1
-202.9 0
-202.7 2
-202.5 0
-202.3 0
-202.1 0
-201.9 1
-201.7 0
-201.5 0
-201.3 2
-201.1 0
-200.9 0
-200.7 2
-200.5 0
-200.3 1
-200.1 3
-199.9 1
-199.7 0
-199.5 2
-199.3 0
-199.1 1
-198.9 2
-198.7 0
-198.5 1
-198.3 2
-198.1 13
-197.9 15
-197.7 24
-197.5 40
-197.3 80
-197.1 100
-196.9 182
-196.7 204
-196.5 344
-196.3 483
-196.1 645
-195.9 869
-195.7 1138
-195.5 1513
-195.3 1954
-195.1 2430
-194.9 2978
-194.7 3521
-194.5 4207
-194.3 4680
-194.1 5065
-193.9 5442
-193.7 5987
-193.5 6125
-193.3 6274
-193.1 6327
-192.9 6517
-192.7 6463
-192.5 6393
-192.3 6314
-192.1 6221
-191.9 6215
-191.7 6014
-191.5 5875
-191.3 5682
-191.1 5713
-190.9 5667
-190.7 5611
-190.5 5457
-190.3 5445
-190.1 5361
-189.9 5260
-189.7 5345
-189.5 5155
-189.3 5231
-189.1 5133
-188.9 5058
-188.7 5051
-188.5 4961
-188.3 4943
-188.1 4840
-187.9 4948
-187.7 4787
-187.5 4799
-187.3 4685
-187.1 4739
-186.9 4554
-186.7 4690
-186.5 4701
-186.3 4561
-186.1 4693
-185.9 4703
-185.7 4566
-185.5 4670
-185.3 4386
-185.1 4630
-184.9 4474
-184.7 4528
-184.5 4551
-184.3 4453
-184.1 4448
-183.9 4467
-183.7 4324
-183.5 4386
-183.3 4423
-183.1 4499
-182.9 4354
-182.7 4238
-182.5 4320
-182.3 4318
-182.1 4328
-181.9 4270
-181.7 4144
-181.5 4151
-181.3 4016
-181.1 4103
-180.9 4144
-180.7 4005
-180.5 3983
-180.3 3961
-180.1 3844
-179.9 3941
-179.7 3860
-179.5 3805
-179.3 3652
-179.1 3796
-178.9 3671
-178.7 3610
-178.5 3520
-178.3 3629
-178.1 3435
-177.9 3549
-177.7 3344
-177.5 3374
-177.3 3310
-177.1 3245
-176.9 3231
-176.7 3122
-176.5 3169
-176.3 3128
-176.1 3112
-175.9 3021
-175.7 3048
-175.5 2881
-175.3 2957
-175.1 3136
-174.9 2923
-174.7 2994
-174.5 2847
-174.3 2864
-174.1 2881
-173.9 2872
-173.7 2841
-173.5 2742
-173.3 2863
-173.1 2821
-172.9 2741
-172.7 2822
-172.5 2737
-172.3 2705
-172.1 2691
-171.9 2607
-171.7 2738
-171.5 2686
-171.3 2695
-171.1 2712
-170.9 2701
-170.7 2684
-170.5 2630
-170.3 2664
-170.1 2632
-169.9 2549
-169.7 2670
-169.5 2635
-169.3 2534
-169.1 2525
-168.9 2612
-168.7 2511
-168.5 2554
-168.3 2580
-168.1 2594
-167.9 2585
-167.7 2537
-167.5 2492
-167.3 2544
-167.1 2562
-166.9 2527
-166.7 2463
-166.5 2503
-166.3 2450
-166.1 2555
-165.9 2442
-165.7 2491
-165.5 2395
-165.3 2459
-165.1 2500
-164.9 2513
-164.7 2529
-164.5 2542
-164.3 2398
-164.1 2384
-163.9 2447
-163.7 2449
-163.5 2502
-163.3 2492
-163.1 2452
-162.9 2425
-162.7 2484
-162.5 2468
-162.3 2493
-162.1 2393
-161.9 2455
-161.7 2527
-161.5 2475
-161.3 2407
-161.1 2484
-160.9 2363
-160.7 2390
-160.5 2469
-160.3 2438
-160.1 2329
-159.9 2413
-159.7 2468
-159.5 2531
-159.3 2443
-159.1 2363
-158.9 2499
-158.7 2454
-158.5 2445
-158.3 2430
-158.1 2396
-157.9 2382
-157.7 2426
-157.5 2417
-157.3 2365
-157.1 2336
-156.9 2352
-156.7 2328
-156.5 2399
-156.3 2441
-156.1 2376
-155.9 2348
-155.7 2333
-155.5 2427
-155.3 2382
-155.1 2311
-154.9 2330
-154.7 2325
-154.5 2248
-154.3 2318
-154.1 2380
-153.9 2204
-153.7 2377
-153.5 2247
-153.3 2263
-153.1 2272
-152.9 2274
-152.7 2277
-152.5 2183
-152.3 2314
-152.1 2243
-151.9 2229
-151.7 2174
-151.5 2251
-151.3 2183
-151.1 2219
-150.9 2173
-150.7 2205
-150.5 2146
-150.3 2185
-150.1 2098
-149.9 2140
-149.7 2195
-149.5 2058
-149.3 2215
-149.1 2214
-148.9 2176
-148.7 2122
-148.5 2193
-148.3 2172
-148.1 2164
-147.9 2113
-147.7 2179
-147.5 2197
-147.3 2216
-147.1 2155
-146.9 2140
-146.7 2175
-146.5 2231
-146.3 2131
-146.1 2148
-145.9 2181
-145.7 2254
-145.5 2156
-145.3 2186
-145.1 2151
-144.9 2241
-144.7 2198
-144.5 2234
-144.3 2246
-144.1 2294
-143.9 2191
-143.7 2281
-143.5 2254
-143.3 2272
-143.1 2308
-142.9 2233
-142.7 2372
-142.5 2358
-142.3 2322
-142.1 2329
-141.9 2325
-141.7 2332
-141.5 2386
-141.3 2325
-141.1 2348
-140.9 2311
-140.7 2373
-140.5 2270
-140.3 2417
-140.1 2375
-139.9 2468
-139.7 2412
-139.5 2321
-139.3 2377
-139.1 2407
-138.9 2438
-138.7 2356
-138.5 2430
-138.3 2477
-138.1 2423
-137.9 2395
-137.7 2441
-137.5 2452
-137.3 2526
-137.1 2490
-136.9 2443
-136.7 2436
-136.5 2531
-136.3 2379
-136.1 2466
-135.9 2556
-135.7 2458
-135.5 2442
-135.3 2345
-135.1 2378
-134.9 2464
-134.7 2412
-134.5 2458
-134.3 2416
-134.1 2564
-133.9 2451
-133.7 2439
-133.5 2447
-133.3 2551
-133.1 2392
-132.9 2470
-132.7 2436
-132.5 2521
-132.3 2448
-132.1 2520
-131.9 2449
-131.7 2372
-131.5 2498
-131.3 2444
-131.1 2491
-130.9 2430
-130.7 2480
-130.5 2437
-130.3 2513
-130.1 2404
-129.9 2478
-129.7 2510
-129.5 2403
-129.3 2458
-129.1 2483
-128.9 2429
-128.7 2487
-128.5 2481
-128.3 2435
-128.1 2398
-127.9 2515
-127.7 2431
-127.5 2535
-127.3 2395
-127.1 2444
-126.9 2517
-126.7 2485
-126.5 2457
-126.3 2409
-126.1 2417
-125.9 2398
-125.7 2471
-125.5 2454
-125.3 2402
-125.1 2382
-124.9 2362
-124.7 2350
-124.5 2439
-124.3 2385
-124.1 2367
-123.9 2308
-123.7 2518
-123.5 2366
-123.3 2347
-123.1 2440
-122.9 2444
-122.7 2422
-122.5 2425
-122.3 2369
-122.1 2369
-121.9 2357
-121.7 2394
-121.5 2392
-121.3 2360
-121.1 2354
-120.9 2406
-120.7 2394
-120.5 2377
-120.3 2444
-120.1 2406
-119.9 2314
-119.7 2378
-119.5 2352
-119.3 2328
-119.1 2410
-118.9 2403
-118.7 2394
-118.5 2309
-118.3 2354
-118.1 2415
-117.9 2344
-117.7 2379
-117.5 2328
-117.3 2410
-117.1 2401
-116.9 2371
-116.7 2482
-116.5 2366
-116.3 2321
-116.1 2398
-115.9 2351
-115.7 2302
-115.5 2456
-115.3 2333
-115.1 2321
-114.9 2412
-114.7 2377
-114.5 2404
-114.3 2416
-114.1 2474
-113.9 2415
-113.7 2459
-113.5 2272
-113.3 2342
-113.1 2361
-112.9 2368
-112.7 2403
-112.5 2383
-112.3 2317
-112.1 2421
-111.9 2363
-111.7 2356
-111.5 2250
-111.3 2340
-111.1 2396
-110.9 2380
-110.7 2426
-110.5 2269
-110.3 2393
-110.1 2343
-109.9 2354
-109.7 2410
-109.5 2324
-109.3 2359
-109.1 2351
-108.9 2380
-108.7 2390
-108.5 2368
-108.3 2368
-108.1 2221
-107.9 2383
-107.7 2278
-107.5 2423
-107.3 2349
-107.1 2297
-106.9 2298
-106.7 2284
-106.5 2381
-106.3 2297
-106.1 2227
-105.9 2370
-105.7 2373
-105.5 2298
-105.3 2381
-105.1 2416
-104.9 2308
-104.7 2399
-104.5 2259
-104.3 2307
-104.1 2271
-103.9 2248
-103.7 2301
-103.5 2296
-103.3 2351
-103.1 2264
-102.9 2295
-102.7 2289
-102.5 2332
-102.3 2313
-102.1 2352
-101.9 2332
-101.7 2265
-101.5 2206
-101.3 2320
-101.1 2232
-100.9 2329
-100.7 2257
-100.5 2309
-100.3 2446
-100.1 2298
-99.9 2224
-99.7 2305
-99.5 2344
-99.3 2301
-99.1 2359
-98.9 2268
-98.7 2267
-98.5 2330
-98.3 2199
-98.1 2345
-97.9 2346
-97.7 2367
-97.5 2387
-97.3 2314
-97.1 2313
-96.9 2334
-96.7 2379
-96.5 2275
-96.3 2199
-96.1 2334
-95.9 2319
-95.7 2234
-95.5 2238
-95.3 2246
-95.1 2341
-94.9 2251
-94.7 2354
-94.5 2280
-94.3 2206
-94.1 2293
-93.9 2329
-93.7 2313
-93.5 2265
-93.3 2326
-93.1 2283
-92.9 2212
-92.7 2242
-92.5 2221
-92.3 2288
-92.1 2301
-91.9 2285
-91.7 2312
-91.5 2299
-91.3 2230
-91.1 2244
-90.9 2283
-90.7 2252
-90.5 2189
-90.3 2206
-90.1 2113
-89.9 2326
-89.7 2271
-89.5 2291
-89.3 2287
-89.1 2247
-88.9 2199
-88.7 2296
-88.5 2306
-88.3 2195
-88.1 2171
-87.9 2274
-87.7 2349
-87.5 2300
-87.3 2242
-87.1 2269
-86.9 2254
-86.7 2218
-86.5 2206
-86.3 2206
-86.1 2207
-85.9 2198
-85.7 2197
-85.5 2221
-85.3 2219
-85.1 2283
-84.9 2219
-84.7 2281
-84.5 2240
-84.3 2268
-84.1 2284
-83.9 2320
-83.7 2204
-83.5 2320
-83.3 2282
-83.1 2331
-82.9 2233
-82.7 2304
-82.5 2247
-82.3 2245
-82.1 2233
-81.9 2285
-81.7 2209
-81.5 2271
-81.3 2237
-81.1 2280
-80.9 2262
-80.7 2276
-80.5 2258
-80.3 2258
-80.1 2233
-79.9 2188
-79.7 2283
-79.5 2271
-79.3 2124
-79.1 2207
-78.9 2304
-78.7 2256
-78.5 2340
-78.3 2276
-78.1 2255
-77.9 2250
-77.7 2231
-77.5 2351
-77.3 2230
-77.1 2241
-76.9 2229
-76.7 2267
-76.5 2263
-76.3 2323
-76.1 2230
-75.9 2212
-75.7 2320
-75.5 2216
-75.3 2299
-75.1 2286
-74.9 2313
-74.7 2294
-74.5 2238
-74.3 2216
-74.1 2267
-73.9 2277
-73.7 2268
-73.5 2260
-73.3 2280
-73.1 2375
-72.9 2278
-72.7 2266
-72.5 2270
-72.3 2321
-72.1 2216
-71.9 2343
-71.7 2408
-71.5 2142
-71.3 2228
-71.1 2345
-70.9 2303
-70.7 2348
-70.5 2264
-70.3 2330
-70.1 2286
-69.9 2343
-69.7 2318
-69.5 2345
-69.3 2306
-69.1 2313
-68.9 2336
-68.7 2370
-68.5 2322
-68.3 2351
-68.1 2352
-67.9 2370
-67.7 2324
-67.5 2427
-67.3 2356
-67.1 2297
-66.9 2391
-66.7 2414
-66.5 2323
-66.3 2280
-66.1 2366
-65.9 2294
-65.7 2350
-65.5 2297
-65.3 2394
-65.1 2364
-64.9 2335
-64.7 2269
-64.5 2366
-64.3 2275
-64.1 2444
-63.9 2385
-63.7 2459
-63.5 2343
-63.3 2324
-63.1 2407
-62.9 2492
-62.7 2391
-62.5 2369
-62.3 2365
-62.1 2369
-61.9 2346
-61.7 2431
-61.5 2401
-61.3 2251
-61.1 2359
-60.9 2299
-60.7 2340
-60.5 2367
-60.3 2356
-60.1 2401
-59.9 2326
-59.7 2368
-59.5 2366
-59.3 2260
-59.1 2334
-58.9 2305
-58.7 2382
-58.5 2243
-58.3 2396
-58.1 2280
-57.9 2325
-57.7 2334
-57.5 2295
-57.3 2231
-57.1 2254
-56.9 2319
-56.7 2257
-56.5 2275
-56.3 2310
-56.1 2373
-55.9 2279
-55.7 2263
-55.5 2295
-55.3 2278
-55.1 2241
-54.9 2351
-54.7 2296
-54.5 2299
-54.3 2371
-54.1 2195
-53.9 2393
-53.7 2337
-53.5 2366
-53.3 2211
-53.1 2330
-52.9 2250
-52.7 2307
-52.5 2271
-52.3 2366
-52.1 2314
-51.9 2279
-51.7 2278
-51.5 2232
-51.3 2251
-51.1 2250
-50.9 2248
-50.7 2250
-50.5 2311
-50.3 2343
-50.1 2321
-49.9 2243
-49.7 2296
-49.5 2304
-49.3 2284
-49.1 2371
-48.9 2220
-48.7 2364
-48.5 2325
-48.3 2335
-48.1 2325
-47.9 2285
-47.7 2307
-47.5 2224
-47.3 2302
-47.1 2276
-46.9 2286
-46.7 2212
-46.5 2300
-46.3 2267
-46.1 2339
-45.9 2326
-45.7 2243
-45.5 2240
-45.3 2258
-45.1 2279
-44.9 2275
-44.7 2309
-44.5 2235
-44.3 2278
-44.1 2229
-43.9 2310
-43.7 2239
-43.5 2268
-43.3 2212
-43.1 2210
-42.9 2194
-42.7 2231
-42.5 2220
-42.3 2260
-42.1 2327
-41.9 2349
-41.7 2187
-41.5 2272
-41.3 2343
-41.1 2154
-40.9 2231
-40.7 2203
-40.5 2211
-40.3 2275
-40.1 2297
-39.9 2272
-39.7 2339
-39.5 2274
-39.3 2235
-39.1 2253
-38.9 2200
-38.7 2287
-38.5 2237
-38.3 2201
-38.1 2217
-37.9 2246
-37.7 2231
-37.5 2244
-37.3 2208
-37.1 2228
-36.9 2282
-36.7 2344
-36.5 2181
-36.3 2234
-36.1 2191
-35.9 2234
-35.7 2159
-35.5 2306
-35.3 2297
-35.1 2244
-34.9 2230
-34.7 2222
-34.5 2275
-34.3 2251
-34.1 2234
-33.9 2271
-33.7 2326
-33.5 2367
-33.3 2281
-33.1 2314
-32.9 2217
-32.7 2270
-32.5 2245
-32.3 2328
-32.1 2224
-31.9 2308
-31.7 2279
-31.5 2274
-31.3 2308
-31.1 2223
-30.9 2369
-30.7 2334
-30.5 2326
-30.3 2250
-30.1 2308
-29.9 2233
-29.7 2261
-29.5 2223
-29.3 2286
-29.1 2386
-28.9 2329
-28.7 2245
-28.5 2194
-28.3 2345
-28.1 2311
-27.9 2218
-27.7 2295
-27.5 2384
-27.3 2345
-27.1 2323
-26.9 2221
-26.7 2247
-26.5 2236
-26.3 2261
-26.1 2284
-25.9 2309
-25.7 2236
-25.5 2220
-25.3 2340
-25.1 2280
-24.9 2230
-24.7 2233
-24.5 2325
-24.3 2315
-24.1 2342
-23.9 2305
-23.7 2239
-23.5 2269
-23.3 2281
-23.1 2290
-22.9 2252
-22.7 2242
-22.5 2155
-22.3 2270
-22.1 2184
-21.9 2311
-21.7 2260
-21.5 2248
-21.3 2294
-21.1 2231
-20.9 2231
-20.7 2211
-20.5 2303
-20.3 2258
-20.1 2301
-19.9 2281
-19.7 2249
-19.5 2338
-19.3 2288
-19.1 2225
-18.9 2212
-18.7 2273
-18.5 2254
-18.3 2267
-18.1 2221
-17.9 2237
-17.7 2301
-17.5 2312
-17.3 2365
-17.1 2377
-16.9 2265
-16.7 2272
-16.5 2298
-16.3 2271
-16.1 2309
-15.9 2238
-15.7 2308
-15.5 2335
-15.3 2261
-15.1 2260
-14.9 2190
-14.7 2203
-14.5 2199
-14.3 2202
-14.1 2297
-13.9 2286
-13.7 2097
-13.5 2346
-13.3 2244
-13.1 2326
-12.9 2260
-12.7 2223
-12.5 2218
-12.3 2273
-12.1 2262
-11.9 2317
-11.7 2217
-11.5 2204
-11.3 2222
-11.1 2241
-10.9 2300
-10.7 2229
-10.5 2295
-10.3 2197
-10.1 2207
-9.9 2234
-9.7 2238
-9.5 2226
-9.3 2209
-9.1 2209
-8.9 2258
-8.7 2222
-8.5 2233
-8.3 2209
-8.1 2314
-7.9 2237
-7.7 2198
-7.5 2214
-7.3 2201
-7.1 2129
-6.9 2133
-6.7 2177
-6.5 2314
-6.3 2212
-6.1 2181
-5.9 2138
-5.7 2272
-5.5 2282
-5.3 2178
-5.1 2196
-4.9 2228
-4.7 2246
-4.5 2207
-4.3 2199
-4.1 2193
-3.9 2264
-3.7 2222
-3.5 2197
-3.3 2199
-3.1 2249
-2.9 2190
-2.7 2160
-2.5 2214
-2.3 2265
-2.1 2170
-1.9 2306
-1.7 2332
-1.5 2188
-1.3 2177
-1.1 2306
-0.9 2236
-0.7 2274
-0.5 2269
-0.3 2289
-0.1 2178
0.1 2234
0.3 2276
0.5 2249
0.7 2247
0.9 2242
1.1 2143
1.3 2275
1.5 2245
1.7 2182
1.9 2266
2.1 2224
2.3 2196
2.5 2208
2.7 2295
2.9 2245
3.1 2219
3.3 2217
3.5 2325
3.7 2322
3.9 2192
4.1 2202
4.3 2275
4.5 2226
4.7 2199
4.9 2215
5.1 2237
5.3 2289
5.5 2312
5.7 2405
5.9 2242
6.1 2283
6.3 2138
6.5 2254
6.7 2257
6.9 2206
7.1 2270
7.3 2278
7.5 2374
7.7 2276
7.9 2268
8.1 2300
8.3 2268
8.5 2225
8.7 2286
8.9 2281
9.1 2211
9.3 2313
9.5 2280
9.7 2235
9.9 2348
10.1 2228
10.3 2298
10.5 2261
10.7 2312
10.9 2229
11.1 2183
11.3 2211
11.5 2266
11.7 2303
11.9 2231
12.1 2203
12.3 2180
12.5 2203
12.7 2252
12.9 2155
13.1 2195
13.3 2203
13.5 2132
13.7 2138
13.9 2123
14.1 2160
14.3 2024
14.5 2178
14.7 2206
14.9 2196
15.1 2088
15.3 2056
15.5 1980
15.7 1998
15.9 2074
16.1 2061
16.3 2074
16.5 2033
16.7 2000
16.9 1933
17.1 1992
17.3 2001
17.5 1956
17.7 1895
17.9 1917
18.1 1861
18.3 1956
18.5 1916
18.7 1880
18.9 1861
19.1 1860
19.3 1776
19.5 1762
19.7 1681
19.9 1696
20.1 1728
20.3 1704
20.5 1711
20.7 1645
20.9 1598
21.1 1628
21.3 1550
21.5 1581
21.7 1520
21.9 1500
22.1 1537
22.3 1416
22.5 1411
22.7 1508
22.9 1500
23.1 1416
23.3 1366
23.5 1335
23.7 1346
23.9 1303
24.1 1264
24.3 1268
24.5 1226
24.7 1243
24.9 1188
25.1 1141
25.3 1110
25.5 1112
25.7 1116
25.9 1093
26.1 1109
26.3 1062
26.5 966
26.7 948
26.9 948
27.1 928
27.3 918
27.5 879
27.7 905
27.9 846
28.1 859
28.3 823
28.5 814
28.7 763
28.9 792
29.1 686
29.3 686
29.5 698
29.7 682
29.9 694
30.1 639
30.3 620
30.5 526
30.7 556
30.9 540
31.1 550
31.3 555
31.5 536
31.7 491
31.9 503
32.1 443
32.3 430
32.5 441
32.7 419
32.9 381
33.1 397
33.3 353
33.5 378
33.7 338
33.9 327
34.1 283
34.3 282
34.5 271
34.7 271
34.9 269
35.1 218
35.3 212
35.5 234
35.7 216
35.9 173
36.1 199
36.3 180
36.5 179
36.7 157
36.9 154
37.1 153
37.3 135
37.5 108
37.7 122
37.9 116
38.1 112
38.3 94
38.5 107
38.7 89
38.9 81
39.1 69
39.3 71
39.5 90
39.7 59
39.9 73
40.1 64
40.3 55
40.5 56
40.7 45
40.9 44
41.1 38
41.3 42
41.5 47
41.7 38
41.9 32
42.1 40
42.3 35
42.5 21
42.7 23
42.9 20
43.1 22
43.3 25
43.5 18
43.7 17
43.9 20
44.1 15
44.3 26
44.5 17
44.7 9
44.9 18
45.1 7
45.3 13
45.5 7
45.7 13
45.9 9
46.1 9
46.3 10
46.5 8
46.7 15
46.9 13
47.1 8
47.3 7
47.5 8
47.7 3
47.9 5
48.1 5
48.3 7
48.5 4
48.7 6
48.9 5
49.1 4
49.3 3
49.5 6
49.7 4
49.9 1
