-209.9 0
-209.7 0
-209.5 0
-209.3 0
-209.1 0
-208.9 3
-208.7 2
-208.5 0
-208.3 0
-208.1 0
-207.9 1
-207.7 0
-207.5 1
-207.3 1
-207.1 0
-206.9 2
-206.7 2
-206.5 0
-206.3 2
-206.1 3
-205.9 1
-205.7 1
-205.5 0
-205.3 1
-205.1 0
-204.9 0
-204.7 0
-204.5 1
-204.3 1
-204.1 0
-203.9 1
-203.7 0
-203.5 0
-203.3 0
-203.1 0
-202.9 0
-202.7 0
-202.5 2
-202.3 0
-202.1 1
-201.9 2
-201.7 1
-201.5 4
-201.3 3
-201.1 13
-200.9 15
-200.7 13
-200.5 26
-200.3 46
-200.1 54
-199.9 76
-199.7 104
-199.5 136
-199.3 227
-199.1 325
-198.9 358
-198.7 504
-198.5 645
-198.3 800
-198.1 1034
-197.9 1325
-197.7 1605
-197.5 1960
-197.3 2433
-197.1 2958
-196.9 3505
-196.7 4027
-196.5 4624
-196.3 5061
-196.1 5538
-195.9 5834
-195.7 6091
-195.5 6392
-195.3 6574
-195.1 6577
-194.9 6826
-194.7 6581
-194.5 6466
-194.3 6438
-194.1 6492
-193.9 6231
-193.7 6205
-193.5 5960
-193.3 5763
-193.1 5709
-192.9 5725
-192.7 5569
-192.5 5525
-192.3 5542
-192.1 5414
-191.9 5275
-191.7 5103
-191.5 5113
-191.3 5013
-191.1 4882
-190.9 4983
-190.7 4927
-190.5 4862
-190.3 4959
-190.1 4881
-189.9 4823
-189.7 4797
-189.5 4742
-189.3 4734
-189.1 4682
-188.9 4683
-188.7 4701
-188.5 4592
-188.3 4592
-188.1 4596
-187.9 4480
-187.7 4573
-187.5 4588
-187.3 4540
-187.1 4416
-186.9 4485
-186.7 4455
-186.5 4551
-186.3 4494
-186.1 4449
-185.9 4451
-185.7 4410
-185.5 4321
-185.3 4293
-185.1 4328
-184.9 4490
-184.7 4280
-184.5 4221
-184.3 4215
-184.1 4185
-183.9 4217
-183.7 4087
-183.5 4145
-183.3 3951
-183.1 4169
-182.9 4122
-182.7 3856
-182.5 3985
-182.3 3755
-182.1 3861
-181.9 3732
-181.7 3821
-181.5 3691
-181.3 3639
-181.1 3636
-180.9 3560
-180.7 3632
-180.5 3487
-180.3 3430
-180.1 3336
-179.9 3327
-179.7 3312
-179.5 3231
-179.3 3145
-179.1 3272
-178.9 3210
-178.7 3029
-178.5 3184
-178.3 3082
-178.1 3107
-177.9 2954
-177.7 2997
-177.5 2919
-177.3 3051
-177.1 2945
-176.9 2789
-176.7 3003
-176.5 2909
-176.3 2863
-176.1 2910
-175.9 2745
-175.7 2855
-175.5 2782
-175.3 2756
-175.1 2841
-174.9 2814
-174.7 2727
-174.5 2778
-174.3 2553
-174.1 2637
-173.9 2620
-173.7 2723
-173.5 2608
-173.3 2688
-173.1 2648
-172.9 2682
-172.7 2682
-172.5 2576
-172.3 2667
-172.1 2669
-171.9 2592
-171.7 2660
-171.5 2602
-171.3 2582
-171.1 2538
-170.9 2523
-170.7 2502
-170.5 2655
-170.3 2523
-170.1 2586
-169.9 2510
-169.7 2622
-169.5 2522
-169.3 2493
-169.1 2555
-168.9 2576
-168.7 2475
-168.5 2512
-168.3 2523
-168.1 2343
-167.9 2488
-167.7 2456
-167.5 2517
-167.3 2591
-167.1 2353
-166.9 2454
-166.7 2580
-166.5 2569
-166.3 2383
-166.1 2466
-165.9 2496
-165.7 2496
-165.5 2434
-165.3 2464
-165.1 2510
-164.9 2439
-164.7 2429
-164.5 2403
-164.3 2492
-164.1 2459
-163.9 2452
-163.7 2473
-163.5 2480
-163.3 2459
-163.1 2474
-162.9 2416
-162.7 2418
-162.5 2408
-162.3 2495
-162.1 2440
-161.9 2465
-161.7 2452
-161.5 2567
-161.3 2390
-161.1 2393
-160.9 2446
-160.7 2428
-160.5 2404
-160.3 2416
-160.1 2356
-159.9 2304
-159.7 2429
-159.5 2354
-159.3 2446
-159.1 2351
-158.9 2404
-158.7 2375
-158.5 2420
-158.3 2469
-158.1 2376
-157.9 2360
-157.7 2319
-157.5 2348
-157.3 2331
-157.1 2344
-156.9 2403
-156.7 2325
-156.5 2367
-156.3 2221
-156.1 2296
-155.9 2291
-155.7 2257
-155.5 2289
-155.3 2214
-155.1 2231
-154.9 2255
-154.7 2218
-154.5 2309
-154.3 2209
-154.1 2256
-153.9 2259
-153.7 2193
-153.5 2197
-153.3 2132
-153.1 2148
-152.9 2108
-152.7 2146
-152.5 2062
-152.3 2129
-152.1 2194
-151.9 2166
-151.7 2160
-151.5 2113
-151.3 2097
-151.1 2145
-150.9 2100
-150.7 2121
-150.5 2094
-150.3 2137
-150.1 2150
-149.9 2154
-149.7 2112
-149.5 2087
-149.3 2127
-149.1 2178
-148.9 2108
-148.7 2104
-148.5 2142
-148.3 2190
-148.1 2172
-147.9 2240
-147.7 2212
-147.5 2170
-147.3 2221
-147.1 2266
-146.9 2249
-146.7 2316
-146.5 2218
-146.3 2273
-146.1 2266
-145.9 2306
-145.7 2289
-145.5 2295
-145.3 2323
-145.1 2285
-144.9 2303
-144.7 2263
-144.5 2314
-144.3 2408
-144.1 2339
-143.9 2328
-143.7 2400
-143.5 2435
-143.3 2367
-143.1 2396
-142.9 2437
-142.7 2444
-142.5 2396
-142.3 2426
-142.1 2381
-141.9 2376
-141.7 2441
-141.5 2403
-141.3 2419
-141.1 2508
-140.9 2505
-140.7 2480
-140.5 2414
-140.3 2449
-140.1 2471
-139.9 2368
-139.7 2502
-139.5 2510
-139.3 2503
-139.1 2429
-138.9 2412
-138.7 2485
-138.5 2523
-138.3 2486
-138.1 2515
-137.9 2519
-137.7 2499
-137.5 2556
-137.3 2411
-137.1 2529
-136.9 2430
-136.7 2526
-136.5 2581
-136.3 2424
-136.1 2490
-135.9 2546
-135.7 2453
-135.5 2479
-135.3 2443
-135.1 2541
-134.9 2531
-134.7 2404
-134.5 2547
-134.3 2477
-134.1 2532
-133.9 2469
-133.7 2502
-133.5 2443
-133.3 2452
-133.1 2533
-132.9 2483
-132.7 2512
-132.5 2549
-132.3 2493
-132.1 2489
-131.9 2506
-131.7 2401
-131.5 2465
-131.3 2527
-131.1 2373
-130.9 2446
-130.7 2539
-130.5 2465
-130.3 2515
-130.1 2459
-129.9 2497
-129.7 2478
-129.5 2476
-129.3 2504
-129.1 2458
-128.9 2392
-128.7 2510
-128.5 2390
-128.3 2476
-128.1 2484
-127.9 2450
-127.7 2508
-127.5 2445
-127.3 2415
-127.1 2502
-126.9 2514
-126.7 2425
-126.5 2485
-126.3 2431
-126.1 2495
-125.9 2436
-125.7 2467
-125.5 2468
-125.3 2537
-125.1 2368
-124.9 2455
-124.7 2413
-124.5 2449
-124.3 2446
-124.1 2362
-123.9 2416
-123.7 2473
-123.5 2413
-123.3 2427
-123.1 2391
-122.9 2491
-122.7 2381
-122.5 2403
-122.3 2357
-122.1 2353
-121.9 2395
-121.7 2477
-121.5 2359
-121.3 2404
-121.1 2352
-120.9 2371
-120.7 2334
-120.5 2433
-120.3 2269
-120.1 2356
-119.9 2485
-119.7 2308
-119.5 2311
-119.3 2386
-119.1 2332
-118.9 2435
-118.7 2351
-118.5 2430
-118.3 2428
-118.1 2403
-117.9 2408
-117.7 2488
-117.5 2425
-117.3 2382
-117.1 2258
-116.9 2281
-116.7 2318
-116.5 2308
-116.3 2301
-116.1 2391
-115.9 2340
-115.7 2380
-115.5 2360
-115.3 2332
-115.1 2380
-114.9 2280
-114.7 2411
-114.5 2321
-114.3 2362
-114.1 2318
-113.9 2394
-113.7 2349
-113.5 2281
-113.3 2325
-113.1 2341
-112.9 2377
-112.7 2342
-112.5 2299
-112.3 2459
-112.1 2284
-111.9 2347
-111.7 2452
-111.5 2302
-111.3 2412
-111.1 2308
-110.9 2352
-110.7 2290
-110.5 2347
-110.3 2393
-110.1 2362
-109.9 2423
-109.7 2245
-109.5 2310
-109.3 2350
-109.1 2294
-108.9 2283
-108.7 2305
-108.5 2308
-108.3 2290
-108.1 2280
-107.9 2343
-107.7 2413
-107.5 2364
-107.3 2247
-107.1 2327
-106.9 2347
-106.7 2263
-106.5 2329
-106.3 2252
-106.1 2290
-105.9 2300
-105.7 2336
-105.5 2277
-105.3 2305
-105.1 2243
-104.9 2266
-104.7 2351
-104.5 2348
-104.3 2242
-104.1 2308
-103.9 2286
-103.7 2267
-103.5 2224
-103.3 2363
-103.1 2334
-102.9 2233
-102.7 2247
-102.5 2343
-102.3 2302
-102.1 2285
-101.9 2246
-101.7 2230
-101.5 2216
-101.3 2234
-101.1 2302
-100.9 2273
-100.7 2305
-100.5 2210
-100.3 2254
-100.1 2262
-99.9 2161
-99.7 2182
-99.5 2284
-99.3 2309
-99.1 2288
-98.9 2236
-98.7 2233
-98.5 2262
-98.3 2310
-98.1 2277
-97.9 2256
-97.7 2308
-97.5 2256
-97.3 2221
-97.1 2345
-96.9 2237
-96.7 2289
-96.5 2312
-96.3 2260
-96.1 2310
-95.9 2268
-95.7 2270
-95.5 2308
-95.3 2232
-95.1 2298
-94.9 2242
-94.7 2314
-94.5 2243
-94.3 2260
-94.1 2291
-93.9 2375
-93.7 2346
-93.5 2329
-93.3 2266
-93.1 2201
-92.9 2233
-92.7 2266
-92.5 2211
-92.3 2211
-92.1 2254
-91.9 2131
-91.7 2198
-91.5 2228
-91.3 2238
-91.1 2250
-90.9 2173
-90.7 2281
-90.5 2243
-90.3 2170
-90.1 2309
-89.9 2255
-89.7 2241
-89.5 2213
-89.3 2268
-89.1 2202
-88.9 2217
-88.7 2286
-88.5 2258
-88.3 2242
-88.1 2295
-87.9 2262
-87.7 2249
-87.5 2309
-87.3 2322
-87.1 2219
-86.9 2231
-86.7 2273
-86.5 2362
-86.3 2309
-86.1 2213
-85.9 2184
-85.7 2243
-85.5 2116
-85.3 2295
-85.1 2287
-84.9 2266
-84.7 2282
-84.5 2305
-84.3 2384
-84.1 2257
-83.9 2346
-83.7 2253
-83.5 2281
-83.3 2286
-83.1 2378
-82.9 2297
-82.7 2246
-82.5 2161
-82.3 2303
-82.1 2306
-81.9 2335
-81.7 2288
-81.5 2288
-81.3 2309
-81.1 2256
-80.9 2311
-80.7 2303
-80.5 2324
-80.3 2417
-80.1 2264
-79.9 2300
-79.7 2315
-79.5 2227
-79.3 2312
-79.1 2292
-78.9 2321
-78.7 2293
-78.5 2230
-78.3 2365
-78.1 2247
-77.9 2323
-77.7 2345
-77.5 2307
-77.3 2335
-77.1 2328
-76.9 2303
-76.7 2342
-76.5 2311
-76.3 2352
-76.1 2306
-75.9 2339
-75.7 2326
-75.5 2327
-75.3 2330
-75.1 2285
-74.9 2346
-74.7 2285
-74.5 2349
-74.3 2310
-74.1 2361
-73.9 2428
-73.7 2460
-73.5 2339
-73.3 2428
-73.1 2288
-72.9 2337
-72.7 2307
-72.5 2278
-72.3 2334
-72.1 2336
-71.9 2250
-71.7 2288
-71.5 2280
-71.3 2398
-71.1 2389
-70.9 2283
-70.7 2213
-70.5 2317
-70.3 2337
-70.1 2381
-69.9 2340
-69.7 2361
-69.5 2288
-69.3 2339
-69.1 2281
-68.9 2372
-68.7 2227
-68.5 2248
-68.3 2364
-68.1 2278
-67.9 2347
-67.7 2361
-67.5 2319
-67.3 2419
-67.1 2277
-66.9 2247
-66.7 2379
-66.5 2267
-66.3 2247
-66.1 2411
-65.9 2340
-65.7 2273
-65.5 2301
-65.3 2375
-65.1 2237
-64.9 2312
-64.7 2305
-64.5 2346
-64.3 2430
-64.1 2424
-63.9 2300
-63.7 2235
-63.5 2314
-63.3 2305
-63.1 2303
-62.9 2300
-62.7 2263
-62.5 2311
-62.3 2343
-62.1 2358
-61.9 2226
-61.7 2298
-61.5 2307
-61.3 2208
-61.1 2338
-60.9 2367
-60.7 2363
-60.5 2228
-60.3 2393
-60.1 2312
-59.9 2376
-59.7 2354
-59.5 2362
-59.3 2329
-59.1 2340
-58.9 2295
-58.7 2373
-58.5 2376
-58.3 2324
-58.1 2327
-57.9 2338
-57.7 2274
-57.5 2355
-57.3 2243
-57.1 2306
-56.9 2377
-56.7 2405
-56.5 2385
-56.3 2312
-56.1 2273
-55.9 2357
-55.7 2320
-55.5 2307
-55.3 2348
-55.1 2355
-54.9 2273
-54.7 2309
-54.5 2313
-54.3 2333
-54.1 2299
-53.9 2259
-53.7 2300
-53.5 2293
-53.3 2269
-53.1 2297
-52.9 2328
-52.7 2255
-52.5 2339
-52.3 2375
-52.1 2277
-51.9 2298
-51.7 2215
-51.5 2354
-51.3 2343
-51.1 2316
-50.9 2338
-50.7 2275
-50.5 2340
-50.3 2330
-50.1 2293
-49.9 2338
-49.7 2272
-49.5 2337
-49.3 2187
-49.1 2250
-48.9 2449
-48.7 2245
-48.5 2316
-48.3 2257
-48.1 2317
-47.9 2247
-47.7 2275
-47.5 2314
-47.3 2214
-47.1 2331
-46.9 2244
-46.7 2269
-46.5 2274
-46.3 2366
-46.1 2224
-45.9 2267
-45.7 2357
-45.5 2296
-45.3 2334
-45.1 2312
-44.9 2429
-44.7 2349
-44.5 2241
-44.3 2297
-44.1 2293
-43.9 2227
-43.7 2303
-43.5 2243
-43.3 2272
-43.1 2380
-42.9 2328
-42.7 2318
-42.5 2351
-42.3 2221
-42.1 2305
-41.9 2286
-41.7 2292
-41.5 2307
-41.3 2259
-41.1 2282
-40.9 2269
-40.7 2271
-40.5 2301
-40.3 2279
-40.1 2298
-39.9 2346
-39.7 2173
-39.5 2356
-39.3 2197
-39.1 2250
-38.9 2157
-38.7 2276
-38.5 2234
-38.3 2232
-38.1 2302
-37.9 2298
-37.7 2346
-37.5 2276
-37.3 2381
-37.1 2339
-36.9 2367
-36.7 2205
-36.5 2302
-36.3 2240
-36.1 2259
-35.9 2239
-35.7 2367
-35.5 2354
-35.3 2257
-35.1 2253
-34.9 2392
-34.7 2340
-34.5 2343
-34.3 2170
-34.1 2278
-33.9 2263
-33.7 2358
-33.5 2285
-33.3 2235
-33.1 2362
-32.9 2294
-32.7 2307
-32.5 2295
-32.3 2310
-32.1 2295
-31.9 2297
-31.7 2300
-31.5 2216
-31.3 2318
-31.1 2216
-30.9 2268
-30.7 2232
-30.5 2256
-30.3 2251
-30.1 2289
-29.9 2251
-29.7 2294
-29.5 2309
-29.3 2315
-29.1 2284
-28.9 2271
-28.7 2256
-28.5 2312
-28.3 2246
-28.1 2277
-27.9 2274
-27.7 2258
-27.5 2287
-27.3 2161
-27.1 2152
-26.9 2217
-26.7 2353
-26.5 2291
-26.3 2317
-26.1 2237
-25.9 2245
-25.7 2303
-25.5 2351
-25.3 2172
-25.1 2226
-24.9 2332
-24.7 2186
-24.5 2282
-24.3 2313
-24.1 2240
-23.9 2231
-23.7 2245
-23.5 2224
-23.3 2346
-23.1 2230
-22.9 2216
-22.7 2253
-22.5 2267
-22.3 2345
-22.1 2248
-21.9 2280
-21.7 2198
-21.5 2260
-21.3 2266
-21.1 2264
-20.9 2235
-20.7 2276
-20.5 2309
-20.3 2321
-20.1 2208
-19.9 2366
-19.7 2271
-19.5 2225
-19.3 2280
-19.1 2296
-18.9 2300
-18.7 2190
-18.5 2317
-18.3 2355
-18.1 2283
-17.9 2251
-17.7 2370
-17.5 2273
-17.3 2267
-17.1 2285
-16.9 2238
-16.7 2268
-16.5 2256
-16.3 2360
-16.1 2246
-15.9 2298
-15.7 2237
-15.5 2286
-15.3 2373
-15.1 2216
-14.9 2313
-14.7 2268
-14.5 2217
-14.3 2264
-14.1 2308
-13.9 2233
-13.7 2217
-13.5 2282
-13.3 2321
-13.1 2316
-12.9 2180
-12.7 2171
-12.5 2237
-12.3 2269
-12.1 2335
-11.9 2262
-11.7 2256
-11.5 2318
-11.3 2308
-11.1 2268
-10.9 2310
-10.7 2251
-10.5 2183
-10.3 2303
-10.1 2241
-9.9 2263
-9.7 2213
-9.5 2250
-9.3 2309
-9.1 2183
-8.9 2277
-8.7 2183
-8.5 2306
-8.3 2313
-8.1 2281
-7.9 2312
-7.7 2302
-7.5 2318
-7.3 2290
-7.1 2238
-6.9 2331
-6.7 2312
-6.5 2363
-6.3 2321
-6.1 2309
-5.9 2262
-5.7 2255
-5.5 2320
-5.3 2254
-5.1 2386
-4.9 2224
-4.7 2262
-4.5 2350
-4.3 2296
-4.1 2328
-3.9 2306
-3.7 2271
-3.5 2279
-3.3 2289
-3.1 2300
-2.9 2270
-2.7 2228
-2.5 2269
-2.3 2363
-2.1 2269
-1.9 2308
-1.7 2287
-1.5 2263
-1.3 2298
-1.1 2279
-0.9 2329
-0.7 2272
-0.5 2270
-0.3 2344
-0.1 2315
0.1 2209
0.3 2365
0.5 2323
0.7 2305
0.9 2294
1.1 2256
1.3 2205
1.5 2309
1.7 2312
1.9 2238
2.1 2261
2.3 2386
2.5 2346
2.7 2240
2.9 2281
3.1 2250
3.3 2279
3.5 2246
3.7 2325
3.9 2276
4.1 2216
4.3 2261
4.5 2249
4.7 2280
4.9 2269
5.1 2288
5.3 2296
5.5 2273
5.7 2313
5.9 2137
6.1 2223
6.3 2229
6.5 2284
6.7 2251
6.9 2276
7.1 2262
7.3 2167
7.5 2260
7.7 2212
7.9 2210
8.1 2252
8.3 2261
8.5 2201
8.7 2327
8.9 2206
9.1 2312
9.3 2202
9.5 2190
9.7 2212
9.9 2149
10.1 2254
10.3 2211
10.5 2186
10.7 2255
10.9 2248
11.1 2187
11.3 2197
11.5 2141
11.7 2165
11.9 2154
12.1 2086
12.3 2290
12.5 2156
12.7 2162
12.9 2089
13.1 2201
13.3 2158
13.5 2104
13.7 2077
13.9 2091
14.1 2162
14.3 2096
14.5 2076
14.7 2049
14.9 2101
15.1 2009
15.3 2071
15.5 2116
15.7 1998
15.9 1916
16.1 1993
16.3 1916
16.5 1997
16.7 1902
16.9 1930
17.1 1939
17.3 1937
17.5 1875
17.7 1928
17.9 1788
18.1 1879
18.3 1780
18.5 1827
18.7 1806
18.9 1732
19.1 1710
19.3 1729
19.5 1722
19.7 1696
19.9 1705
20.1 1639
20.3 1613
20.5 1613
20.7 1626
20.9 1567
21.1 1552
21.3 1516
21.5 1524
21.7 1501
21.9 1463
22.1 1413
22.3 1417
22.5 1417
22.7 1270
22.9 1364
23.1 1395
23.3 1287
23.5 1298
23.7 1249
23.9 1193
24.1 1181
24.3 1237
24.5 1102
24.7 1161
24.9 1088
25.1 1053
25.3 968
25.5 1047
25.7 1002
25.9 1009
26.1 973
26.3 882
26.5 944
26.7 911
26.9 926
27.1 847
27.3 784
27.5 782
27.7 745
27.9 780
28.1 758
28.3 752
28.5 700
28.7 670
28.9 669
29.1 620
29.3 632
29.5 621
29.7 552
29.9 535
30.1 560
30.3 536
30.5 503
30.7 463
30.9 468
31.1 441
31.3 424
31.5 446
31.7 409
31.9 351
32.1 395
32.3 333
32.5 342
32.7 322
32.9 292
33.1 273
33.3 290
33.5 271
33.7 274
33.9 241
34.1 246
34.3 229
34.5 213
34.7 203
34.9 187
35.1 173
35.3 181
35.5 192
35.7 149
35.9 128
36.1 129
36.3 134
36.5 108
36.7 105
36.9 90
37.1 96
37.3 110
37.5 85
37.7 88
37.9 99
38.1 69
38.3 72
38.5 50
38.7 54
38.9 57
39.1 52
39.3 53
39.5 37
39.7 42
39.9 37
40.1 37
40.3 38
40.5 22
40.7 31
40.9 26
41.1 20
41.3 32
41.5 19
41.7 22
41.9 18
42.1 16
42.3 12
42.5 16
42.7 17
42.9 13
43.1 11
43.3 10
43.5 7
43.7 5
43.9 8
44.1 8
44.3 6
44.5 4
44.7 3
44.9 3
45.1 6
45.3 4
45.5 1
45.7 1
45.9 8
46.1 3
46.3 2
46.5 5
46.7 3
46.9 4
47.1 1
47.3 3
47.5 6
47.7 1
47.9 5
48.1 2
48.3 2
48.5 3
48.7 3
48.9 4
49.1 4
49.3 2
49.5 1
49.7 4
49.9 4
