-209.9 0
-209.7 0
-209.5 1
-209.3 1
-209.1 1
-208.9 0
-208.7 1
-208.5 0
-208.3 1
-208.1 1
-207.9 1
-207.7 0
-207.5 0
-207.3 1
-207.1 0
-206.9 0
-206.7 0
-206.5 0
-206.3 2
-206.1 1
-205.9 1
-205.7 0
-205.5 0
-205.3 1
-205.1 0
-204.9 0
-204.7 0
-204.5 0
-204.3 1
-204.1 0
-203.9 1
-203.7 0
-203.5 0
-203.3 0
-203.1 0
-202.9 1
-202.7 1
-202.5 2
-202.3 0
-202.1 1
-201.9 1
-201.7 0
-201.5 0
-201.3 0
-201.1 0
-200.9 1
-200.7 0
-200.5 0
-200.3 0
-200.1 0
-199.9 1
-199.7 0
-199.5 0
-199.3 1
-199.1 0
-198.9 0
-198.7 0
-198.5 9
-198.3 10
-198.1 18
-197.9 39
-197.7 44
-197.5 97
-197.3 127
-197.1 185
-196.9 270
-196.7 343
-196.5 483
-196.3 640
-196.1 869
-195.9 1079
-195.7 1396
-195.5 1702
-195.3 2057
-195.1 2466
-194.9 2876
-194.7 3073
-194.5 3586
-194.3 3806
-194.1 4112
-193.9 4268
-193.7 4433
-193.5 4559
-193.3 4633
-193.1 4733
-192.9 4794
-192.7 4820
-192.5 4693
-192.3 4678
-192.1 4628
-191.9 4585
-191.7 4636
-191.5 4568
-191.3 4411
-191.1 4509
-190.9 4345
-190.7 4274
-190.5 4266
-190.3 4139
-190.1 4221
-189.9 4129
-189.7 4042
-189.5 3974
-189.3 4099
-189.1 3849
-188.9 3891
-188.7 3900
-188.5 3767
-188.3 3760
-188.1 3832
-187.9 3805
-187.7 3723
-187.5 3672
-187.3 3662
-187.1 3644
-186.9 3667
-186.7 3615
-186.5 3701
-186.3 3626
-186.1 3644
-185.9 3569
-185.7 3500
-185.5 3533
-185.3 3451
-185.1 3379
-184.9 3478
-184.7 3441
-184.5 3375
-184.3 3369
-184.1 3404
-183.9 3358
-183.7 3478
-183.5 3234
-183.3 3261
-183.1 3294
-182.9 3225
-182.7 3238
-182.5 3308
-182.3 3254
-182.1 3203
-181.9 3163
-181.7 3145
-181.5 3165
-181.3 3145
-181.1 3078
-180.9 2993
-180.7 3010
-180.5 3061
-180.3 2930
-180.1 3073
-179.9 3003
-179.7 2941
-179.5 2837
-179.3 2970
-179.1 2929
-178.9 2895
-178.7 2927
-178.5 2839
-178.3 2779
-178.1 2791
-177.9 2770
-177.7 2734
-177.5 2783
-177.3 2705
-177.1 2766
-176.9 2759
-176.7 2642
-176.5 2656
-176.3 2587
-176.1 2611
-175.9 2732
-175.7 2685
-175.5 2647
-175.3 2586
-175.1 2657
-174.9 2570
-174.7 2618
-174.5 2591
-174.3 2572
-174.1 2489
-173.9 2467
-173.7 2597
-173.5 2504
-173.3 2401
-173.1 2409
-172.9 2531
-172.7 2413
-172.5 2544
-172.3 2554
-172.1 2473
-171.9 2451
-171.7 2356
-171.5 2462
-171.3 2433
-171.1 2444
-170.9 2410
-170.7 2461
-170.5 2432
-170.3 2375
-170.1 2466
-169.9 2403
-169.7 2354
-169.5 2464
-169.3 2427
-169.1 2427
-168.9 2376
-168.7 2340
-168.5 2399
-168.3 2455
-168.1 2427
-167.9 2446
-167.7 2432
-167.5 2408
-167.3 2275
-167.1 2367
-166.9 2335
-166.7 2424
-166.5 2336
-166.3 2296
-166.1 2383
-165.9 2354
-165.7 2327
-165.5 2350
-165.3 2314
-165.1 2338
-164.9 2397
-164.7 2298
-164.5 2325
-164.3 2310
-164.1 2254
-163.9 2301
-163.7 2271
-163.5 2242
-163.3 2302
-163.1 2359
-162.9 2321
-162.7 2293
-162.5 2380
-162.3 2395
-162.1 2305
-161.9 2303
-161.7 2337
-161.5 2300
-161.3 2227
-161.1 2286
-160.9 2328
-160.7 2318
-160.5 2325
-160.3 2416
-160.1 2285
-159.9 2260
-159.7 2251
-159.5 2260
-159.3 2253
-159.1 2272
-158.9 2246
-158.7 2391
-158.5 2274
-158.3 2262
-158.1 2179
-157.9 2314
-157.7 2271
-157.5 2286
-157.3 2224
-157.1 2214
-156.9 2374
-156.7 2280
-156.5 2215
-156.3 2368
-156.1 2251
-155.9 2192
-155.7 2322
-155.5 2311
-155.3 2294
-155.1 2196
-154.9 2272
-154.7 2246
-154.5 2217
-154.3 2169
-154.1 2250
-153.9 2233
-153.7 2243
-153.5 2284
-153.3 2280
-153.1 2213
-152.9 2175
-152.7 2168
-152.5 2264
-152.3 2290
-152.1 2269
-151.9 2272
-151.7 2278
-151.5 2301
-151.3 2222
-151.1 2180
-150.9 2297
-150.7 2253
-150.5 2192
-150.3 2281
-150.1 2208
-149.9 2280
-149.7 2302
-149.5 2209
-149.3 2184
-149.1 2298
-148.9 2279
-148.7 2234
-148.5 2257
-148.3 2226
-148.1 2175
-147.9 2224
-147.7 2229
-147.5 2220
-147.3 2171
-147.1 2298
-146.9 2164
-146.7 2199
-146.5 2260
-146.3 2214
-146.1 2313
-145.9 2253
-145.7 2303
-145.5 2238
-145.3 2218
-145.1 2213
-144.9 2210
-144.7 2210
-144.5 2125
-144.3 2191
-144.1 2214
-143.9 2191
-143.7 2184
-143.5 2094
-143.3 2265
-143.1 2234
-142.9 2225
-142.7 2121
-142.5 2168
-142.3 2186
-142.1 2201
-141.9 2057
-141.7 2202
-141.5 2175
-141.3 2193
-141.1 2191
-140.9 2129
-140.7 2211
-140.5 2219
-140.3 2124
-140.1 2230
-139.9 2114
-139.7 2291
-139.5 2136
-139.3 2192
-139.1 2154
-138.9 2168
-138.7 2194
-138.5 2135
-138.3 2190
-138.1 2132
-137.9 2167
-137.7 2116
-137.5 2184
-137.3 2106
-137.1 2214
-136.9 2244
-136.7 2141
-136.5 2206
-136.3 2280
-136.1 2160
-135.9 2221
-135.7 2248
-135.5 2357
-135.3 2284
-135.1 2278
-134.9 2241
-134.7 2284
-134.5 2309
-134.3 2304
-134.1 2294
-133.9 2298
-133.7 2285
-133.5 2227
-133.3 2299
-133.1 2284
-132.9 2278
-132.7 2312
-132.5 2210
-132.3 2272
-132.1 2217
-131.9 2287
-131.7 2238
-131.5 2379
-131.3 2237
-131.1 2233
-130.9 2316
-130.7 2277
-130.5 2191
-130.3 2249
-130.1 2269
-129.9 2248
-129.7 2301
-129.5 2296
-129.3 2211
-129.1 2254
-128.9 2348
-128.7 2295
-128.5 2389
-128.3 2297
-128.1 2312
-127.9 2299
-127.7 2333
-127.5 2380
-127.3 2252
-127.1 2323
-126.9 2328
-126.7 2310
-126.5 2246
-126.3 2227
-126.1 2343
-125.9 2322
-125.7 2317
-125.5 2260
-125.3 2257
-125.1 2262
-124.9 2179
-124.7 2189
-124.5 2247
-124.3 2298
-124.1 2244
-123.9 2258
-123.7 2244
-123.5 2240
-123.3 2252
-123.1 2201
-122.9 2176
-122.7 2260
-122.5 2270
-122.3 2191
-122.1 2265
-121.9 2308
-121.7 2200
-121.5 2225
-121.3 2309
-121.1 2269
-120.9 2255
-120.7 2244
-120.5 2283
-120.3 2244
-120.1 2167
-119.9 2324
-119.7 2249
-119.5 2327
-119.3 2310
-119.1 2272
-118.9 2209
-118.7 2229
-118.5 2204
-118.3 2280
-118.1 2225
-117.9 2176
-117.7 2161
-117.5 2295
-117.3 2242
-117.1 2246
-116.9 2234
-116.7 2255
-116.5 2287
-116.3 2226
-116.1 2217
-115.9 2243
-115.7 2173
-115.5 2256
-115.3 2136
-115.1 2226
-114.9 2296
-114.7 2190
-114.5 2205
-114.3 2226
-114.1 2206
-113.9 2239
-113.7 2130
-113.5 2214
-113.3 2140
-113.1 2236
-112.9 2241
-112.7 2354
-112.5 2246
-112.3 2195
-112.1 2203
-111.9 2175
-111.7 2170
-111.5 2178
-111.3 2199
-111.1 2246
-110.9 2280
-110.7 2135
-110.5 2205
-110.3 2212
-110.1 2205
-109.9 2251
-109.7 2288
-109.5 2175
-109.3 2168
-109.1 2238
-108.9 2233
-108.7 2267
-108.5 2208
-108.3 2113
-108.1 2165
-107.9 2240
-107.7 2240
-107.5 2119
-107.3 2231
-107.1 2120
-106.9 2214
-106.7 2131
-106.5 2232
-106.3 2309
-106.1 2213
-105.9 2209
-105.7 2203
-105.5 2157
-105.3 2224
-105.1 2235
-104.9 2244
-104.7 2228
-104.5 2241
-104.3 2216
-104.1 2197
-103.9 2222
-103.7 2189
-103.5 2148
-103.3 2189
-103.1 2281
-102.9 2147
-102.7 2130
-102.5 2102
-102.3 2265
-102.1 2135
-101.9 2213
-101.7 2131
-101.5 2134
-101.3 2117
-101.1 2283
-100.9 2191
-100.7 2179
-100.5 2073
-100.3 2142
-100.1 2174
-99.9 2116
-99.7 2205
-99.5 2247
-99.3 2165
-99.1 2184
-98.9 2237
-98.7 2069
-98.5 2164
-98.3 2145
-98.1 2234
-97.9 2216
-97.7 2141
-97.5 2190
-97.3 2201
-97.1 2213
-96.9 2258
-96.7 2174
-96.5 2200
-96.3 2276
-96.1 2234
-95.9 2202
-95.7 2160
-95.5 2279
-95.3 2201
-95.1 2258
-94.9 2236
-94.7 2188
-94.5 2253
-94.3 2154
-94.1 2227
-93.9 2222
-93.7 2245
-93.5 2183
-93.3 2224
-93.1 2327
-92.9 2252
-92.7 2266
-92.5 2298
-92.3 2173
-92.1 2206
-91.9 2163
-91.7 2180
-91.5 2178
-91.3 2168
-91.1 2188
-90.9 2246
-90.7 2217
-90.5 2248
-90.3 2211
-90.1 2149
-89.9 2191
-89.7 2209
-89.5 2178
-89.3 2215
-89.1 2198
-88.9 2139
-88.7 2182
-88.5 2288
-88.3 2315
-88.1 2153
-87.9 2313
-87.7 2269
-87.5 2207
-87.3 2222
-87.1 2175
-86.9 2194
-86.7 2125
-86.5 2237
-86.3 2205
-86.1 2242
-85.9 2292
-85.7 2161
-85.5 2260
-85.3 2159
-85.1 2231
-84.9 2172
-84.7 2175
-84.5 2227
-84.3 2276
-84.1 2195
-83.9 2201
-83.7 2172
-83.5 2155
-83.3 2204
-83.1 2214
-82.9 2083
-82.7 2177
-82.5 2156
-82.3 2212
-82.1 2242
-81.9 2189
-81.7 2196
-81.5 2169
-81.3 2200
-81.1 2184
-80.9 2211
-80.7 2181
-80.5 2156
-80.3 2225
-80.1 2227
-79.9 2188
-79.7 2079
-79.5 2192
-79.3 2196
-79.1 2214
-78.9 2183
-78.7 2120
-78.5 2199
-78.3 2288
-78.1 2160
-77.9 2188
-77.7 2098
-77.5 2185
-77.3 2225
-77.1 2088
-76.9 2158
-76.7 2222
-76.5 2181
-76.3 2294
-76.1 2160
-75.9 2179
-75.7 2220
-75.5 2158
-75.3 2241
-75.1 2188
-74.9 2209
-74.7 2153
-74.5 2198
-74.3 2208
-74.1 2177
-73.9 2161
-73.7 2116
-73.5 2170
-73.3 2228
-73.1 2188
-72.9 2164
-72.7 2283
-72.5 2223
-72.3 2204
-72.1 2237
-71.9 2133
-71.7 2250
-71.5 2232
-71.3 2357
-71.1 2203
-70.9 2234
-70.7 2152
-70.5 2289
-70.3 2179
-70.1 2295
-69.9 2214
-69.7 2248
-69.5 2218
-69.3 2205
-69.1 2257
-68.9 2183
-68.7 2282
-68.5 2199
-68.3 2251
-68.1 2200
-67.9 2251
-67.7 2260
-67.5 2114
-67.3 2300
-67.1 2191
-66.9 2208
-66.7 2188
-66.5 2241
-66.3 2184
-66.1 2267
-65.9 2185
-65.7 2157
-65.5 2186
-65.3 2160
-65.1 2211
-64.9 2257
-64.7 2203
-64.5 2216
-64.3 2210
-64.1 2200
-63.9 2166
-63.7 2223
-63.5 2314
-63.3 2168
-63.1 2256
-62.9 2131
-62.7 2229
-62.5 2253
-62.3 2245
-62.1 2239
-61.9 2161
-61.7 2172
-61.5 2165
-61.3 2216
-61.1 2310
-60.9 2160
-60.7 2207
-60.5 2240
-60.3 2175
-60.1 2173
-59.9 2193
-59.7 2171
-59.5 2272
-59.3 2088
-59.1 2139
-58.9 2248
-58.7 2212
-58.5 2245
-58.3 2307
-58.1 2234
-57.9 2186
-57.7 2144
-57.5 2199
-57.3 2278
-57.1 2323
-56.9 2139
-56.7 2180
-56.5 2199
-56.3 2161
-56.1 2298
-55.9 2230
-55.7 2178
-55.5 2282
-55.3 2185
-55.1 2132
-54.9 2278
-54.7 2283
-54.5 2163
-54.3 2166
-54.1 2209
-53.9 2248
-53.7 2165
-53.5 2259
-53.3 2162
-53.1 2180
-52.9 2199
-52.7 2162
-52.5 2150
-52.3 2185
-52.1 2179
-51.9 2169
-51.7 2151
-51.5 2170
-51.3 2201
-51.1 2270
-50.9 2174
-50.7 2224
-50.5 2148
-50.3 2268
-50.1 2267
-49.9 2270
-49.7 2237
-49.5 2279
-49.3 2152
-49.1 2247
-48.9 2180
-48.7 2166
-48.5 2262
-48.3 2159
-48.1 2179
-47.9 2275
-47.7 2234
-47.5 2289
-47.3 2190
-47.1 2197
-46.9 2208
-46.7 2234
-46.5 2228
-46.3 2223
-46.1 2142
-45.9 2197
-45.7 2163
-45.5 2208
-45.3 2107
-45.1 2175
-44.9 2313
-44.7 2216
-44.5 2125
-44.3 2223
-44.1 2129
-43.9 2192
-43.7 2241
-43.5 2125
-43.3 2340
-43.1 2163
-42.9 2153
-42.7 2205
-42.5 2197
-42.3 2103
-42.1 2166
-41.9 2194
-41.7 2240
-41.5 2220
-41.3 2174
-41.1 2204
-40.9 2171
-40.7 2283
-40.5 2227
-40.3 2214
-40.1 2218
-39.9 2139
-39.7 2166
-39.5 2252
-39.3 2223
-39.1 2186
-38.9 2198
-38.7 2233
-38.5 2129
-38.3 2261
-38.1 2128
-37.9 2253
-37.7 2221
-37.5 2201
-37.3 2166
-37.1 2243
-36.9 2129
-36.7 2215
-36.5 2246
-36.3 2228
-36.1 2281
-35.9 2242
-35.7 2133
-35.5 2233
-35.3 2154
-35.1 2160
-34.9 2162
-34.7 2231
-34.5 2272
-34.3 2139
-34.1 2195
-33.9 2249
-33.7 2247
-33.5 2166
-33.3 2204
-33.1 2143
-32.9 2274
-32.7 2177
-32.5 2202
-32.3 2210
-32.1 2256
-31.9 2164
-31.7 2165
-31.5 2243
-31.3 2148
-31.1 2217
-30.9 2189
-30.7 2172
-30.5 2137
-30.3 2078
-30.1 2206
-29.9 2123
-29.7 2192
-29.5 2133
-29.3 2245
-29.1 2238
-28.9 2165
-28.7 2127
-28.5 2274
-28.3 2160
-28.1 2146
-27.9 2150
-27.7 2244
-27.5 2180
-27.3 2177
-27.1 2257
-26.9 2112
-26.7 2192
-26.5 2113
-26.3 2123
-26.1 2183
-25.9 2129
-25.7 2280
-25.5 2134
-25.3 2220
-25.1 2149
-24.9 2245
-24.7 2110
-24.5 2267
-24.3 2112
-24.1 2185
-23.9 2173
-23.7 2168
-23.5 2185
-23.3 2166
-23.1 2144
-22.9 2179
-22.7 2115
-22.5 2188
-22.3 2140
-22.1 2223
-21.9 2074
-21.7 2097
-21.5 2198
-21.3 2164
-21.1 2204
-20.9 2104
-20.7 2078
-20.5 2159
-20.3 2271
-20.1 2049
-19.9 2182
-19.7 2132
-19.5 2128
-19.3 2224
-19.1 2252
-18.9 2165
-18.7 2175
-18.5 2208
-18.3 2166
-18.1 2055
-17.9 2133
-17.7 2138
-17.5 2209
-17.3 2169
-17.1 2172
-16.9 2217
-16.7 2231
-16.5 2196
-16.3 2226
-16.1 2220
-15.9 2174
-15.7 2209
-15.5 2142
-15.3 2097
-15.1 2241
-14.9 2167
-14.7 2080
-14.5 2185
-14.3 2205
-14.1 2205
-13.9 2109
-13.7 2204
-13.5 2202
-13.3 2244
-13.1 2188
-12.9 2141
-12.7 2175
-12.5 2259
-12.3 2172
-12.1 2114
-11.9 2264
-11.7 2129
-11.5 2167
-11.3 2266
-11.1 2282
-10.9 2174
-10.7 2276
-10.5 2178
-10.3 2198
-10.1 2244
-9.9 2236
-9.7 2200
-9.5 2240
-9.3 2193
-9.1 2200
-8.9 2160
-8.7 2123
-8.5 2292
-8.3 2231
-8.1 2169
-7.9 2210
-7.7 2288
-7.5 2253
-7.3 2152
-7.1 2210
-6.9 2217
-6.7 2175
-6.5 2214
-6.3 2092
-6.1 2265
-5.9 2201
-5.7 2179
-5.5 2177
-5.3 2206
-5.1 2157
-4.9 2132
-4.7 2271
-4.5 2137
-4.3 2151
-4.1 2185
-3.9 2127
-3.7 2135
-3.5 2139
-3.3 2127
-3.1 2162
-2.9 2228
-2.7 2186
-2.5 2194
-2.3 2111
-2.1 2135
-1.9 2199
-1.7 2174
-1.5 2127
-1.3 2221
-1.1 2119
-0.9 2140
-0.7 2234
-0.5 2191
-0.3 2121
-0.1 2065
0.1 2149
0.3 2174
0.5 2105
0.7 2234
0.9 2152
1.1 2189
1.3 2203
1.5 2173
1.7 2160
1.9 2133
2.1 2092
2.3 2114
2.5 2146
2.7 2196
2.9 2152
3.1 2181
3.3 2104
3.5 2177
3.7 2184
3.9 2209
4.1 2216
4.3 2151
4.5 2231
4.7 2188
4.9 2228
5.1 2238
5.3 2211
5.5 2155
5.7 2099
5.9 2217
6.1 2166
6.3 2222
6.5 2153
6.7 2231
6.9 2158
7.1 2189
7.3 2133
7.5 2178
7.7 2181
7.9 2067
8.1 2187
8.3 2143
8.5 2119
8.7 2156
8.9 2216
9.1 2144
9.3 2170
9.5 2209
9.7 2202
9.9 2160
10.1 2211
10.3 2078
10.5 2145
10.7 2113
10.9 2122
11.1 2061
11.3 2105
11.5 2114
11.7 2086
11.9 2095
12.1 2071
12.3 2115
12.5 2037
12.7 1976
12.9 2025
13.1 2043
13.3 2026
13.5 2018
13.7 1942
13.9 1937
14.1 1927
14.3 1856
14.5 1865
14.7 1940
14.9 1906
15.1 1845
15.3 1877
15.5 1869
15.7 1802
15.9 1827
16.1 1745
16.3 1733
16.5 1823
16.7 1761
16.9 1766
17.1 1719
17.3 1722
17.5 1629
17.7 1720
17.9 1697
18.1 1701
18.3 1677
18.5 1632
18.7 1617
18.9 1501
19.1 1514
19.3 1543
19.5 1463
19.7 1444
19.9 1459
20.1 1461
20.3 1422
20.5 1381
20.7 1457
20.9 1354
21.1 1290
21.3 1218
21.5 1349
21.7 1289
21.9 1219
22.1 1224
22.3 1145
22.5 1193
22.7 1127
22.9 1100
23.1 1109
23.3 1094
23.5 1030
23.7 1085
23.9 1071
24.1 999
24.3 971
24.5 1000
24.7 902
24.9 925
25.1 882
25.3 906
25.5 838
25.7 890
25.9 852
26.1 856
26.3 779
26.5 742
26.7 757
26.9 690
27.1 697
27.3 701
27.5 676
27.7 644
27.9 630
28.1 662
28.3 643
28.5 588
28.7 583
28.9 554
29.1 498
29.3 524
29.5 500
29.7 501
29.9 507
30.1 450
30.3 427
30.5 397
30.7 384
30.9 393
31.1 420
31.3 351
31.5 324
31.7 307
31.9 328
32.1 299
32.3 301
32.5 278
32.7 281
32.9 271
33.1 227
33.3 224
33.5 222
33.7 223
33.9 239
34.1 213
34.3 184
34.5 177
34.7 183
34.9 163
35.1 177
35.3 159
35.5 132
35.7 119
35.9 106
36.1 118
36.3 101
36.5 91
36.7 89
36.9 83
37.1 79
37.3 72
37.5 69
37.7 78
37.9 61
38.1 64
38.3 61
38.5 40
38.7 36
38.9 35
39.1 37
39.3 35
39.5 30
39.7 24
39.9 37
40.1 29
40.3 27
40.5 23
40.7 23
40.9 29
41.1 18
41.3 16
41.5 21
41.7 14
41.9 10
42.1 9
42.3 16
42.5 9
42.7 7
42.9 8
43.1 10
43.3 9
43.5 4
43.7 3
43.9 3
44.1 2
44.3 5
44.5 2
44.7 3
44.9 4
45.1 3
45.3 1
45.5 2
45.7 5
45.9 4
46.1 5
46.3 1
46.5 1
46.7 3
46.9 3
47.1 4
47.3 1
47.5 2
47.7 0
47.9 3
48.1 1
48.3 1
48.5 2
48.7 3
48.9 4
49.1 5
49.3 2
49.5 2
49.7 2
49.9 2
