-209.9 0
-209.7 3
-209.5 3
-209.3 2
-209.1 1
-208.9 4
-208.7 3
-208.5 3
-208.3 2
-208.1 2
-207.9 4
-207.7 1
-207.5 2
-207.3 4
-207.1 0
-206.9 3
-206.7 0
-206.5 3
-206.3 3
-206.1 3
-205.9 2
-205.7 2
-205.5 4
-205.3 1
-205.1 2
-204.9 1
-204.7 2
-204.5 3
-204.3 2
-204.1 1
-203.9 2
-203.7 2
-203.5 3
-203.3 1
-203.1 3
-202.9 1
-202.7 2
-202.5 2
-202.3 3
-202.1 1
-201.9 1
-201.7 4
-201.5 2
-201.3 3
-201.1 3
-200.9 4
-200.7 2
-200.5 3
-200.3 7
-200.1 3
-199.9 6
-199.7 20
-199.5 28
-199.3 50
-199.1 67
-198.9 106
-198.7 158
-198.5 200
-198.3 251
-198.1 351
-197.9 515
-197.7 592
-197.5 800
-197.3 995
-197.1 1249
-196.9 1377
-196.7 1747
-196.5 1968
-196.3 2406
-196.1 2572
-195.9 2916
-195.7 3179
-195.5 3430
-195.3 3619
-195.1 3849
-194.9 4050
-194.7 4264
-194.5 4359
-194.3 4379
-194.1 4551
-193.9 4600
-193.7 4552
-193.5 4578
-193.3 4539
-193.1 4543
-192.9 4581
-192.7 4632
-192.5 4565
-192.3 4419
-192.1 4469
-191.9 4342
-191.7 4402
-191.5 4329
-191.3 4398
-191.1 4108
-190.9 4163
-190.7 4110
-190.5 4051
-190.3 4043
-190.1 4052
-189.9 3870
-189.7 3991
-189.5 3962
-189.3 3837
-189.1 3836
-188.9 3852
-188.7 3780
-188.5 3818
-188.3 3849
-188.1 3834
-187.9 3724
-187.7 3707
-187.5 3595
-187.3 3612
-187.1 3729
-186.9 3670
-186.7 3597
-186.5 3758
-186.3 3540
-186.1 3540
-185.9 3666
-185.7 3635
-185.5 3440
-185.3 3474
-185.1 3457
-184.9 3375
-184.7 3427
-184.5 3307
-184.3 3285
-184.1 3275
-183.9 3370
-183.7 3389
-183.5 3361
-183.3 3189
-183.1 3234
-182.9 3264
-182.7 3132
-182.5 3263
-182.3 3161
-182.1 3058
-181.9 3155
-181.7 3023
-181.5 3048
-181.3 2915
-181.1 2924
-180.9 3003
-180.7 2940
-180.5 2871
-180.3 2860
-180.1 2972
-179.9 2970
-179.7 2965
-179.5 2918
-179.3 2800
-179.1 2793
-178.9 2894
-178.7 2778
-178.5 2827
-178.3 2744
-178.1 2699
-177.9 2625
-177.7 2704
-177.5 2656
-177.3 2636
-177.1 2543
-176.9 2597
-176.7 2654
-176.5 2559
-176.3 2618
-176.1 2570
-175.9 2604
-175.7 2615
-175.5 2652
-175.3 2583
-175.1 2498
-174.9 2469
-174.7 2577
-174.5 2547
-174.3 2611
-174.1 2539
-173.9 2516
-173.7 2498
-173.5 2537
-173.3 2435
-173.1 2505
-172.9 2530
-172.7 2575
-172.5 2387
-172.3 2484
-172.1 2446
-171.9 2476
-171.7 2580
-171.5 2402
-171.3 2404
-171.1 2471
-170.9 2490
-170.7 2524
-170.5 2438
-170.3 2463
-170.1 2446
-169.9 2481
-169.7 2385
-169.5 2396
-169.3 2385
-169.1 2337
-168.9 2427
-168.7 2417
-168.5 2458
-168.3 2382
-168.1 2349
-167.9 2434
-167.7 2359
-167.5 2351
-167.3 2376
-167.1 2447
-166.9 2304
-166.7 2370
-166.5 2364
-166.3 2346
-166.1 2249
-165.9 2401
-165.7 2340
-165.5 2396
-165.3 2353
-165.1 2344
-164.9 2289
-164.7 2308
-164.5 2360
-164.3 2390
-164.1 2339
-163.9 2412
-163.7 2394
-163.5 2307
-163.3 2300
-163.1 2379
-162.9 2426
-162.7 2356
-162.5 2313
-162.3 2318
-162.1 2381
-161.9 2261
-161.7 2266
-161.5 2357
-161.3 2303
-161.1 2293
-160.9 2387
-160.7 2310
-160.5 2344
-160.3 2295
-160.1 2335
-159.9 2260
-159.7 2408
-159.5 2281
-159.3 2326
-159.1 2279
-158.9 2300
-158.7 2354
-158.5 2354
-158.3 2316
-158.1 2336
-157.9 2312
-157.7 2370
-157.5 2289
-157.3 2409
-157.1 2296
-156.9 2273
-156.7 2322
-156.5 2322
-156.3 2331
-156.1 2270
-155.9 2243
-155.7 2315
-155.5 2369
-155.3 2307
-155.1 2198
-154.9 2262
-154.7 2306
-154.5 2314
-154.3 2315
-154.1 2283
-153.9 2291
-153.7 2193
-153.5 2250
-153.3 2300
-153.1 2238
-152.9 2281
-152.7 2266
-152.5 2310
-152.3 2276
-152.1 2272
-151.9 2166
-151.7 2257
-151.5 2264
-151.3 2237
-151.1 2373
-150.9 2207
-150.7 2211
-150.5 2210
-150.3 2329
-150.1 2283
-149.9 2188
-149.7 2291
-149.5 2236
-149.3 2274
-149.1 2285
-148.9 2253
-148.7 2259
-148.5 2238
-148.3 2323
-148.1 2195
-147.9 2284
-147.7 2303
-147.5 2264
-147.3 2163
-147.1 2338
-146.9 2177
-146.7 2292
-146.5 2241
-146.3 2291
-146.1 2239
-145.9 2141
-145.7 2219
-145.5 2264
-145.3 2162
-145.1 2250
-144.9 2177
-144.7 2280
-144.5 2242
-144.3 2186
-144.1 2205
-143.9 2192
-143.7 2240
-143.5 2199
-143.3 2216
-143.1 2275
-142.9 2218
-142.7 2112
-142.5 2199
-142.3 2246
-142.1 2192
-141.9 2225
-141.7 2218
-141.5 2282
-141.3 2161
-141.1 2177
-140.9 2148
-140.7 2248
-140.5 2211
-140.3 2207
-140.1 2107
-139.9 2178
-139.7 2176
-139.5 2228
-139.3 2170
-139.1 2277
-138.9 2147
-138.7 2256
-138.5 2220
-138.3 2209
-138.1 2175
-137.9 2258
-137.7 2168
-137.5 2245
-137.3 2304
-137.1 2360
-136.9 2295
-136.7 2284
-136.5 2221
-136.3 2272
-136.1 2280
-135.9 2380
-135.7 2290
-135.5 2279
-135.3 2315
-135.1 2332
-134.9 2283
-134.7 2314
-134.5 2362
-134.3 2275
-134.1 2350
-133.9 2352
-133.7 2411
-133.5 2304
-133.3 2300
-133.1 2291
-132.9 2367
-132.7 2338
-132.5 2220
-132.3 2309
-132.1 2358
-131.9 2319
-131.7 2238
-131.5 2260
-131.3 2384
-131.1 2312
-130.9 2321
-130.7 2290
-130.5 2306
-130.3 2294
-130.1 2312
-129.9 2296
-129.7 2272
-129.5 2320
-129.3 2313
-129.1 2318
-128.9 2343
-128.7 2333
-128.5 2322
-128.3 2348
-128.1 2321
-127.9 2319
-127.7 2305
-127.5 2398
-127.3 2396
-127.1 2352
-126.9 2417
-126.7 2331
-126.5 2317
-126.3 2305
-126.1 2337
-125.9 2263
-125.7 2311
-125.5 2298
-125.3 2314
-125.1 2257
-124.9 2324
-124.7 2396
-124.5 2325
-124.3 2223
-124.1 2280
-123.9 2258
-123.7 2307
-123.5 2295
-123.3 2319
-123.1 2288
-122.9 2269
-122.7 2261
-122.5 2250
-122.3 2333
-122.1 2336
-121.9 2260
-121.7 2242
-121.5 2260
-121.3 2341
-121.1 2271
-120.9 2261
-120.7 2250
-120.5 2244
-120.3 2255
-120.1 2299
-119.9 2221
-119.7 2312
-119.5 2380
-119.3 2252
-119.1 2244
-118.9 2298
-118.7 2232
-118.5 2239
-118.3 2267
-118.1 2210
-117.9 2171
-117.7 2225
-117.5 2227
-117.3 2153
-117.1 2193
-116.9 2174
-116.7 2229
-116.5 2268
-116.3 2182
-116.1 2191
-115.9 2275
-115.7 2244
-115.5 2269
-115.3 2215
-115.1 2234
-114.9 2282
-114.7 2249
-114.5 2309
-114.3 2205
-114.1 2261
-113.9 2223
-113.7 2240
-113.5 2242
-113.3 2272
-113.1 2159
-112.9 2141
-112.7 2234
-112.5 2265
-112.3 2257
-112.1 2195
-111.9 2213
-111.7 2251
-111.5 2235
-111.3 2296
-111.1 2241
-110.9 2314
-110.7 2306
-110.5 2183
-110.3 2248
-110.1 2147
-109.9 2255
-109.7 2310
-109.5 2235
-109.3 2212
-109.1 2180
-108.9 2266
-108.7 2336
-108.5 2299
-108.3 2175
-108.1 2253
-107.9 2260
-107.7 2266
-107.5 2236
-107.3 2153
-107.1 2226
-106.9 2266
-106.7 2248
-106.5 2218
-106.3 2258
-106.1 2223
-105.9 2251
-105.7 2247
-105.5 2171
-105.3 2247
-105.1 2226
-104.9 2214
-104.7 2277
-104.5 2143
-104.3 2205
-104.1 2236
-103.9 2382
-103.7 2233
-103.5 2231
-103.3 2216
-103.1 2241
-102.9 2245
-102.7 2207
-102.5 2261
-102.3 2192
-102.1 2230
-101.9 2237
-101.7 2192
-101.5 2135
-101.3 2289
-101.1 2173
-100.9 2261
-100.7 2173
-100.5 2217
-100.3 2220
-100.1 2245
-99.9 2271
-99.7 2259
-99.5 2202
-99.3 2263
-99.1 2296
-98.9 2251
-98.7 2250
-98.5 2303
-98.3 2339
-98.1 2191
-97.9 2231
-97.7 2236
-97.5 2169
-97.3 2248
-97.1 2145
-96.9 2267
-96.7 2259
-96.5 2268
-96.3 2204
-96.1 2225
-95.9 2190
-95.7 2181
-95.5 2265
-95.3 2244
-95.1 2290
-94.9 2198
-94.7 2183
-94.5 2240
-94.3 2228
-94.1 2208
-93.9 2156
-93.7 2217
-93.5 2291
-93.3 2237
-93.1 2183
-92.9 2231
-92.7 2164
-92.5 2303
-92.3 2198
-92.1 2246
-91.9 2195
-91.7 2232
-91.5 2237
-91.3 2230
-91.1 2205
-90.9 2073
-90.7 2227
-90.5 2219
-90.3 2238
-90.1 2258
-89.9 2242
-89.7 2157
-89.5 2250
-89.3 2256
-89.1 2283
-88.9 2218
-88.7 2163
-88.5 2324
-88.3 2141
-88.1 2321
-87.9 2193
-87.7 2234
-87.5 2255
-87.3 2242
-87.1 2191
-86.9 2203
-86.7 2320
-86.5 2187
-86.3 2241
-86.1 2332
-85.9 2282
-85.7 2242
-85.5 2198
-85.3 2143
-85.1 2216
-84.9 2180
-84.7 2272
-84.5 2194
-84.3 2158
-84.1 2199
-83.9 2277
-83.7 2229
-83.5 2212
-83.3 2258
-83.1 2298
-82.9 2154
-82.7 2153
-82.5 2295
-82.3 2198
-82.1 2153
-81.9 2207
-81.7 2289
-81.5 2250
-81.3 2262
-81.1 2290
-80.9 2261
-80.7 2252
-80.5 2283
-80.3 2216
-80.1 2232
-79.9 2196
-79.7 2223
-79.5 2151
-79.3 2296
-79.1 2309
-78.9 2219
-78.7 2263
-78.5 2198
-78.3 2230
-78.1 2257
-77.9 2199
-77.7 2188
-77.5 2221
-77.3 2230
-77.1 2265
-76.9 2299
-76.7 2261
-76.5 2212
-76.3 2149
-76.1 2310
-75.9 2195
-75.7 2245
-75.5 2348
-75.3 2192
-75.1 2261
-74.9 2180
-74.7 2186
-74.5 2185
-74.3 2248
-74.1 2187
-73.9 2194
-73.7 2233
-73.5 2235
-73.3 2261
-73.1 2207
-72.9 2227
-72.7 2242
-72.5 2162
-72.3 2239
-72.1 2241
-71.9 2186
-71.7 2224
-71.5 2134
-71.3 2221
-71.1 2344
-70.9 2255
-70.7 2263
-70.5 2231
-70.3 2211
-70.1 2219
-69.9 2292
-69.7 2334
-69.5 2224
-69.3 2226
-69.1 2244
-68.9 2254
-68.7 2250
-68.5 2171
-68.3 2238
-68.1 2184
-67.9 2276
-67.7 2155
-67.5 2341
-67.3 2182
-67.1 2204
-66.9 2315
-66.7 2261
-66.5 2289
-66.3 2260
-66.1 2235
-65.9 2270
-65.7 2225
-65.5 2304
-65.3 2330
-65.1 2295
-64.9 2221
-64.7 2221
-64.5 2275
-64.3 2339
-64.1 2313
-63.9 2231
-63.7 2330
-63.5 2255
-63.3 2200
-63.1 2204
-62.9 2291
-62.7 2240
-62.5 2248
-62.3 2302
-62.1 2231
-61.9 2202
-61.7 2230
-61.5 2155
-61.3 2212
-61.1 2206
-60.9 2324
-60.7 2293
-60.5 2212
-60.3 2361
-60.1 2263
-59.9 2233
-59.7 2225
-59.5 2208
-59.3 2322
-59.1 2223
-58.9 2256
-58.7 2305
-58.5 2208
-58.3 2256
-58.1 2262
-57.9 2229
-57.7 2163
-57.5 2262
-57.3 2327
-57.1 2188
-56.9 2250
-56.7 2129
-56.5 2251
-56.3 2221
-56.1 2170
-55.9 2185
-55.7 2227
-55.5 2247
-55.3 2257
-55.1 2239
-54.9 2263
-54.7 2318
-54.5 2259
-54.3 2220
-54.1 2256
-53.9 2195
-53.7 2176
-53.5 2234
-53.3 2278
-53.1 2221
-52.9 2191
-52.7 2188
-52.5 2319
-52.3 2180
-52.1 2225
-51.9 2248
-51.7 2315
-51.5 2227
-51.3 2243
-51.1 2292
-50.9 2286
-50.7 2248
-50.5 2251
-50.3 2203
-50.1 2221
-49.9 2183
-49.7 2197
-49.5 2221
-49.3 2167
-49.1 2251
-48.9 2222
-48.7 2172
-48.5 2219
-48.3 2211
-48.1 2183
-47.9 2231
-47.7 2238
-47.5 2196
-47.3 2184
-47.1 2233
-46.9 2263
-46.7 2228
-46.5 2262
-46.3 2208
-46.1 2255
-45.9 2213
-45.7 2217
-45.5 2212
-45.3 2303
-45.1 2227
-44.9 2339
-44.7 2242
-44.5 2202
-44.3 2170
-44.1 2293
-43.9 2255
-43.7 2243
-43.5 2270
-43.3 2256
-43.1 2231
-42.9 2312
-42.7 2239
-42.5 2233
-42.3 2175
-42.1 2209
-41.9 2176
-41.7 2289
-41.5 2216
-41.3 2182
-41.1 2163
-40.9 2241
-40.7 2151
-40.5 2240
-40.3 2235
-40.1 2256
-39.9 2252
-39.7 2206
-39.5 2178
-39.3 2285
-39.1 2220
-38.9 2280
-38.7 2213
-38.5 2201
-38.3 2165
-38.1 2262
-37.9 2182
-37.7 2269
-37.5 2234
-37.3 2148
-37.1 2147
-36.9 2227
-36.7 2216
-36.5 2261
-36.3 2188
-36.1 2255
-35.9 2253
-35.7 2229
-35.5 2245
-35.3 2201
-35.1 2167
-34.9 2248
-34.7 2162
-34.5 2204
-34.3 2211
-34.1 2192
-33.9 2196
-33.7 2210
-33.5 2329
-33.3 2204
-33.1 2209
-32.9 2225
-32.7 2238
-32.5 2222
-32.3 2264
-32.1 2234
-31.9 2243
-31.7 2264
-31.5 2293
-31.3 2260
-31.1 2227
-30.9 2218
-30.7 2179
-30.5 2238
-30.3 2290
-30.1 2192
-29.9 2206
-29.7 2239
-29.5 2326
-29.3 2231
-29.1 2226
-28.9 2307
-28.7 2269
-28.5 2206
-28.3 2199
-28.1 2141
-27.9 2175
-27.7 2212
-27.5 2216
-27.3 2190
-27.1 2226
-26.9 2278
-26.7 2244
-26.5 2247
-26.3 2228
-26.1 2297
-25.9 2238
-25.7 2237
-25.5 2283
-25.3 2272
-25.1 2197
-24.9 2277
-24.7 2296
-24.5 2238
-24.3 2272
-24.1 2196
-23.9 2221
-23.7 2261
-23.5 2287
-23.3 2235
-23.1 2265
-22.9 2188
-22.7 2286
-22.5 2262
-22.3 2326
-22.1 2198
-21.9 2166
-21.7 2304
-21.5 2253
-21.3 2276
-21.1 2158
-20.9 2202
-20.7 2171
-20.5 2176
-20.3 2225
-20.1 2118
-19.9 2256
-19.7 2191
-19.5 2207
-19.3 2220
-19.1 2230
-18.9 2187
-18.7 2167
-18.5 2198
-18.3 2280
-18.1 2165
-17.9 2192
-17.7 2221
-17.5 2175
-17.3 2180
-17.1 2232
-16.9 2239
-16.7 2210
-16.5 2133
-16.3 2234
-16.1 2172
-15.9 2291
-15.7 2186
-15.5 2266
-15.3 2158
-15.1 2185
-14.9 2207
-14.7 2242
-14.5 2161
-14.3 2227
-14.1 2291
-13.9 2205
-13.7 2297
-13.5 2134
-13.3 2243
-13.1 2211
-12.9 2239
-12.7 2139
-12.5 2191
-12.3 2238
-12.1 2196
-11.9 2142
-11.7 2137
-11.5 2140
-11.3 2263
-11.1 2250
-10.9 2288
-10.7 2156
-10.5 2166
-10.3 2154
-10.1 2160
-9.9 2156
-9.7 2214
-9.5 2207
-9.3 2206
-9.1 2217
-8.9 2180
-8.7 2274
-8.5 2267
-8.3 2236
-8.1 2231
-7.9 2229
-7.7 2194
-7.5 2192
-7.3 2226
-7.1 2233
-6.9 2232
-6.7 2240
-6.5 2226
-6.3 2299
-6.1 2144
-5.9 2280
-5.7 2195
-5.5 2232
-5.3 2269
-5.1 2196
-4.9 2262
-4.7 2178
-4.5 2166
-4.3 2267
-4.1 2205
-3.9 2206
-3.7 2258
-3.5 2226
-3.3 2189
-3.1 2259
-2.9 2171
-2.7 2226
-2.5 2111
-2.3 2240
-2.1 2160
-1.9 2274
-1.7 2206
-1.5 2153
-1.3 2216
-1.1 2253
-0.9 2279
-0.7 2221
-0.5 2212
-0.3 2192
-0.1 2162
0.1 2291
0.3 2253
0.5 2196
0.7 2230
0.9 2235
1.1 2192
1.3 2174
1.5 2161
1.7 2246
1.9 2206
2.1 2184
2.3 2231
2.5 2234
2.7 2259
2.9 2160
3.1 2202
3.3 2230
3.5 2313
3.7 2176
3.9 2173
4.1 2239
4.3 2270
4.5 2156
4.7 2284
4.9 2208
5.1 2216
5.3 2111
5.5 2232
5.7 2197
5.9 2261
6.1 2231
6.3 2207
6.5 2245
6.7 2140
6.9 2178
7.1 2252
7.3 2279
7.5 2190
7.7 2222
7.9 2202
8.1 2244
8.3 2246
8.5 2243
8.7 2257
8.9 2146
9.1 2235
9.3 2197
9.5 2213
9.7 2190
9.9 2184
10.1 2226
10.3 2211
10.5 2212
10.7 2250
10.9 2211
11.1 2096
11.3 2234
11.5 2104
11.7 2253
11.9 2158
12.1 2179
12.3 2230
12.5 2119
12.7 2108
12.9 2160
13.1 2134
13.3 2087
13.5 2074
13.7 2137
13.9 2060
14.1 2115
14.3 2113
14.5 2066
14.7 2085
14.9 1995
15.1 1979
15.3 2018
15.5 2001
15.7 2021
15.9 2017
16.1 1927
16.3 1908
16.5 1955
16.7 1827
16.9 1937
17.1 1929
17.3 1818
17.5 1877
17.7 1804
17.9 1813
18.1 1770
18.3 1809
18.5 1799
18.7 1695
18.9 1628
19.1 1648
19.3 1639
19.5 1628
19.7 1663
19.9 1600
20.1 1651
20.3 1605
20.5 1506
20.7 1561
20.9 1508
21.1 1400
21.3 1443
21.5 1456
21.7 1410
21.9 1411
22.1 1396
22.3 1248
22.5 1354
22.7 1296
22.9 1254
23.1 1229
23.3 1168
23.5 1198
23.7 1179
23.9 1131
24.1 1046
24.3 1124
24.5 1118
24.7 1035
24.9 1064
25.1 1031
25.3 1061
25.5 964
25.7 928
25.9 922
26.1 893
26.3 897
26.5 842
26.7 785
26.9 818
27.1 820
27.3 755
27.5 769
27.7 768
27.9 710
28.1 696
28.3 685
28.5 632
28.7 625
28.9 583
29.1 585
29.3 574
29.5 549
29.7 507
29.9 463
30.1 514
30.3 468
30.5 473
30.7 456
30.9 398
31.1 414
31.3 428
31.5 338
31.7 370
31.9 362
32.1 355
32.3 308
32.5 302
32.7 292
32.9 271
33.1 258
33.3 232
33.5 265
33.7 211
33.9 255
34.1 228
34.3 234
34.5 162
34.7 141
34.9 179
35.1 155
35.3 160
35.5 124
35.7 150
35.9 121
36.1 133
36.3 125
36.5 110
36.7 110
36.9 82
37.1 99
37.3 75
37.5 75
37.7 79
37.9 65
38.1 62
38.3 56
38.5 67
38.7 56
38.9 65
39.1 40
39.3 39
39.5 37
39.7 38
39.9 33
40.1 37
40.3 31
40.5 32
40.7 24
40.9 23
41.1 15
41.3 20
41.5 21
41.7 17
41.9 17
42.1 15
42.3 10
42.5 9
42.7 12
42.9 6
43.1 10
43.3 5
43.5 6
43.7 15
43.9 7
44.1 5
44.3 6
44.5 12
44.7 4
44.9 2
45.1 8
45.3 4
45.5 8
45.7 7
45.9 4
46.1 7
46.3 5
46.5 7
46.7 6
46.9 9
47.1 2
47.3 2
47.5 4
47.7 6
47.9 5
48.1 7
48.3 4
48.5 2
48.7 0
48.9 0
49.1 6
49.3 6
49.5 1
49.7 7
49.9 0
