#offset:0.00418283
y: 0.00113544
b: -3.79655
x: -2.3913e-05
a: 0
yx: 3.41761e-08
ya: 0.00819411
bx: 0.00292834
ba: -10.3936
xx: -1.82375e-09
xa: 0
aa: 0
yyy: 7.09062e-08
yyb: 0.000211254
ybb: 0.190249
yxx: 3.44298e-10
yxa: -1.2034e-05
yaa: 0.21826
bbb: 7814.22
bxx: 1.68305e-07
bxa: 0.01583
baa: -440.625
xxx: 8.3685e-11
xxa: 0
xaa: 0
aaa: 0
xxxx: 4.12685e-14
