-1589.9 0
-1589.7 11
-1589.5 20
-1589.3 11
-1589.1 16
-1588.9 18
-1588.7 16
-1588.5 15
-1588.3 19
-1588.1 13
-1587.9 8
-1587.7 8
-1587.5 15
-1587.3 14
-1587.1 8
-1586.9 7
-1586.7 12
-1586.5 11
-1586.3 18
-1586.1 7
-1585.9 15
-1585.7 13
-1585.5 15
-1585.3 13
-1585.1 15
-1584.9 15
-1584.7 8
-1584.5 16
-1584.3 11
-1584.1 12
-1583.9 16
-1583.7 15
-1583.5 12
-1583.3 14
-1583.1 19
-1582.9 17
-1582.7 10
-1582.5 17
-1582.3 9
-1582.1 10
-1581.9 7
-1581.7 15
-1581.5 19
-1581.3 16
-1581.1 10
-1580.9 13
-1580.7 13
-1580.5 13
-1580.3 8
-1580.1 16
-1579.9 11
-1579.7 13
-1579.5 14
-1579.3 10
-1579.1 15
-1578.9 11
-1578.7 15
-1578.5 14
-1578.3 8
-1578.1 16
-1577.9 11
-1577.7 10
-1577.5 13
-1577.3 12
-1577.1 9
-1576.9 10
-1576.7 13
-1576.5 21
-1576.3 11
-1576.1 14
-1575.9 14
-1575.7 8
-1575.5 12
-1575.3 15
-1575.1 15
-1574.9 11
-1574.7 9
-1574.5 11
-1574.3 11
-1574.1 15
-1573.9 13
-1573.7 9
-1573.5 11
-1573.3 11
-1573.1 11
-1572.9 9
-1572.7 11
-1572.5 13
-1572.3 12
-1572.1 7
-1571.9 11
-1571.7 13
-1571.5 13
-1571.3 15
-1571.1 7
-1570.9 14
-1570.7 10
-1570.5 13
-1570.3 13
-1570.1 12
-1569.9 13
-1569.7 9
-1569.5 10
-1569.3 8
-1569.1 7
-1568.9 19
-1568.7 10
-1568.5 12
-1568.3 10
-1568.1 16
-1567.9 11
-1567.7 11
-1567.5 18
-1567.3 9
-1567.1 13
-1566.9 12
-1566.7 13
-1566.5 13
-1566.3 15
-1566.1 14
-1565.9 21
-1565.7 13
-1565.5 20
-1565.3 15
-1565.1 21
-1564.9 27
-1564.7 20
-1564.5 28
-1564.3 36
-1564.1 47
-1563.9 47
-1563.7 49
-1563.5 52
-1563.3 64
-1563.1 62
-1562.9 88
-1562.7 88
-1562.5 112
-1562.3 125
-1562.1 149
-1561.9 173
-1561.7 199
-1561.5 196
-1561.3 244
-1561.1 252
-1560.9 279
-1560.7 280
-1560.5 295
-1560.3 305
-1560.1 354
-1559.9 362
-1559.7 420
-1559.5 441
-1559.3 458
-1559.1 459
-1558.9 509
-1558.7 513
-1558.5 559
-1558.3 567
-1558.1 589
-1557.9 619
-1557.7 651
-1557.5 696
-1557.3 762
-1557.1 703
-1556.9 780
-1556.7 857
-1556.5 829
-1556.3 827
-1556.1 881
-1555.9 949
-1555.7 965
-1555.5 1025
-1555.3 1053
-1555.1 1100
-1554.9 1115
-1554.7 1147
-1554.5 1096
-1554.3 1215
-1554.1 1241
-1553.9 1301
-1553.7 1338
-1553.5 1355
-1553.3 1425
-1553.1 1432
-1552.9 1540
-1552.7 1520
-1552.5 1615
-1552.3 1659
-1552.1 1650
-1551.9 1710
-1551.7 1740
-1551.5 1807
-1551.3 1788
-1551.1 1958
-1550.9 1940
-1550.7 2044
-1550.5 2061
-1550.3 2074
-1550.1 2167
-1549.9 2149
-1549.7 2213
-1549.5 2324
-1549.3 2322
-1549.1 2409
-1548.9 2465
-1548.7 2495
-1548.5 2597
-1548.3 2523
-1548.1 2598
-1547.9 2619
-1547.7 2626
-1547.5 2783
-1547.3 2813
-1547.1 2852
-1546.9 2791
-1546.7 2843
-1546.5 3099
-1546.3 2929
-1546.1 3104
-1545.9 3165
-1545.7 3181
-1545.5 3145
-1545.3 3153
-1545.1 3207
-1544.9 3320
-1544.7 3369
-1544.5 3287
-1544.3 3432
-1544.1 3473
-1543.9 3425
-1543.7 3442
-1543.5 3488
-1543.3 3525
-1543.1 3511
-1542.9 3536
-1542.7 3626
-1542.5 3723
-1542.3 3586
-1542.1 3689
-1541.9 3736
-1541.7 3739
-1541.5 3733
-1541.3 3907
-1541.1 3695
-1540.9 4003
-1540.7 3819
-1540.5 3873
-1540.3 3884
-1540.1 3880
-1539.9 3886
-1539.7 4121
-1539.5 3883
-1539.3 4043
-1539.1 3971
-1538.9 4042
-1538.7 4071
-1538.5 4169
-1538.3 4037
-1538.1 4054
-1537.9 4132
-1537.7 4041
-1537.5 4025
-1537.3 4025
-1537.1 4220
-1536.9 4250
-1536.7 4269
-1536.5 4111
-1536.3 4250
-1536.1 4215
-1535.9 4290
-1535.7 4173
-1535.5 4257
-1535.3 4275
-1535.1 4339
-1534.9 4337
-1534.7 4393
-1534.5 4343
-1534.3 4232
-1534.1 4359
-1533.9 4307
-1533.7 4265
-1533.5 4301
-1533.3 4336
-1533.1 4296
-1532.9 4401
-1532.7 4361
-1532.5 4382
-1532.3 4447
-1532.1 4388
-1531.9 4454
-1531.7 4404
-1531.5 4497
-1531.3 4542
-1531.1 4367
-1530.9 4371
-1530.7 4395
-1530.5 4459
-1530.3 4441
-1530.1 4490
-1529.9 4341
-1529.7 4338
-1529.5 4347
-1529.3 4355
-1529.1 4398
-1528.9 4416
-1528.7 4398
-1528.5 4341
-1528.3 4340
-1528.1 4314
-1527.9 4308
-1527.7 4470
-1527.5 4368
-1527.3 4276
-1527.1 4252
-1526.9 4190
-1526.7 4290
-1526.5 4194
-1526.3 4234
-1526.1 4233
-1525.9 4278
-1525.7 4160
-1525.5 4130
-1525.3 4060
-1525.1 4017
-1524.9 4142
-1524.7 4009
-1524.5 4076
-1524.3 4082
-1524.1 4044
-1523.9 3993
-1523.7 4055
-1523.5 4002
-1523.3 4119
-1523.1 4067
-1522.9 4044
-1522.7 4043
-1522.5 4027
-1522.3 4161
-1522.1 4047
-1521.9 4092
-1521.7 4153
-1521.5 4088
-1521.3 4315
-1521.1 4286
-1520.9 4271
-1520.7 4278
-1520.5 4350
-1520.3 4358
-1520.1 4417
-1519.9 4299
-1519.7 4306
-1519.5 4398
-1519.3 4384
-1519.1 4374
-1518.9 4417
-1518.7 4352
-1518.5 4421
-1518.3 4449
-1518.1 4350
-1517.9 4473
-1517.7 4370
-1517.5 4405
-1517.3 4576
-1517.1 4407
-1516.9 4337
-1516.7 4493
-1516.5 4458
-1516.3 4461
-1516.1 4521
-1515.9 4475
-1515.7 4535
-1515.5 4451
-1515.3 4327
-1515.1 4453
-1514.9 4433
-1514.7 4472
-1514.5 4403
-1514.3 4484
-1514.1 4546
-1513.9 4434
-1513.7 4503
-1513.5 4350
-1513.3 4384
-1513.1 4428
-1512.9 4327
-1512.7 4319
-1512.5 4294
-1512.3 4267
-1512.1 4272
-1511.9 4150
-1511.7 4249
-1511.5 4089
-1511.3 4118
-1511.1 3999
-1510.9 3982
-1510.7 3927
-1510.5 3976
-1510.3 3828
-1510.1 3775
-1509.9 3822
-1509.7 3622
-1509.5 3549
-1509.3 3601
-1509.1 3631
-1508.9 3639
-1508.7 3608
-1508.5 3671
-1508.3 3615
-1508.1 3580
-1507.9 3512
-1507.7 3546
-1507.5 3387
-1507.3 3431
-1507.1 3356
-1506.9 3578
-1506.7 3476
-1506.5 3441
-1506.3 3409
-1506.1 3481
-1505.9 3371
-1505.7 3465
-1505.5 3503
-1505.3 3474
-1505.1 3576
-1504.9 3536
-1504.7 3537
-1504.5 3521
-1504.3 3589
-1504.1 3629
-1503.9 3646
-1503.7 3653
-1503.5 3746
-1503.3 3773
-1503.1 3838
-1502.9 3826
-1502.7 3861
-1502.5 3880
-1502.3 3967
-1502.1 4076
-1501.9 4022
-1501.7 4066
-1501.5 4100
-1501.3 4243
-1501.1 4194
-1500.9 4362
-1500.7 4397
-1500.5 4405
-1500.3 4567
-1500.1 4690
-1499.9 4718
-1499.7 4764
-1499.5 4716
-1499.3 4784
-1499.1 4851
-1498.9 4916
-1498.7 4856
-1498.5 4839
-1498.3 4901
-1498.1 4789
-1497.9 5006
-1497.7 4961
-1497.5 4760
-1497.3 4679
-1497.1 4610
-1496.9 4617
-1496.7 4567
-1496.5 4428
-1496.3 4348
-1496.1 4352
-1495.9 4284
-1495.7 4109
-1495.5 4132
-1495.3 3994
-1495.1 3931
-1494.9 3808
-1494.7 3809
-1494.5 3761
-1494.3 3720
-1494.1 3555
-1493.9 3506
-1493.7 3460
-1493.5 3519
-1493.3 3398
-1493.1 3493
-1492.9 3371
-1492.7 3321
-1492.5 3388
-1492.3 3385
-1492.1 3382
-1491.9 3316
-1491.7 3387
-1491.5 3408
-1491.3 3337
-1491.1 3300
-1490.9 3490
-1490.7 3462
-1490.5 3322
-1490.3 3414
-1490.1 3537
-1489.9 3382
-1489.7 3482
-1489.5 3477
-1489.3 3530
-1489.1 3635
-1488.9 3549
-1488.7 3328
-1488.5 3558
-1488.3 3593
-1488.1 3613
-1487.9 3558
-1487.7 3538
-1487.5 3666
-1487.3 3733
-1487.1 3654
-1486.9 3675
-1486.7 3728
-1486.5 3694
-1486.3 3934
-1486.1 3745
-1485.9 3803
-1485.7 3894
-1485.5 3997
-1485.3 4045
-1485.1 4133
-1484.9 4125
-1484.7 4281
-1484.5 4273
-1484.3 4322
-1484.1 4581
-1483.9 4393
-1483.7 4615
-1483.5 4771
-1483.3 4807
-1483.1 4807
-1482.9 5123
-1482.7 5087
-1482.5 5106
-1482.3 5105
-1482.1 5274
-1481.9 5246
-1481.7 5220
-1481.5 5175
-1481.3 5162
-1481.1 5050
-1480.9 5116
-1480.7 4901
-1480.5 4911
-1480.3 4815
-1480.1 4704
-1479.9 4602
-1479.7 4596
-1479.5 4422
-1479.3 4384
-1479.1 4265
-1478.9 4156
-1478.7 4100
-1478.5 3998
-1478.3 3926
-1478.1 3864
-1477.9 3688
-1477.7 3662
-1477.5 3613
-1477.3 3593
-1477.1 3589
-1476.9 3520
-1476.7 3486
-1476.5 3444
-1476.3 3390
-1476.1 3464
-1475.9 3370
-1475.7 3297
-1475.5 3388
-1475.3 3297
-1475.1 3322
-1474.9 3367
-1474.7 3477
-1474.5 3380
-1474.3 3462
-1474.1 3515
-1473.9 3504
-1473.7 3382
-1473.5 3554
-1473.3 3528
-1473.1 3570
-1472.9 3541
-1472.7 3544
-1472.5 3624
-1472.3 3659
-1472.1 3582
-1471.9 3641
-1471.7 3640
-1471.5 3628
-1471.3 3614
-1471.1 3531
-1470.9 3556
-1470.7 3613
-1470.5 3640
-1470.3 3604
-1470.1 3700
-1469.9 3611
-1469.7 3635
-1469.5 3656
-1469.3 3721
-1469.1 3665
-1468.9 3628
-1468.7 3683
-1468.5 3779
-1468.3 3865
-1468.1 3876
-1467.9 3874
-1467.7 4053
-1467.5 4176
-1467.3 4110
-1467.1 4156
-1466.9 4414
-1466.7 4368
-1466.5 4481
-1466.3 4623
-1466.1 4675
-1465.9 4754
-1465.7 4712
-1465.5 4816
-1465.3 4971
-1465.1 4853
-1464.9 5012
-1464.7 4928
-1464.5 5026
-1464.3 4935
-1464.1 4912
-1463.9 4952
-1463.7 4951
-1463.5 4908
-1463.3 4832
-1463.1 4889
-1462.9 4720
-1462.7 4633
-1462.5 4608
-1462.3 4552
-1462.1 4534
-1461.9 4436
-1461.7 4264
-1461.5 4199
-1461.3 4219
-1461.1 4022
-1460.9 4067
-1460.7 3975
-1460.5 3971
-1460.3 3775
-1460.1 3802
-1459.9 3650
-1459.7 3654
-1459.5 3615
-1459.3 3660
-1459.1 3620
-1458.9 3551
-1458.7 3374
-1458.5 3389
-1458.3 3521
-1458.1 3479
-1457.9 3384
-1457.7 3383
-1457.5 3389
-1457.3 3447
-1457.1 3362
-1456.9 3481
-1456.7 3500
-1456.5 3391
-1456.3 3485
-1456.1 3461
-1455.9 3493
-1455.7 3609
-1455.5 3421
-1455.3 3490
-1455.1 3512
-1454.9 3609
-1454.7 3570
-1454.5 3581
-1454.3 3561
-1454.1 3611
-1453.9 3767
-1453.7 3714
-1453.5 3674
-1453.3 3643
-1453.1 3715
-1452.9 3729
-1452.7 3631
-1452.5 3673
-1452.3 3762
-1452.1 3647
-1451.9 3705
-1451.7 3850
-1451.5 3720
-1451.3 3831
-1451.1 3796
-1450.9 3957
-1450.7 3944
-1450.5 3876
-1450.3 3969
-1450.1 4178
-1449.9 4092
-1449.7 4236
-1449.5 4144
-1449.3 4292
-1449.1 4335
-1448.9 4380
-1448.7 4433
-1448.5 4526
-1448.3 4572
-1448.1 4639
-1447.9 4716
-1447.7 4853
-1447.5 4797
-1447.3 4772
-1447.1 4865
-1446.9 4726
-1446.7 4682
-1446.5 4661
-1446.3 4972
-1446.1 4692
-1445.9 4748
-1445.7 4659
-1445.5 4681
-1445.3 4616
-1445.1 4508
-1444.9 4600
-1444.7 4552
-1444.5 4376
-1444.3 4417
-1444.1 4190
-1443.9 4110
-1443.7 4140
-1443.5 4153
-1443.3 4069
-1443.1 4068
-1442.9 4042
-1442.7 3908
-1442.5 3745
-1442.3 3830
-1442.1 3654
-1441.9 3686
-1441.7 3733
-1441.5 3648
-1441.3 3584
-1441.1 3627
-1440.9 3600
-1440.7 3574
-1440.5 3662
-1440.3 3581
-1440.1 3512
-1439.9 3574
-1439.7 3621
-1439.5 3512
-1439.3 3518
-1439.1 3533
-1438.9 3498
-1438.7 3615
-1438.5 3551
-1438.3 3614
-1438.1 3618
-1437.9 3633
-1437.7 3690
-1437.5 3596
-1437.3 3550
-1437.1 3617
-1436.9 3632
-1436.7 3582
-1436.5 3616
-1436.3 3607
-1436.1 3601
-1435.9 3622
-1435.7 3552
-1435.5 3627
-1435.3 3710
-1435.1 3774
-1434.9 3759
-1434.7 3817
-1434.5 3692
-1434.3 3872
-1434.1 3805
-1433.9 3814
-1433.7 3897
-1433.5 3859
-1433.3 3894
-1433.1 3751
-1432.9 3921
-1432.7 3917
-1432.5 3880
-1432.3 3799
-1432.1 4033
-1431.9 4009
-1431.7 4061
-1431.5 4014
-1431.3 4043
-1431.1 3994
-1430.9 4172
-1430.7 3974
-1430.5 3945
-1430.3 4067
-1430.1 4244
-1429.9 4104
-1429.7 4160
-1429.5 4112
-1429.3 4188
-1429.1 4326
-1428.9 4208
-1428.7 4168
-1428.5 4278
-1428.3 4373
-1428.1 4157
-1427.9 4236
-1427.7 4258
-1427.5 4130
-1427.3 4235
-1427.1 4286
-1426.9 4175
-1426.7 4161
-1426.5 4150
-1426.3 4049
-1426.1 3973
-1425.9 4029
-1425.7 4089
-1425.5 3989
-1425.3 4044
-1425.1 3963
-1424.9 3955
-1424.7 3880
-1424.5 3937
-1424.3 3926
-1424.1 3968
-1423.9 3819
-1423.7 3806
-1423.5 3777
-1423.3 3832
-1423.1 3751
-1422.9 3706
-1422.7 3694
-1422.5 3684
-1422.3 3723
-1422.1 3845
-1421.9 3697
-1421.7 3750
-1421.5 3534
-1421.3 3646
-1421.1 3726
-1420.9 3712
-1420.7 3520
-1420.5 3725
-1420.3 3752
-1420.1 3645
-1419.9 3570
-1419.7 3625
-1419.5 3666
-1419.3 3681
-1419.1 3604
-1418.9 3766
-1418.7 3664
-1418.5 3724
-1418.3 3671
-1418.1 3711
-1417.9 3689
-1417.7 3690
-1417.5 3731
-1417.3 3741
-1417.1 3739
-1416.9 3713
-1416.7 3841
-1416.5 3773
-1416.3 3776
-1416.1 3703
-1415.9 3707
-1415.7 3741
-1415.5 3798
-1415.3 3801
-1415.1 3805
-1414.9 3780
-1414.7 3941
-1414.5 3794
-1414.3 3797
-1414.1 3813
-1413.9 3867
-1413.7 3987
-1413.5 3858
-1413.3 4012
-1413.1 3893
-1412.9 4035
-1412.7 3909
-1412.5 4024
-1412.3 3997
-1412.1 4006
-1411.9 4113
-1411.7 3992
-1411.5 4001
-1411.3 4121
-1411.1 4225
-1410.9 4039
-1410.7 4240
-1410.5 4189
-1410.3 4144
-1410.1 4140
-1409.9 4197
-1409.7 4059
-1409.5 4038
-1409.3 3999
-1409.1 4066
-1408.9 4171
-1408.7 4155
-1408.5 4029
-1408.3 3960
-1408.1 3957
-1407.9 4159
-1407.7 4010
-1407.5 4081
-1407.3 3939
-1407.1 3899
-1406.9 3787
-1406.7 3940
-1406.5 3919
-1406.3 3964
-1406.1 3760
-1405.9 3783
-1405.7 3946
-1405.5 3785
-1405.3 3864
-1405.1 3830
-1404.9 3788
-1404.7 3714
-1404.5 3769
-1404.3 3653
-1404.1 3682
-1403.9 3708
-1403.7 3852
-1403.5 3816
-1403.3 3758
-1403.1 3590
-1402.9 3672
-1402.7 3738
-1402.5 3673
-1402.3 3665
-1402.1 3751
-1401.9 3779
-1401.7 3657
-1401.5 3752
-1401.3 3712
-1401.1 3879
-1400.9 3624
-1400.7 3738
-1400.5 3775
-1400.3 3705
-1400.1 3684
-1399.9 3753
-1399.7 3818
-1399.5 3696
-1399.3 3749
-1399.1 3643
-1398.9 3688
-1398.7 3654
-1398.5 3824
-1398.3 3772
-1398.1 3695
-1397.9 3700
-1397.7 3787
-1397.5 3756
-1397.3 3694
-1397.1 3807
-1396.9 3734
-1396.7 3862
-1396.5 3750
-1396.3 3673
-1396.1 3711
-1395.9 3682
-1395.7 3711
-1395.5 3819
-1395.3 3827
-1395.1 3818
-1394.9 3839
-1394.7 3885
-1394.5 3822
-1394.3 3820
-1394.1 3908
-1393.9 3926
-1393.7 3863
-1393.5 3864
-1393.3 3895
-1393.1 3902
-1392.9 3913
-1392.7 3805
-1392.5 3932
-1392.3 3918
-1392.1 3916
-1391.9 3999
-1391.7 4010
-1391.5 4014
-1391.3 4021
-1391.1 4026
-1390.9 3943
-1390.7 3911
-1390.5 3967
-1390.3 3937
-1390.1 3883
-1389.9 3926
-1389.7 3968
-1389.5 4014
-1389.3 3990
-1389.1 3901
-1388.9 4076
-1388.7 3909
-1388.5 3939
-1388.3 3951
-1388.1 4040
-1387.9 4054
-1387.7 4034
-1387.5 3967
-1387.3 3771
-1387.1 3899
-1386.9 3905
-1386.7 3996
-1386.5 3896
-1386.3 3915
-1386.1 3805
-1385.9 3869
-1385.7 4013
-1385.5 3899
-1385.3 3939
-1385.1 3980
-1384.9 3979
-1384.7 3917
-1384.5 3949
-1384.3 3746
-1384.1 3935
-1383.9 3782
-1383.7 3747
-1383.5 3743
-1383.3 3739
-1383.1 3784
-1382.9 3793
-1382.7 3679
-1382.5 3666
-1382.3 3674
-1382.1 3664
-1381.9 3711
-1381.7 3551
-1381.5 3663
-1381.3 3632
-1381.1 3698
-1380.9 3551
-1380.7 3547
-1380.5 3589
-1380.3 3636
-1380.1 3619
-1379.9 3606
-1379.7 3472
-1379.5 3588
-1379.3 3649
-1379.1 3480
-1378.9 3515
-1378.7 3693
-1378.5 3591
-1378.3 3596
-1378.1 3640
-1377.9 3636
-1377.7 3638
-1377.5 3699
-1377.3 3721
-1377.1 3819
-1376.9 3630
-1376.7 3821
-1376.5 3771
-1376.3 3661
-1376.1 3713
-1375.9 3750
-1375.7 3694
-1375.5 3786
-1375.3 3851
-1375.1 3815
-1374.9 3733
-1374.7 3814
-1374.5 3861
-1374.3 3939
-1374.1 3897
-1373.9 3892
-1373.7 3871
-1373.5 3941
-1373.3 3970
-1373.1 3970
-1372.9 3905
-1372.7 3832
-1372.5 3913
-1372.3 4014
-1372.1 3989
-1371.9 3945
-1371.7 4025
-1371.5 3975
-1371.3 3926
-1371.1 3925
-1370.9 3875
-1370.7 3933
-1370.5 3975
-1370.3 3917
-1370.1 3901
-1369.9 3988
-1369.7 4021
-1369.5 3866
-1369.3 3970
-1369.1 3967
-1368.9 3962
-1368.7 3944
-1368.5 3929
-1368.3 3878
-1368.1 4068
-1367.9 3829
-1367.7 3807
-1367.5 3762
-1367.3 3680
-1367.1 3831
-1366.9 3754
-1366.7 3783
-1366.5 3735
-1366.3 3634
-1366.1 3747
-1365.9 3831
-1365.7 3722
-1365.5 3828
-1365.3 3783
-1365.1 3750
-1364.9 3697
-1364.7 3811
-1364.5 3653
-1364.3 3805
-1364.1 3754
-1363.9 3762
-1363.7 3673
-1363.5 3760
-1363.3 3676
-1363.1 3682
-1362.9 3776
-1362.7 3671
-1362.5 3760
-1362.3 3710
-1362.1 3782
-1361.9 3756
-1361.7 3690
-1361.5 3757
-1361.3 3771
-1361.1 3690
-1360.9 3650
-1360.7 3741
-1360.5 3720
-1360.3 3667
-1360.1 3755
-1359.9 3764
-1359.7 3793
-1359.5 3709
-1359.3 3771
-1359.1 3697
-1358.9 3711
-1358.7 3700
-1358.5 3864
-1358.3 3791
-1358.1 3800
-1357.9 3751
-1357.7 3800
-1357.5 3926
-1357.3 3746
-1357.1 3818
-1356.9 3806
-1356.7 3775
-1356.5 3844
-1356.3 3878
-1356.1 3821
-1355.9 3771
-1355.7 3867
-1355.5 3861
-1355.3 3831
-1355.1 3907
-1354.9 3834
-1354.7 3741
-1354.5 3878
-1354.3 3799
-1354.1 3958
-1353.9 3856
-1353.7 3763
-1353.5 3977
-1353.3 3889
-1353.1 3817
-1352.9 3880
-1352.7 3915
-1352.5 4033
-1352.3 3936
-1352.1 3963
-1351.9 3966
-1351.7 3916
-1351.5 3811
-1351.3 3781
-1351.1 3923
-1350.9 3923
-1350.7 3865
-1350.5 3824
-1350.3 3857
-1350.1 3798
-1349.9 3769
-1349.7 3792
-1349.5 3604
-1349.3 3827
-1349.1 3841
-1348.9 3842
-1348.7 3899
-1348.5 3695
-1348.3 3764
-1348.1 3762
-1347.9 3754
-1347.7 3672
-1347.5 3835
-1347.3 3717
-1347.1 3803
-1346.9 3765
-1346.7 3749
-1346.5 3711
-1346.3 3697
-1346.1 3717
-1345.9 3539
-1345.7 3741
-1345.5 3669
-1345.3 3721
-1345.1 3746
-1344.9 3630
-1344.7 3641
-1344.5 3647
-1344.3 3674
-1344.1 3678
-1343.9 3674
-1343.7 3569
-1343.5 3516
-1343.3 3548
-1343.1 3539
-1342.9 3636
-1342.7 3451
-1342.5 3566
-1342.3 3539
-1342.1 3476
-1341.9 3509
-1341.7 3460
-1341.5 3331
-1341.3 3405
-1341.1 3409
-1340.9 3492
-1340.7 3383
-1340.5 3272
-1340.3 3335
-1340.1 3500
-1339.9 3225
-1339.7 3258
-1339.5 3360
-1339.3 3223
-1339.1 3327
-1338.9 3259
-1338.7 3229
-1338.5 3224
-1338.3 3192
-1338.1 3151
-1337.9 3136
-1337.7 3079
-1337.5 3241
-1337.3 3141
-1337.1 3123
-1336.9 3072
-1336.7 3059
-1336.5 3024
-1336.3 3066
-1336.1 3158
-1335.9 2966
-1335.7 2953
-1335.5 2979
-1335.3 2924
-1335.1 2898
-1334.9 2812
-1334.7 2855
-1334.5 2869
-1334.3 2879
-1334.1 2659
-1333.9 2804
-1333.7 2889
-1333.5 2625
-1333.3 2689
-1333.1 2750
-1332.9 2718
-1332.7 2658
-1332.5 2700
-1332.3 2561
-1332.1 2602
-1331.9 2577
-1331.7 2583
-1331.5 2555
-1331.3 2527
-1331.1 2379
-1330.9 2426
-1330.7 2404
-1330.5 2345
-1330.3 2502
-1330.1 2289
-1329.9 2329
-1329.7 2218
-1329.5 2216
-1329.3 2136
-1329.1 2251
-1328.9 2224
-1328.7 2116
-1328.5 2035
-1328.3 2097
-1328.1 1998
-1327.9 1990
-1327.7 1950
-1327.5 1916
-1327.3 1790
-1327.1 1886
-1326.9 1731
-1326.7 1724
-1326.5 1732
-1326.3 1721
-1326.1 1709
-1325.9 1632
-1325.7 1661
-1325.5 1619
-1325.3 1600
-1325.1 1586
-1324.9 1473
-1324.7 1538
-1324.5 1434
-1324.3 1439
-1324.1 1441
-1323.9 1313
-1323.7 1359
-1323.5 1337
-1323.3 1301
-1323.1 1273
-1322.9 1213
-1322.7 1226
-1322.5 1229
-1322.3 1141
-1322.1 1154
-1321.9 1143
-1321.7 1151
-1321.5 1043
-1321.3 1027
-1321.1 984
-1320.9 1010
-1320.7 999
-1320.5 993
-1320.3 963
-1320.1 918
-1319.9 952
-1319.7 882
-1319.5 919
-1319.3 891
-1319.1 910
-1318.9 879
-1318.7 790
-1318.5 806
-1318.3 810
-1318.1 782
-1317.9 765
-1317.7 807
-1317.5 712
-1317.3 716
-1317.1 697
-1316.9 718
-1316.7 664
-1316.5 672
-1316.3 680
-1316.1 595
-1315.9 625
-1315.7 627
-1315.5 611
-1315.3 590
-1315.1 598
-1314.9 603
-1314.7 597
-1314.5 510
-1314.3 514
-1314.1 530
-1313.9 541
-1313.7 517
-1313.5 509
-1313.3 475
-1313.1 499
-1312.9 441
-1312.7 423
-1312.5 410
-1312.3 417
-1312.1 362
-1311.9 378
-1311.7 368
-1311.5 363
-1311.3 378
-1311.1 367
-1310.9 354
-1310.7 333
-1310.5 324
-1310.3 327
-1310.1 295
-1309.9 301
-1309.7 298
-1309.5 289
-1309.3 296
-1309.1 261
-1308.9 306
-1308.7 260
-1308.5 301
-1308.3 258
-1308.1 269
-1307.9 295
-1307.7 242
-1307.5 272
-1307.3 261
-1307.1 249
-1306.9 244
-1306.7 281
-1306.5 261
-1306.3 267
-1306.1 264
-1305.9 246
-1305.7 212
-1305.5 225
-1305.3 278
-1305.1 216
-1304.9 226
-1304.7 233
-1304.5 233
-1304.3 249
-1304.1 231
-1303.9 248
-1303.7 229
-1303.5 203
-1303.3 240
-1303.1 221
-1302.9 196
-1302.7 246
-1302.5 255
-1302.3 221
-1302.1 224
-1301.9 220
-1301.7 212
-1301.5 204
-1301.3 223
-1301.1 199
-1300.9 204
-1300.7 206
-1300.5 207
-1300.3 220
-1300.1 232
