-1589.9 0
-1589.7 24
-1589.5 23
-1589.3 21
-1589.1 23
-1588.9 27
-1588.7 25
-1588.5 30
-1588.3 25
-1588.1 28
-1587.9 21
-1587.7 32
-1587.5 23
-1587.3 22
-1587.1 23
-1586.9 15
-1586.7 25
-1586.5 24
-1586.3 24
-1586.1 32
-1585.9 21
-1585.7 28
-1585.5 21
-1585.3 25
-1585.1 25
-1584.9 27
-1584.7 23
-1584.5 27
-1584.3 23
-1584.1 20
-1583.9 18
-1583.7 17
-1583.5 25
-1583.3 30
-1583.1 22
-1582.9 19
-1582.7 31
-1582.5 19
-1582.3 26
-1582.1 17
-1581.9 25
-1581.7 24
-1581.5 18
-1581.3 28
-1581.1 18
-1580.9 31
-1580.7 20
-1580.5 32
-1580.3 21
-1580.1 30
-1579.9 17
-1579.7 20
-1579.5 29
-1579.3 20
-1579.1 21
-1578.9 22
-1578.7 31
-1578.5 22
-1578.3 25
-1578.1 16
-1577.9 32
-1577.7 35
-1577.5 29
-1577.3 27
-1577.1 34
-1576.9 32
-1576.7 30
-1576.5 19
-1576.3 33
-1576.1 33
-1575.9 44
-1575.7 39
-1575.5 47
-1575.3 46
-1575.1 43
-1574.9 56
-1574.7 60
-1574.5 64
-1574.3 67
-1574.1 68
-1573.9 72
-1573.7 70
-1573.5 80
-1573.3 84
-1573.1 88
-1572.9 107
-1572.7 130
-1572.5 141
-1572.3 136
-1572.1 170
-1571.9 162
-1571.7 168
-1571.5 183
-1571.3 198
-1571.1 222
-1570.9 232
-1570.7 253
-1570.5 293
-1570.3 320
-1570.1 294
-1569.9 393
-1569.7 378
-1569.5 402
-1569.3 428
-1569.1 437
-1568.9 460
-1568.7 490
-1568.5 523
-1568.3 539
-1568.1 596
-1567.9 611
-1567.7 630
-1567.5 650
-1567.3 696
-1567.1 689
-1566.9 748
-1566.7 793
-1566.5 753
-1566.3 767
-1566.1 810
-1565.9 931
-1565.7 912
-1565.5 908
-1565.3 1002
-1565.1 982
-1564.9 1046
-1564.7 1092
-1564.5 1081
-1564.3 1072
-1564.1 1167
-1563.9 1166
-1563.7 1120
-1563.5 1230
-1563.3 1271
-1563.1 1309
-1562.9 1381
-1562.7 1405
-1562.5 1364
-1562.3 1445
-1562.1 1496
-1561.9 1585
-1561.7 1567
-1561.5 1598
-1561.3 1687
-1561.1 1744
-1560.9 1708
-1560.7 1758
-1560.5 1796
-1560.3 1939
-1560.1 1861
-1559.9 1988
-1559.7 2012
-1559.5 2027
-1559.3 2054
-1559.1 2124
-1558.9 2190
-1558.7 2126
-1558.5 2358
-1558.3 2249
-1558.1 2332
-1557.9 2383
-1557.7 2414
-1557.5 2355
-1557.3 2503
-1557.1 2511
-1556.9 2581
-1556.7 2649
-1556.5 2850
-1556.3 2772
-1556.1 2789
-1555.9 2788
-1555.7 2906
-1555.5 2899
-1555.3 2884
-1555.1 2888
-1554.9 2890
-1554.7 3023
-1554.5 2953
-1554.3 3121
-1554.1 3142
-1553.9 3054
-1553.7 3196
-1553.5 3302
-1553.3 3362
-1553.1 3197
-1552.9 3279
-1552.7 3443
-1552.5 3301
-1552.3 3420
-1552.1 3382
-1551.9 3381
-1551.7 3439
-1551.5 3489
-1551.3 3587
-1551.1 3659
-1550.9 3563
-1550.7 3570
-1550.5 3690
-1550.3 3629
-1550.1 3806
-1549.9 3664
-1549.7 3744
-1549.5 3711
-1549.3 3810
-1549.1 3889
-1548.9 3924
-1548.7 3777
-1548.5 3778
-1548.3 3903
-1548.1 3868
-1547.9 3905
-1547.7 3899
-1547.5 3791
-1547.3 4072
-1547.1 3921
-1546.9 4077
-1546.7 3998
-1546.5 4012
-1546.3 3961
-1546.1 4119
-1545.9 4088
-1545.7 4106
-1545.5 3986
-1545.3 4118
-1545.1 4161
-1544.9 4122
-1544.7 4112
-1544.5 4050
-1544.3 4216
-1544.1 4094
-1543.9 4197
-1543.7 4192
-1543.5 4241
-1543.3 4241
-1543.1 4233
-1542.9 4364
-1542.7 4271
-1542.5 4328
-1542.3 4268
-1542.1 4403
-1541.9 4313
-1541.7 4251
-1541.5 4289
-1541.3 4273
-1541.1 4289
-1540.9 4338
-1540.7 4350
-1540.5 4365
-1540.3 4276
-1540.1 4282
-1539.9 4365
-1539.7 4358
-1539.5 4302
-1539.3 4363
-1539.1 4312
-1538.9 4381
-1538.7 4329
-1538.5 4392
-1538.3 4303
-1538.1 4314
-1537.9 4396
-1537.7 4424
-1537.5 4382
-1537.3 4322
-1537.1 4322
-1536.9 4293
-1536.7 4386
-1536.5 4474
-1536.3 4456
-1536.1 4220
-1535.9 4270
-1535.7 4335
-1535.5 4370
-1535.3 4176
-1535.1 4280
-1534.9 4432
-1534.7 4210
-1534.5 4254
-1534.3 4221
-1534.1 4248
-1533.9 4336
-1533.7 4322
-1533.5 4171
-1533.3 4267
-1533.1 4321
-1532.9 4202
-1532.7 4295
-1532.5 4153
-1532.3 4139
-1532.1 4219
-1531.9 4147
-1531.7 4208
-1531.5 4233
-1531.3 4190
-1531.1 4271
-1530.9 4191
-1530.7 4172
-1530.5 4182
-1530.3 4146
-1530.1 4208
-1529.9 4006
-1529.7 4154
-1529.5 4241
-1529.3 4074
-1529.1 4114
-1528.9 4140
-1528.7 4018
-1528.5 4051
-1528.3 4072
-1528.1 4068
-1527.9 4055
-1527.7 3973
-1527.5 3933
-1527.3 3944
-1527.1 4153
-1526.9 4006
-1526.7 3987
-1526.5 3932
-1526.3 3890
-1526.1 4013
-1525.9 4009
-1525.7 3923
-1525.5 3978
-1525.3 3849
-1525.1 3995
-1524.9 3949
-1524.7 4028
-1524.5 4005
-1524.3 4077
-1524.1 4014
-1523.9 4030
-1523.7 4064
-1523.5 4074
-1523.3 4058
-1523.1 3930
-1522.9 4204
-1522.7 4149
-1522.5 4104
-1522.3 4122
-1522.1 4192
-1521.9 4160
-1521.7 4085
-1521.5 4121
-1521.3 4175
-1521.1 4192
-1520.9 4249
-1520.7 4058
-1520.5 4072
-1520.3 4182
-1520.1 4116
-1519.9 4138
-1519.7 4068
-1519.5 4219
-1519.3 4080
-1519.1 4103
-1518.9 3940
-1518.7 4095
-1518.5 3929
-1518.3 3917
-1518.1 3963
-1517.9 3942
-1517.7 3931
-1517.5 3997
-1517.3 3899
-1517.1 3914
-1516.9 3980
-1516.7 3912
-1516.5 3860
-1516.3 3772
-1516.1 3709
-1515.9 3871
-1515.7 3768
-1515.5 3792
-1515.3 3709
-1515.1 3762
-1514.9 3694
-1514.7 3602
-1514.5 3562
-1514.3 3640
-1514.1 3605
-1513.9 3528
-1513.7 3487
-1513.5 3544
-1513.3 3618
-1513.1 3568
-1512.9 3488
-1512.7 3566
-1512.5 3538
-1512.3 3455
-1512.1 3412
-1511.9 3414
-1511.7 3479
-1511.5 3567
-1511.3 3473
-1511.1 3440
-1510.9 3480
-1510.7 3559
-1510.5 3560
-1510.3 3543
-1510.1 3553
-1509.9 3472
-1509.7 3472
-1509.5 3719
-1509.3 3582
-1509.1 3664
-1508.9 3641
-1508.7 3770
-1508.5 3782
-1508.3 3843
-1508.1 3871
-1507.9 3870
-1507.7 3953
-1507.5 3890
-1507.3 3821
-1507.1 3923
-1506.9 4025
-1506.7 4049
-1506.5 4012
-1506.3 4154
-1506.1 4016
-1505.9 4029
-1505.7 4071
-1505.5 4061
-1505.3 4101
-1505.1 4051
-1504.9 4072
-1504.7 4099
-1504.5 4131
-1504.3 4074
-1504.1 3978
-1503.9 4165
-1503.7 4152
-1503.5 4048
-1503.3 4140
-1503.1 4046
-1502.9 3862
-1502.7 3945
-1502.5 4022
-1502.3 3958
-1502.1 3821
-1501.9 3824
-1501.7 3800
-1501.5 3877
-1501.3 3837
-1501.1 3730
-1500.9 3758
-1500.7 3831
-1500.5 3610
-1500.3 3726
-1500.1 3678
-1499.9 3637
-1499.7 3682
-1499.5 3742
-1499.3 3638
-1499.1 3764
-1498.9 3727
-1498.7 3540
-1498.5 3554
-1498.3 3472
-1498.1 3504
-1497.9 3485
-1497.7 3414
-1497.5 3461
-1497.3 3420
-1497.1 3435
-1496.9 3318
-1496.7 3491
-1496.5 3444
-1496.3 3339
-1496.1 3361
-1495.9 3370
-1495.7 3437
-1495.5 3351
-1495.3 3285
-1495.1 3418
-1494.9 3345
-1494.7 3334
-1494.5 3387
-1494.3 3475
-1494.1 3459
-1493.9 3487
-1493.7 3469
-1493.5 3601
-1493.3 3511
-1493.1 3475
-1492.9 3720
-1492.7 3575
-1492.5 3606
-1492.3 3566
-1492.1 3731
-1491.9 3669
-1491.7 3729
-1491.5 3711
-1491.3 3929
-1491.1 3841
-1490.9 3933
-1490.7 3810
-1490.5 4035
-1490.3 3994
-1490.1 3973
-1489.9 3966
-1489.7 4095
-1489.5 4078
-1489.3 3969
-1489.1 4133
-1488.9 4124
-1488.7 4042
-1488.5 4035
-1488.3 4022
-1488.1 4038
-1487.9 4115
-1487.7 4036
-1487.5 4107
-1487.3 4065
-1487.1 3977
-1486.9 3921
-1486.7 4143
-1486.5 3997
-1486.3 3998
-1486.1 3899
-1485.9 3910
-1485.7 4024
-1485.5 3859
-1485.3 3907
-1485.1 3805
-1484.9 3826
-1484.7 3763
-1484.5 3762
-1484.3 3928
-1484.1 3641
-1483.9 3816
-1483.7 3587
-1483.5 3780
-1483.3 3651
-1483.1 3498
-1482.9 3545
-1482.7 3658
-1482.5 3558
-1482.3 3603
-1482.1 3448
-1481.9 3437
-1481.7 3458
-1481.5 3480
-1481.3 3538
-1481.1 3422
-1480.9 3468
-1480.7 3528
-1480.5 3368
-1480.3 3424
-1480.1 3446
-1479.9 3487
-1479.7 3366
-1479.5 3379
-1479.3 3434
-1479.1 3449
-1478.9 3451
-1478.7 3393
-1478.5 3440
-1478.3 3388
-1478.1 3484
-1477.9 3468
-1477.7 3522
-1477.5 3501
-1477.3 3519
-1477.1 3493
-1476.9 3551
-1476.7 3613
-1476.5 3715
-1476.3 3634
-1476.1 3704
-1475.9 3700
-1475.7 3647
-1475.5 3812
-1475.3 3805
-1475.1 3733
-1474.9 3887
-1474.7 3851
-1474.5 3830
-1474.3 3944
-1474.1 3993
-1473.9 3838
-1473.7 3993
-1473.5 3908
-1473.3 4058
-1473.1 3941
-1472.9 4040
-1472.7 4042
-1472.5 4074
-1472.3 4082
-1472.1 4062
-1471.9 4120
-1471.7 4120
-1471.5 4027
-1471.3 4183
-1471.1 4186
-1470.9 4120
-1470.7 4081
-1470.5 4088
-1470.3 3968
-1470.1 4022
-1469.9 4041
-1469.7 4026
-1469.5 3912
-1469.3 3868
-1469.1 3846
-1468.9 3839
-1468.7 3893
-1468.5 3979
-1468.3 3758
-1468.1 3882
-1467.9 3891
-1467.7 3740
-1467.5 3796
-1467.3 3790
-1467.1 3809
-1466.9 3659
-1466.7 3704
-1466.5 3743
-1466.3 3656
-1466.1 3636
-1465.9 3584
-1465.7 3655
-1465.5 3564
-1465.3 3540
-1465.1 3605
-1464.9 3618
-1464.7 3564
-1464.5 3595
-1464.3 3583
-1464.1 3528
-1463.9 3584
-1463.7 3531
-1463.5 3496
-1463.3 3446
-1463.1 3484
-1462.9 3431
-1462.7 3397
-1462.5 3491
-1462.3 3507
-1462.1 3425
-1461.9 3432
-1461.7 3482
-1461.5 3385
-1461.3 3549
-1461.1 3540
-1460.9 3472
-1460.7 3593
-1460.5 3585
-1460.3 3593
-1460.1 3545
-1459.9 3530
-1459.7 3636
-1459.5 3655
-1459.3 3829
-1459.1 3701
-1458.9 3669
-1458.7 3702
-1458.5 3684
-1458.3 3667
-1458.1 3835
-1457.9 3832
-1457.7 3728
-1457.5 3821
-1457.3 3866
-1457.1 3827
-1456.9 3843
-1456.7 3904
-1456.5 3904
-1456.3 3960
-1456.1 3911
-1455.9 4054
-1455.7 4025
-1455.5 3998
-1455.3 3958
-1455.1 3882
-1454.9 3963
-1454.7 3996
-1454.5 3984
-1454.3 4033
-1454.1 3955
-1453.9 4039
-1453.7 3873
-1453.5 4060
-1453.3 3913
-1453.1 4027
-1452.9 3929
-1452.7 3954
-1452.5 4015
-1452.3 3881
-1452.1 3806
-1451.9 3978
-1451.7 3864
-1451.5 3844
-1451.3 3837
-1451.1 3954
-1450.9 3788
-1450.7 3869
-1450.5 3768
-1450.3 3753
-1450.1 3766
-1449.9 3766
-1449.7 3803
-1449.5 3921
-1449.3 3786
-1449.1 3846
-1448.9 3804
-1448.7 3837
-1448.5 3806
-1448.3 3836
-1448.1 3684
-1447.9 3765
-1447.7 3806
-1447.5 3733
-1447.3 3743
-1447.1 3823
-1446.9 3720
-1446.7 3697
-1446.5 3571
-1446.3 3647
-1446.1 3668
-1445.9 3673
-1445.7 3723
-1445.5 3625
-1445.3 3699
-1445.1 3675
-1444.9 3732
-1444.7 3538
-1444.5 3569
-1444.3 3679
-1444.1 3641
-1443.9 3712
-1443.7 3667
-1443.5 3652
-1443.3 3626
-1443.1 3787
-1442.9 3729
-1442.7 3797
-1442.5 3705
-1442.3 3737
-1442.1 3710
-1441.9 3752
-1441.7 3762
-1441.5 3675
-1441.3 3829
-1441.1 3689
-1440.9 3753
-1440.7 3786
-1440.5 3735
-1440.3 3759
-1440.1 3667
-1439.9 3810
-1439.7 3744
-1439.5 3761
-1439.3 3758
-1439.1 3822
-1438.9 3744
-1438.7 3863
-1438.5 3745
-1438.3 3740
-1438.1 3871
-1437.9 3754
-1437.7 3852
-1437.5 3717
-1437.3 3704
-1437.1 3921
-1436.9 3708
-1436.7 3774
-1436.5 3828
-1436.3 3734
-1436.1 3772
-1435.9 3710
-1435.7 3854
-1435.5 3823
-1435.3 3708
-1435.1 3827
-1434.9 4004
-1434.7 3928
-1434.5 3842
-1434.3 3762
-1434.1 3868
-1433.9 3831
-1433.7 3826
-1433.5 3812
-1433.3 3811
-1433.1 3845
-1432.9 3760
-1432.7 3844
-1432.5 3986
-1432.3 3959
-1432.1 3870
-1431.9 3905
-1431.7 3873
-1431.5 3871
-1431.3 3899
-1431.1 3860
-1430.9 3924
-1430.7 3807
-1430.5 3850
-1430.3 3748
-1430.1 3837
-1429.9 3860
-1429.7 3798
-1429.5 3855
-1429.3 3915
-1429.1 3742
-1428.9 3890
-1428.7 3733
-1428.5 3799
-1428.3 3776
-1428.1 3801
-1427.9 3765
-1427.7 3793
-1427.5 3849
-1427.3 3711
-1427.1 3817
-1426.9 3753
-1426.7 3742
-1426.5 3690
-1426.3 3773
-1426.1 3799
-1425.9 3766
-1425.7 3791
-1425.5 3774
-1425.3 3604
-1425.1 3800
-1424.9 3810
-1424.7 3622
-1424.5 3708
-1424.3 3729
-1424.1 3680
-1423.9 3706
-1423.7 3647
-1423.5 3538
-1423.3 3731
-1423.1 3558
-1422.9 3601
-1422.7 3642
-1422.5 3733
-1422.3 3657
-1422.1 3784
-1421.9 3820
-1421.7 3572
-1421.5 3665
-1421.3 3819
-1421.1 3759
-1420.9 3854
-1420.7 3698
-1420.5 3821
-1420.3 3813
-1420.1 3820
-1419.9 3813
-1419.7 3904
-1419.5 3656
-1419.3 3900
-1419.1 3748
-1418.9 3798
-1418.7 3857
-1418.5 3824
-1418.3 3859
-1418.1 3918
-1417.9 3836
-1417.7 3860
-1417.5 3817
-1417.3 3951
-1417.1 3969
-1416.9 3836
-1416.7 3883
-1416.5 3871
-1416.3 3949
-1416.1 3903
-1415.9 3871
-1415.7 3822
-1415.5 3984
-1415.3 3800
-1415.1 3872
-1414.9 3876
-1414.7 3910
-1414.5 3859
-1414.3 3827
-1414.1 3849
-1413.9 3807
-1413.7 3870
-1413.5 3920
-1413.3 3908
-1413.1 3824
-1412.9 3722
-1412.7 3857
-1412.5 3758
-1412.3 3656
-1412.1 3818
-1411.9 3807
-1411.7 3735
-1411.5 3686
-1411.3 3754
-1411.1 3817
-1410.9 3842
-1410.7 3755
-1410.5 3726
-1410.3 3772
-1410.1 3583
-1409.9 3622
-1409.7 3666
-1409.5 3733
-1409.3 3744
-1409.1 3592
-1408.9 3709
-1408.7 3698
-1408.5 3713
-1408.3 3702
-1408.1 3700
-1407.9 3564
-1407.7 3573
-1407.5 3560
-1407.3 3697
-1407.1 3613
-1406.9 3684
-1406.7 3603
-1406.5 3606
-1406.3 3614
-1406.1 3611
-1405.9 3710
-1405.7 3537
-1405.5 3631
-1405.3 3720
-1405.1 3748
-1404.9 3655
-1404.7 3719
-1404.5 3723
-1404.3 3637
-1404.1 3731
-1403.9 3764
-1403.7 3756
-1403.5 3806
-1403.3 3718
-1403.1 3704
-1402.9 3728
-1402.7 3841
-1402.5 3713
-1402.3 3806
-1402.1 3863
-1401.9 3785
-1401.7 3891
-1401.5 3827
-1401.3 3829
-1401.1 3837
-1400.9 3818
-1400.7 3845
-1400.5 3806
-1400.3 3883
-1400.1 3934
-1399.9 3937
-1399.7 3993
-1399.5 3893
-1399.3 3824
-1399.1 3832
-1398.9 3845
-1398.7 3920
-1398.5 3789
-1398.3 3801
-1398.1 3952
-1397.9 3907
-1397.7 4022
-1397.5 3928
-1397.3 3880
-1397.1 3855
-1396.9 3917
-1396.7 3864
-1396.5 3972
-1396.3 3910
-1396.1 3956
-1395.9 3900
-1395.7 3831
-1395.5 3920
-1395.3 3873
-1395.1 3849
-1394.9 3914
-1394.7 3798
-1394.5 3938
-1394.3 3863
-1394.1 3839
-1393.9 3890
-1393.7 3874
-1393.5 3950
-1393.3 3891
-1393.1 3911
-1392.9 3829
-1392.7 3739
-1392.5 3806
-1392.3 3889
-1392.1 3760
-1391.9 3777
-1391.7 3807
-1391.5 3751
-1391.3 3787
-1391.1 3807
-1390.9 3814
-1390.7 3749
-1390.5 3752
-1390.3 3692
-1390.1 3791
-1389.9 3706
-1389.7 3728
-1389.5 3773
-1389.3 3680
-1389.1 3720
-1388.9 3793
-1388.7 3781
-1388.5 3688
-1388.3 3624
-1388.1 3673
-1387.9 3817
-1387.7 3726
-1387.5 3779
-1387.3 3553
-1387.1 3702
-1386.9 3612
-1386.7 3791
-1386.5 3703
-1386.3 3683
-1386.1 3643
-1385.9 3752
-1385.7 3746
-1385.5 3605
-1385.3 3761
-1385.1 3733
-1384.9 3654
-1384.7 3752
-1384.5 3764
-1384.3 3851
-1384.1 3742
-1383.9 3886
-1383.7 3816
-1383.5 3702
-1383.3 3794
-1383.1 3806
-1382.9 3767
-1382.7 3683
-1382.5 3933
-1382.3 3812
-1382.1 3861
-1381.9 3811
-1381.7 3856
-1381.5 3792
-1381.3 3792
-1381.1 3797
-1380.9 3735
-1380.7 3804
-1380.5 3749
-1380.3 3844
-1380.1 3761
-1379.9 3796
-1379.7 3836
-1379.5 3801
-1379.3 3875
-1379.1 3937
-1378.9 3901
-1378.7 3843
-1378.5 3820
-1378.3 3839
-1378.1 3878
-1377.9 3826
-1377.7 3844
-1377.5 3764
-1377.3 3914
-1377.1 3878
-1376.9 3816
-1376.7 3923
-1376.5 3951
-1376.3 3899
-1376.1 3759
-1375.9 3879
-1375.7 3862
-1375.5 3814
-1375.3 3826
-1375.1 3788
-1374.9 3847
-1374.7 3785
-1374.5 3772
-1374.3 3749
-1374.1 3729
-1373.9 3725
-1373.7 3830
-1373.5 3772
-1373.3 3725
-1373.1 3712
-1372.9 3698
-1372.7 3768
-1372.5 3747
-1372.3 3764
-1372.1 3851
-1371.9 3718
-1371.7 3730
-1371.5 3643
-1371.3 3703
-1371.1 3778
-1370.9 3720
-1370.7 3755
-1370.5 3764
-1370.3 3723
-1370.1 3866
-1369.9 3632
-1369.7 3669
-1369.5 3710
-1369.3 3777
-1369.1 3777
-1368.9 3649
-1368.7 3629
-1368.5 3671
-1368.3 3816
-1368.1 3749
-1367.9 3653
-1367.7 3965
-1367.5 3681
-1367.3 3751
-1367.1 3691
-1366.9 3821
-1366.7 3663
-1366.5 3780
-1366.3 3686
-1366.1 3776
-1365.9 3831
-1365.7 3708
-1365.5 3758
-1365.3 3715
-1365.1 3788
-1364.9 3781
-1364.7 3789
-1364.5 3861
-1364.3 3706
-1364.1 3840
-1363.9 3822
-1363.7 3765
-1363.5 3840
-1363.3 3771
-1363.1 3942
-1362.9 3793
-1362.7 3870
-1362.5 3795
-1362.3 3848
-1362.1 3795
-1361.9 3732
-1361.7 3922
-1361.5 3819
-1361.3 3729
-1361.1 3837
-1360.9 3782
-1360.7 3922
-1360.5 3780
-1360.3 3816
-1360.1 3823
-1359.9 3796
-1359.7 3825
-1359.5 3915
-1359.3 3788
-1359.1 3707
-1358.9 3746
-1358.7 3767
-1358.5 3680
-1358.3 3804
-1358.1 3883
-1357.9 3656
-1357.7 3857
-1357.5 3694
-1357.3 3786
-1357.1 3773
-1356.9 3819
-1356.7 3697
-1356.5 3841
-1356.3 3623
-1356.1 3637
-1355.9 3664
-1355.7 3706
-1355.5 3642
-1355.3 3578
-1355.1 3638
-1354.9 3673
-1354.7 3584
-1354.5 3617
-1354.3 3681
-1354.1 3590
-1353.9 3583
-1353.7 3560
-1353.5 3472
-1353.3 3477
-1353.1 3524
-1352.9 3471
-1352.7 3568
-1352.5 3490
-1352.3 3496
-1352.1 3451
-1351.9 3474
-1351.7 3460
-1351.5 3293
-1351.3 3409
-1351.1 3372
-1350.9 3416
-1350.7 3213
-1350.5 3353
-1350.3 3284
-1350.1 3415
-1349.9 3198
-1349.7 3225
-1349.5 3223
-1349.3 3264
-1349.1 3176
-1348.9 3100
-1348.7 3184
-1348.5 3155
-1348.3 3146
-1348.1 3208
-1347.9 3169
-1347.7 3099
-1347.5 3182
-1347.3 3054
-1347.1 3066
-1346.9 2982
-1346.7 3105
-1346.5 2990
-1346.3 2939
-1346.1 3061
-1345.9 2891
-1345.7 2935
-1345.5 2886
-1345.3 2826
-1345.1 2931
-1344.9 2783
-1344.7 2857
-1344.5 2754
-1344.3 2784
-1344.1 2673
-1343.9 2673
-1343.7 2623
-1343.5 2617
-1343.3 2503
-1343.1 2620
-1342.9 2568
-1342.7 2545
-1342.5 2474
-1342.3 2416
-1342.1 2438
-1341.9 2373
-1341.7 2327
-1341.5 2277
-1341.3 2320
-1341.1 2317
-1340.9 2285
-1340.7 2191
-1340.5 2271
-1340.3 2071
-1340.1 2198
-1339.9 2045
-1339.7 2118
-1339.5 2022
-1339.3 2068
-1339.1 1991
-1338.9 1966
-1338.7 1889
-1338.5 1919
-1338.3 1898
-1338.1 1842
-1337.9 1836
-1337.7 1831
-1337.5 1779
-1337.3 1743
-1337.1 1691
-1336.9 1643
-1336.7 1618
-1336.5 1607
-1336.3 1588
-1336.1 1605
-1335.9 1566
-1335.7 1533
-1335.5 1545
-1335.3 1471
-1335.1 1436
-1334.9 1451
-1334.7 1436
-1334.5 1376
-1334.3 1340
-1334.1 1411
-1333.9 1284
-1333.7 1301
-1333.5 1213
-1333.3 1243
-1333.1 1216
-1332.9 1182
-1332.7 1148
-1332.5 1178
-1332.3 1160
-1332.1 1099
-1331.9 1049
-1331.7 1076
-1331.5 1050
-1331.3 1068
-1331.1 1031
-1330.9 1065
-1330.7 936
-1330.5 991
-1330.3 937
-1330.1 883
-1329.9 889
-1329.7 814
-1329.5 836
-1329.3 857
-1329.1 845
-1328.9 759
-1328.7 791
-1328.5 737
-1328.3 756
-1328.1 730
-1327.9 643
-1327.7 682
-1327.5 708
-1327.3 675
-1327.1 597
-1326.9 646
-1326.7 602
-1326.5 634
-1326.3 579
-1326.1 563
-1325.9 573
-1325.7 533
-1325.5 522
-1325.3 582
-1325.1 462
-1324.9 484
-1324.7 513
-1324.5 476
-1324.3 462
-1324.1 464
-1323.9 458
-1323.7 429
-1323.5 434
-1323.3 419
-1323.1 418
-1322.9 411
-1322.7 407
-1322.5 390
-1322.3 376
-1322.1 363
-1321.9 369
-1321.7 340
-1321.5 348
-1321.3 385
-1321.1 354
-1320.9 338
-1320.7 339
-1320.5 316
-1320.3 301
-1320.1 294
-1319.9 312
-1319.7 285
-1319.5 302
-1319.3 275
-1319.1 276
-1318.9 297
-1318.7 281
-1318.5 276
-1318.3 271
-1318.1 274
-1317.9 281
-1317.7 268
-1317.5 278
-1317.3 257
-1317.1 234
-1316.9 256
-1316.7 237
-1316.5 238
-1316.3 218
-1316.1 254
-1315.9 218
-1315.7 237
-1315.5 226
-1315.3 205
-1315.1 213
-1314.9 192
-1314.7 248
-1314.5 227
-1314.3 238
-1314.1 221
-1313.9 211
-1313.7 239
-1313.5 211
-1313.3 219
-1313.1 225
-1312.9 211
-1312.7 236
-1312.5 225
-1312.3 196
-1312.1 227
-1311.9 212
-1311.7 209
-1311.5 204
-1311.3 212
-1311.1 193
-1310.9 210
-1310.7 198
-1310.5 197
-1310.3 214
-1310.1 232
-1309.9 231
-1309.7 229
-1309.5 203
-1309.3 218
-1309.1 222
-1308.9 185
-1308.7 200
-1308.5 196
-1308.3 206
-1308.1 207
-1307.9 210
-1307.7 219
-1307.5 189
-1307.3 208
-1307.1 189
-1306.9 211
-1306.7 201
-1306.5 206
-1306.3 181
-1306.1 189
-1305.9 198
-1305.7 200
-1305.5 203
-1305.3 212
-1305.1 225
-1304.9 199
-1304.7 194
-1304.5 206
-1304.3 177
-1304.1 190
-1303.9 213
-1303.7 193
-1303.5 179
-1303.3 180
-1303.1 197
-1302.9 190
-1302.7 188
-1302.5 218
-1302.3 221
-1302.1 200
-1301.9 184
-1301.7 196
-1301.5 190
-1301.3 205
-1301.1 179
-1300.9 184
-1300.7 177
-1300.5 179
-1300.3 197
-1300.1 164
