-1589.9 0
-1589.7 25
-1589.5 29
-1589.3 27
-1589.1 16
-1588.9 24
-1588.7 25
-1588.5 21
-1588.3 20
-1588.1 16
-1587.9 31
-1587.7 24
-1587.5 27
-1587.3 25
-1587.1 32
-1586.9 27
-1586.7 33
-1586.5 32
-1586.3 22
-1586.1 25
-1585.9 30
-1585.7 26
-1585.5 20
-1585.3 25
-1585.1 20
-1584.9 27
-1584.7 20
-1584.5 16
-1584.3 26
-1584.1 22
-1583.9 26
-1583.7 21
-1583.5 20
-1583.3 25
-1583.1 23
-1582.9 18
-1582.7 26
-1582.5 22
-1582.3 30
-1582.1 29
-1581.9 24
-1581.7 22
-1581.5 24
-1581.3 24
-1581.1 20
-1580.9 20
-1580.7 30
-1580.5 21
-1580.3 29
-1580.1 29
-1579.9 28
-1579.7 37
-1579.5 26
-1579.3 23
-1579.1 22
-1578.9 30
-1578.7 27
-1578.5 23
-1578.3 23
-1578.1 26
-1577.9 14
-1577.7 22
-1577.5 14
-1577.3 31
-1577.1 34
-1576.9 22
-1576.7 26
-1576.5 35
-1576.3 44
-1576.1 34
-1575.9 38
-1575.7 36
-1575.5 35
-1575.3 43
-1575.1 37
-1574.9 46
-1574.7 45
-1574.5 58
-1574.3 55
-1574.1 50
-1573.9 73
-1573.7 74
-1573.5 69
-1573.3 90
-1573.1 71
-1572.9 88
-1572.7 110
-1572.5 122
-1572.3 118
-1572.1 126
-1571.9 145
-1571.7 132
-1571.5 178
-1571.3 181
-1571.1 202
-1570.9 247
-1570.7 270
-1570.5 270
-1570.3 298
-1570.1 300
-1569.9 320
-1569.7 377
-1569.5 408
-1569.3 436
-1569.1 441
-1568.9 491
-1568.7 499
-1568.5 515
-1568.3 543
-1568.1 627
-1567.9 614
-1567.7 625
-1567.5 683
-1567.3 670
-1567.1 674
-1566.9 754
-1566.7 729
-1566.5 815
-1566.3 836
-1566.1 862
-1565.9 901
-1565.7 915
-1565.5 958
-1565.3 960
-1565.1 1028
-1564.9 1014
-1564.7 1081
-1564.5 1165
-1564.3 1170
-1564.1 1157
-1563.9 1213
-1563.7 1345
-1563.5 1278
-1563.3 1348
-1563.1 1431
-1562.9 1421
-1562.7 1450
-1562.5 1446
-1562.3 1568
-1562.1 1584
-1561.9 1699
-1561.7 1627
-1561.5 1758
-1561.3 1784
-1561.1 1761
-1560.9 1796
-1560.7 1876
-1560.5 2009
-1560.3 1948
-1560.1 2051
-1559.9 2021
-1559.7 2149
-1559.5 2223
-1559.3 2238
-1559.1 2309
-1558.9 2368
-1558.7 2369
-1558.5 2450
-1558.3 2504
-1558.1 2440
-1557.9 2575
-1557.7 2612
-1557.5 2623
-1557.3 2728
-1557.1 2823
-1556.9 2869
-1556.7 2821
-1556.5 2808
-1556.3 2895
-1556.1 2956
-1555.9 3082
-1555.7 3017
-1555.5 3064
-1555.3 3127
-1555.1 3197
-1554.9 3258
-1554.7 3187
-1554.5 3292
-1554.3 3218
-1554.1 3373
-1553.9 3316
-1553.7 3523
-1553.5 3428
-1553.3 3582
-1553.1 3531
-1552.9 3489
-1552.7 3624
-1552.5 3656
-1552.3 3713
-1552.1 3752
-1551.9 3667
-1551.7 3634
-1551.5 3894
-1551.3 3844
-1551.1 3730
-1550.9 3868
-1550.7 3890
-1550.5 4039
-1550.3 3944
-1550.1 4028
-1549.9 3987
-1549.7 4096
-1549.5 4052
-1549.3 4080
-1549.1 4133
-1548.9 4162
-1548.7 4208
-1548.5 4131
-1548.3 4187
-1548.1 4238
-1547.9 4239
-1547.7 4062
-1547.5 4326
-1547.3 4247
-1547.1 4214
-1546.9 4235
-1546.7 4294
-1546.5 4485
-1546.3 4383
-1546.1 4224
-1545.9 4348
-1545.7 4537
-1545.5 4414
-1545.3 4467
-1545.1 4510
-1544.9 4642
-1544.7 4471
-1544.5 4487
-1544.3 4398
-1544.1 4574
-1543.9 4656
-1543.7 4645
-1543.5 4591
-1543.3 4628
-1543.1 4662
-1542.9 4646
-1542.7 4661
-1542.5 4699
-1542.3 4736
-1542.1 4704
-1541.9 4690
-1541.7 4787
-1541.5 4668
-1541.3 4617
-1541.1 4687
-1540.9 4732
-1540.7 4691
-1540.5 4605
-1540.3 4920
-1540.1 4762
-1539.9 4656
-1539.7 4719
-1539.5 4592
-1539.3 4735
-1539.1 4802
-1538.9 4664
-1538.7 4769
-1538.5 4750
-1538.3 4785
-1538.1 4757
-1537.9 4875
-1537.7 4791
-1537.5 4668
-1537.3 4821
-1537.1 4820
-1536.9 4898
-1536.7 4739
-1536.5 4832
-1536.3 4703
-1536.1 4836
-1535.9 4913
-1535.7 4885
-1535.5 4897
-1535.3 4826
-1535.1 4808
-1534.9 4751
-1534.7 5033
-1534.5 4721
-1534.3 4843
-1534.1 4834
-1533.9 4903
-1533.7 4753
-1533.5 4770
-1533.3 4746
-1533.1 4851
-1532.9 4912
-1532.7 4821
-1532.5 4835
-1532.3 4799
-1532.1 4840
-1531.9 4861
-1531.7 4773
-1531.5 4715
-1531.3 4795
-1531.1 4653
-1530.9 4817
-1530.7 4774
-1530.5 4784
-1530.3 4610
-1530.1 4609
-1529.9 4712
-1529.7 4675
-1529.5 4611
-1529.3 4671
-1529.1 4490
-1528.9 4524
-1528.7 4576
-1528.5 4538
-1528.3 4604
-1528.1 4509
-1527.9 4440
-1527.7 4558
-1527.5 4351
-1527.3 4442
-1527.1 4558
-1526.9 4449
-1526.7 4570
-1526.5 4323
-1526.3 4373
-1526.1 4381
-1525.9 4311
-1525.7 4252
-1525.5 4270
-1525.3 4427
-1525.1 4344
-1524.9 4365
-1524.7 4291
-1524.5 4251
-1524.3 4230
-1524.1 4212
-1523.9 4229
-1523.7 4198
-1523.5 4312
-1523.3 4224
-1523.1 4133
-1522.9 4088
-1522.7 4161
-1522.5 4310
-1522.3 4120
-1522.1 4253
-1521.9 4248
-1521.7 4175
-1521.5 4224
-1521.3 4067
-1521.1 4143
-1520.9 4153
-1520.7 4082
-1520.5 4205
-1520.3 4255
-1520.1 4289
-1519.9 4103
-1519.7 4167
-1519.5 4126
-1519.3 4290
-1519.1 4126
-1518.9 4104
-1518.7 4126
-1518.5 4204
-1518.3 4205
-1518.1 4231
-1517.9 4254
-1517.7 4259
-1517.5 4302
-1517.3 4291
-1517.1 4235
-1516.9 4259
-1516.7 4145
-1516.5 4285
-1516.3 4270
-1516.1 4270
-1515.9 4296
-1515.7 4334
-1515.5 4191
-1515.3 4360
-1515.1 4172
-1514.9 4195
-1514.7 4311
-1514.5 4276
-1514.3 4240
-1514.1 4233
-1513.9 4383
-1513.7 4509
-1513.5 4402
-1513.3 4361
-1513.1 4308
-1512.9 4503
-1512.7 4552
-1512.5 4297
-1512.3 4385
-1512.1 4434
-1511.9 4368
-1511.7 4423
-1511.5 4313
-1511.3 4301
-1511.1 4348
-1510.9 4322
-1510.7 4295
-1510.5 4445
-1510.3 4290
-1510.1 4194
-1509.9 4196
-1509.7 4304
-1509.5 4214
-1509.3 4186
-1509.1 4251
-1508.9 4021
-1508.7 4120
-1508.5 4107
-1508.3 4078
-1508.1 4079
-1507.9 4043
-1507.7 3977
-1507.5 4047
-1507.3 4048
-1507.1 3992
-1506.9 3939
-1506.7 3895
-1506.5 4009
-1506.3 3941
-1506.1 3924
-1505.9 3950
-1505.7 3950
-1505.5 3869
-1505.3 3909
-1505.1 4025
-1504.9 4005
-1504.7 3882
-1504.5 3958
-1504.3 3984
-1504.1 3912
-1503.9 3886
-1503.7 4082
-1503.5 4171
-1503.3 3977
-1503.1 3937
-1502.9 4009
-1502.7 3936
-1502.5 4006
-1502.3 3930
-1502.1 4080
-1501.9 4057
-1501.7 4071
-1501.5 3897
-1501.3 4064
-1501.1 4034
-1500.9 4051
-1500.7 4067
-1500.5 4080
-1500.3 3954
-1500.1 4141
-1499.9 4105
-1499.7 4016
-1499.5 4155
-1499.3 4066
-1499.1 4022
-1498.9 4013
-1498.7 4166
-1498.5 4223
-1498.3 4122
-1498.1 4021
-1497.9 4234
-1497.7 4097
-1497.5 4208
-1497.3 4188
-1497.1 4231
-1496.9 4231
-1496.7 4265
-1496.5 4288
-1496.3 4229
-1496.1 4212
-1495.9 4314
-1495.7 4320
-1495.5 4194
-1495.3 4422
-1495.1 4269
-1494.9 4255
-1494.7 4187
-1494.5 4309
-1494.3 4266
-1494.1 4196
-1493.9 4223
-1493.7 4126
-1493.5 4190
-1493.3 4107
-1493.1 4171
-1492.9 4150
-1492.7 4180
-1492.5 4246
-1492.3 4090
-1492.1 4095
-1491.9 4074
-1491.7 3899
-1491.5 4002
-1491.3 3979
-1491.1 3931
-1490.9 3957
-1490.7 3876
-1490.5 4030
-1490.3 3885
-1490.1 3971
-1489.9 3904
-1489.7 3854
-1489.5 3925
-1489.3 3879
-1489.1 3893
-1488.9 3949
-1488.7 3944
-1488.5 3828
-1488.3 3929
-1488.1 3909
-1487.9 3951
-1487.7 3869
-1487.5 3930
-1487.3 3867
-1487.1 3933
-1486.9 3890
-1486.7 3956
-1486.5 3981
-1486.3 3798
-1486.1 3857
-1485.9 3933
-1485.7 3925
-1485.5 4029
-1485.3 4005
-1485.1 4013
-1484.9 3948
-1484.7 4158
-1484.5 3965
-1484.3 4137
-1484.1 4045
-1483.9 4031
-1483.7 4132
-1483.5 3951
-1483.3 4109
-1483.1 4062
-1482.9 4105
-1482.7 4014
-1482.5 4162
-1482.3 4084
-1482.1 4035
-1481.9 4041
-1481.7 4172
-1481.5 4085
-1481.3 4203
-1481.1 4172
-1480.9 4118
-1480.7 4230
-1480.5 4128
-1480.3 4163
-1480.1 4146
-1479.9 4250
-1479.7 4445
-1479.5 4235
-1479.3 4391
-1479.1 4258
-1478.9 4270
-1478.7 4393
-1478.5 4314
-1478.3 4254
-1478.1 4299
-1477.9 4308
-1477.7 4233
-1477.5 4356
-1477.3 4280
-1477.1 4341
-1476.9 4265
-1476.7 4187
-1476.5 4246
-1476.3 4251
-1476.1 4278
-1475.9 4208
-1475.7 4372
-1475.5 4236
-1475.3 4148
-1475.1 4135
-1474.9 3978
-1474.7 4127
-1474.5 4137
-1474.3 4226
-1474.1 4025
-1473.9 3904
-1473.7 4165
-1473.5 4034
-1473.3 4029
-1473.1 4091
-1472.9 4027
-1472.7 4093
-1472.5 4068
-1472.3 4104
-1472.1 3980
-1471.9 3956
-1471.7 4071
-1471.5 4076
-1471.3 3901
-1471.1 4040
-1470.9 4017
-1470.7 4168
-1470.5 4046
-1470.3 4105
-1470.1 4204
-1469.9 3988
-1469.7 4121
-1469.5 4050
-1469.3 4084
-1469.1 4091
-1468.9 4003
-1468.7 4118
-1468.5 4051
-1468.3 4167
-1468.1 4063
-1467.9 4187
-1467.7 4062
-1467.5 4026
-1467.3 4098
-1467.1 3993
-1466.9 4066
-1466.7 4010
-1466.5 4042
-1466.3 4102
-1466.1 4055
-1465.9 3978
-1465.7 4041
-1465.5 4123
-1465.3 3972
-1465.1 4139
-1464.9 4035
-1464.7 3995
-1464.5 4086
-1464.3 4054
-1464.1 4079
-1463.9 4031
-1463.7 4113
-1463.5 3938
-1463.3 3825
-1463.1 4020
-1462.9 4044
-1462.7 4137
-1462.5 4129
-1462.3 3969
-1462.1 4139
-1461.9 4210
-1461.7 4176
-1461.5 4127
-1461.3 4043
-1461.1 4121
-1460.9 4287
-1460.7 4149
-1460.5 4042
-1460.3 4198
-1460.1 4105
-1459.9 4094
-1459.7 4238
-1459.5 4201
-1459.3 4194
-1459.1 4119
-1458.9 4201
-1458.7 4060
-1458.5 4191
-1458.3 4190
-1458.1 4121
-1457.9 4140
-1457.7 4194
-1457.5 4116
-1457.3 4183
-1457.1 4224
-1456.9 4132
-1456.7 4111
-1456.5 4155
-1456.3 4120
-1456.1 4087
-1455.9 4103
-1455.7 4085
-1455.5 4161
-1455.3 4061
-1455.1 4132
-1454.9 4200
-1454.7 4053
-1454.5 4138
-1454.3 4230
-1454.1 4024
-1453.9 4199
-1453.7 4143
-1453.5 4151
-1453.3 4186
-1453.1 4180
-1452.9 4240
-1452.7 4253
-1452.5 4169
-1452.3 4193
-1452.1 4173
-1451.9 4266
-1451.7 4220
-1451.5 4126
-1451.3 4110
-1451.1 4285
-1450.9 4265
-1450.7 4236
-1450.5 4295
-1450.3 4312
-1450.1 4310
-1449.9 4280
-1449.7 4318
-1449.5 4264
-1449.3 4258
-1449.1 4212
-1448.9 4162
-1448.7 4162
-1448.5 4382
-1448.3 4046
-1448.1 4314
-1447.9 4214
-1447.7 4203
-1447.5 4258
-1447.3 4153
-1447.1 4075
-1446.9 4220
-1446.7 4102
-1446.5 4108
-1446.3 4063
-1446.1 4237
-1445.9 4113
-1445.7 4164
-1445.5 4035
-1445.3 4117
-1445.1 4104
-1444.9 4133
-1444.7 4118
-1444.5 4115
-1444.3 4127
-1444.1 4240
-1443.9 4066
-1443.7 4096
-1443.5 4102
-1443.3 4039
-1443.1 4071
-1442.9 4127
-1442.7 4076
-1442.5 4071
-1442.3 4024
-1442.1 4134
-1441.9 4174
-1441.7 4154
-1441.5 4063
-1441.3 4140
-1441.1 4100
-1440.9 4129
-1440.7 4079
-1440.5 4054
-1440.3 4020
-1440.1 4092
-1439.9 4190
-1439.7 4195
-1439.5 4112
-1439.3 4118
-1439.1 4032
-1438.9 4154
-1438.7 4163
-1438.5 4218
-1438.3 4143
-1438.1 4127
-1437.9 4085
-1437.7 4182
-1437.5 4123
-1437.3 4228
-1437.1 4144
-1436.9 4322
-1436.7 4145
-1436.5 4234
-1436.3 4194
-1436.1 4152
-1435.9 4221
-1435.7 4110
-1435.5 4171
-1435.3 4351
-1435.1 4147
-1434.9 4220
-1434.7 4188
-1434.5 4181
-1434.3 4231
-1434.1 4298
-1433.9 4181
-1433.7 4256
-1433.5 4274
-1433.3 4286
-1433.1 4313
-1432.9 4089
-1432.7 4145
-1432.5 4300
-1432.3 4176
-1432.1 4214
-1431.9 4266
-1431.7 4252
-1431.5 4201
-1431.3 4279
-1431.1 4111
-1430.9 4109
-1430.7 4128
-1430.5 4164
-1430.3 4092
-1430.1 4123
-1429.9 4148
-1429.7 4187
-1429.5 4144
-1429.3 4195
-1429.1 4051
-1428.9 4327
-1428.7 4157
-1428.5 4129
-1428.3 4072
-1428.1 4105
-1427.9 4146
-1427.7 4095
-1427.5 4102
-1427.3 4084
-1427.1 4128
-1426.9 4217
-1426.7 4180
-1426.5 4162
-1426.3 4121
-1426.1 4226
-1425.9 4190
-1425.7 4202
-1425.5 4422
-1425.3 4088
-1425.1 4213
-1424.9 4115
-1424.7 4214
-1424.5 4263
-1424.3 4146
-1424.1 4282
-1423.9 4177
-1423.7 4215
-1423.5 4261
-1423.3 4230
-1423.1 4175
-1422.9 4153
-1422.7 4231
-1422.5 4166
-1422.3 4206
-1422.1 4284
-1421.9 4328
-1421.7 4281
-1421.5 4159
-1421.3 4284
-1421.1 4178
-1420.9 4274
-1420.7 4234
-1420.5 4221
-1420.3 4289
-1420.1 4234
-1419.9 4219
-1419.7 4260
-1419.5 4186
-1419.3 4348
-1419.1 4198
-1418.9 4121
-1418.7 4217
-1418.5 4222
-1418.3 4228
-1418.1 4092
-1417.9 4222
-1417.7 4212
-1417.5 4234
-1417.3 4124
-1417.1 4156
-1416.9 4241
-1416.7 4177
-1416.5 4228
-1416.3 4202
-1416.1 4311
-1415.9 4227
-1415.7 4303
-1415.5 4251
-1415.3 4142
-1415.1 4194
-1414.9 4188
-1414.7 4232
-1414.5 4285
-1414.3 4235
-1414.1 4183
-1413.9 4161
-1413.7 4179
-1413.5 4112
-1413.3 4174
-1413.1 4116
-1412.9 4299
-1412.7 4155
-1412.5 4139
-1412.3 4262
-1412.1 4171
-1411.9 4060
-1411.7 4213
-1411.5 4088
-1411.3 4224
-1411.1 4106
-1410.9 4156
-1410.7 4188
-1410.5 4194
-1410.3 4258
-1410.1 4228
-1409.9 4153
-1409.7 4189
-1409.5 4151
-1409.3 4187
-1409.1 4171
-1408.9 4269
-1408.7 4183
-1408.5 4229
-1408.3 4362
-1408.1 4117
-1407.9 4183
-1407.7 4077
-1407.5 4116
-1407.3 4214
-1407.1 4133
-1406.9 4023
-1406.7 4115
-1406.5 4177
-1406.3 4124
-1406.1 4161
-1405.9 4238
-1405.7 4153
-1405.5 4203
-1405.3 4257
-1405.1 4150
-1404.9 4162
-1404.7 4073
-1404.5 4083
-1404.3 4176
-1404.1 4058
-1403.9 4113
-1403.7 4132
-1403.5 4211
-1403.3 3979
-1403.1 4109
-1402.9 4169
-1402.7 4115
-1402.5 4162
-1402.3 4172
-1402.1 4208
-1401.9 4078
-1401.7 4176
-1401.5 4095
-1401.3 4084
-1401.1 4124
-1400.9 4068
-1400.7 4157
-1400.5 4026
-1400.3 4138
-1400.1 4054
-1399.9 4157
-1399.7 4208
-1399.5 4132
-1399.3 4189
-1399.1 4200
-1398.9 4084
-1398.7 4367
-1398.5 4153
-1398.3 4206
-1398.1 4217
-1397.9 4178
-1397.7 4242
-1397.5 4260
-1397.3 4371
-1397.1 4337
-1396.9 4233
-1396.7 4283
-1396.5 4218
-1396.3 4305
-1396.1 4215
-1395.9 4190
-1395.7 4199
-1395.5 4253
-1395.3 4364
-1395.1 4348
-1394.9 4284
-1394.7 4330
-1394.5 4321
-1394.3 4370
-1394.1 4373
-1393.9 4277
-1393.7 4333
-1393.5 4325
-1393.3 4286
-1393.1 4324
-1392.9 4207
-1392.7 4224
-1392.5 4370
-1392.3 4206
-1392.1 4305
-1391.9 4265
-1391.7 4294
-1391.5 4367
-1391.3 4352
-1391.1 4390
-1390.9 4424
-1390.7 4322
-1390.5 4223
-1390.3 4268
-1390.1 4233
-1389.9 4251
-1389.7 4190
-1389.5 4185
-1389.3 4236
-1389.1 4271
-1388.9 4138
-1388.7 4181
-1388.5 4237
-1388.3 4088
-1388.1 3963
-1387.9 4266
-1387.7 4182
-1387.5 4108
-1387.3 4125
-1387.1 4087
-1386.9 4047
-1386.7 4153
-1386.5 4146
-1386.3 4055
-1386.1 4130
-1385.9 4100
-1385.7 3962
-1385.5 4129
-1385.3 4041
-1385.1 3998
-1384.9 3992
-1384.7 4104
-1384.5 4035
-1384.3 4129
-1384.1 4127
-1383.9 4087
-1383.7 3996
-1383.5 4070
-1383.3 4182
-1383.1 4129
-1382.9 4044
-1382.7 4084
-1382.5 4138
-1382.3 4123
-1382.1 4146
-1381.9 4112
-1381.7 4257
-1381.5 4111
-1381.3 4190
-1381.1 4029
-1380.9 4093
-1380.7 4131
-1380.5 4148
-1380.3 4199
-1380.1 4125
-1379.9 4123
-1379.7 4304
-1379.5 4156
-1379.3 4194
-1379.1 4178
-1378.9 4268
-1378.7 4138
-1378.5 4125
-1378.3 4308
-1378.1 4072
-1377.9 4261
-1377.7 4290
-1377.5 4270
-1377.3 4218
-1377.1 4161
-1376.9 4286
-1376.7 4244
-1376.5 4291
-1376.3 4175
-1376.1 4193
-1375.9 4316
-1375.7 4212
-1375.5 4302
-1375.3 4265
-1375.1 4202
-1374.9 4208
-1374.7 4226
-1374.5 4182
-1374.3 4273
-1374.1 4209
-1373.9 4182
-1373.7 4303
-1373.5 4212
-1373.3 4177
-1373.1 4193
-1372.9 4211
-1372.7 4154
-1372.5 4187
-1372.3 4169
-1372.1 4180
-1371.9 4235
-1371.7 4175
-1371.5 4265
-1371.3 4097
-1371.1 4189
-1370.9 4108
-1370.7 4106
-1370.5 4256
-1370.3 4041
-1370.1 4141
-1369.9 4194
-1369.7 4307
-1369.5 4132
-1369.3 4199
-1369.1 4181
-1368.9 4247
-1368.7 4307
-1368.5 4227
-1368.3 4154
-1368.1 4308
-1367.9 4053
-1367.7 4187
-1367.5 4256
-1367.3 4209
-1367.1 4220
-1366.9 4241
-1366.7 4248
-1366.5 4044
-1366.3 4149
-1366.1 4077
-1365.9 4040
-1365.7 4132
-1365.5 4001
-1365.3 4132
-1365.1 4162
-1364.9 4174
-1364.7 4129
-1364.5 4084
-1364.3 4109
-1364.1 4227
-1363.9 4178
-1363.7 4157
-1363.5 4073
-1363.3 4180
-1363.1 4212
-1362.9 4266
-1362.7 4250
-1362.5 4102
-1362.3 4235
-1362.1 4161
-1361.9 4100
-1361.7 4173
-1361.5 4168
-1361.3 4142
-1361.1 4124
-1360.9 4120
-1360.7 4215
-1360.5 4107
-1360.3 4126
-1360.1 4098
-1359.9 4152
-1359.7 4153
-1359.5 4095
-1359.3 4061
-1359.1 4092
-1358.9 4112
-1358.7 4163
-1358.5 4027
-1358.3 4172
-1358.1 3993
-1357.9 4056
-1357.7 4020
-1357.5 4083
-1357.3 4031
-1357.1 4046
-1356.9 4031
-1356.7 4028
-1356.5 4077
-1356.3 4050
-1356.1 3982
-1355.9 3944
-1355.7 3884
-1355.5 3944
-1355.3 4005
-1355.1 3913
-1354.9 3877
-1354.7 3940
-1354.5 3839
-1354.3 3914
-1354.1 3894
-1353.9 3845
-1353.7 3902
-1353.5 3909
-1353.3 3868
-1353.1 3995
-1352.9 3826
-1352.7 3806
-1352.5 3817
-1352.3 3664
-1352.1 3798
-1351.9 3834
-1351.7 3735
-1351.5 3815
-1351.3 3748
-1351.1 3710
-1350.9 3718
-1350.7 3736
-1350.5 3696
-1350.3 3643
-1350.1 3566
-1349.9 3565
-1349.7 3584
-1349.5 3597
-1349.3 3627
-1349.1 3568
-1348.9 3543
-1348.7 3510
-1348.5 3377
-1348.3 3564
-1348.1 3499
-1347.9 3491
-1347.7 3414
-1347.5 3384
-1347.3 3290
-1347.1 3245
-1346.9 3308
-1346.7 3240
-1346.5 3145
-1346.3 3192
-1346.1 3140
-1345.9 3256
-1345.7 3141
-1345.5 3107
-1345.3 3085
-1345.1 3050
-1344.9 3078
-1344.7 3090
-1344.5 2966
-1344.3 2948
-1344.1 2919
-1343.9 2899
-1343.7 2893
-1343.5 2810
-1343.3 2807
-1343.1 2784
-1342.9 2739
-1342.7 2705
-1342.5 2670
-1342.3 2669
-1342.1 2629
-1341.9 2577
-1341.7 2688
-1341.5 2551
-1341.3 2483
-1341.1 2516
-1340.9 2485
-1340.7 2480
-1340.5 2465
-1340.3 2364
-1340.1 2307
-1339.9 2267
-1339.7 2276
-1339.5 2307
-1339.3 2178
-1339.1 2194
-1338.9 2089
-1338.7 2139
-1338.5 2046
-1338.3 2062
-1338.1 2016
-1337.9 1942
-1337.7 1939
-1337.5 1895
-1337.3 1956
-1337.1 1770
-1336.9 1739
-1336.7 1814
-1336.5 1751
-1336.3 1735
-1336.1 1646
-1335.9 1728
-1335.7 1685
-1335.5 1572
-1335.3 1475
-1335.1 1529
-1334.9 1458
-1334.7 1414
-1334.5 1457
-1334.3 1396
-1334.1 1342
-1333.9 1355
-1333.7 1328
-1333.5 1312
-1333.3 1280
-1333.1 1248
-1332.9 1226
-1332.7 1165
-1332.5 1113
-1332.3 1157
-1332.1 1073
-1331.9 1068
-1331.7 1048
-1331.5 985
-1331.3 1078
-1331.1 1023
-1330.9 971
-1330.7 957
-1330.5 910
-1330.3 911
-1330.1 930
-1329.9 838
-1329.7 803
-1329.5 840
-1329.3 764
-1329.1 806
-1328.9 747
-1328.7 770
-1328.5 749
-1328.3 744
-1328.1 736
-1327.9 722
-1327.7 758
-1327.5 710
-1327.3 660
-1327.1 670
-1326.9 701
-1326.7 689
-1326.5 575
-1326.3 633
-1326.1 594
-1325.9 553
-1325.7 599
-1325.5 536
-1325.3 569
-1325.1 519
-1324.9 547
-1324.7 493
-1324.5 562
-1324.3 486
-1324.1 511
-1323.9 451
-1323.7 503
-1323.5 431
-1323.3 434
-1323.1 469
-1322.9 426
-1322.7 411
-1322.5 391
-1322.3 429
-1322.1 438
-1321.9 420
-1321.7 433
-1321.5 400
-1321.3 376
-1321.1 389
-1320.9 378
-1320.7 357
-1320.5 347
-1320.3 365
-1320.1 321
-1319.9 351
-1319.7 317
-1319.5 322
-1319.3 323
-1319.1 308
-1318.9 322
-1318.7 328
-1318.5 290
-1318.3 347
-1318.1 289
-1317.9 314
-1317.7 290
-1317.5 308
-1317.3 290
-1317.1 264
-1316.9 262
-1316.7 295
-1316.5 285
-1316.3 264
-1316.1 257
-1315.9 259
-1315.7 276
-1315.5 251
-1315.3 224
-1315.1 258
-1314.9 248
-1314.7 270
-1314.5 250
-1314.3 265
-1314.1 258
-1313.9 261
-1313.7 246
-1313.5 243
-1313.3 213
-1313.1 231
-1312.9 255
-1312.7 250
-1312.5 257
-1312.3 230
-1312.1 217
-1311.9 253
-1311.7 269
-1311.5 217
-1311.3 215
-1311.1 267
-1310.9 211
-1310.7 219
-1310.5 215
-1310.3 231
-1310.1 267
-1309.9 242
-1309.7 230
-1309.5 243
-1309.3 262
-1309.1 235
-1308.9 245
-1308.7 237
-1308.5 244
-1308.3 238
-1308.1 255
-1307.9 226
-1307.7 220
-1307.5 229
-1307.3 254
-1307.1 235
-1306.9 214
-1306.7 235
-1306.5 251
-1306.3 233
-1306.1 211
-1305.9 230
-1305.7 225
-1305.5 226
-1305.3 226
-1305.1 208
-1304.9 231
-1304.7 223
-1304.5 214
-1304.3 229
-1304.1 192
-1303.9 207
-1303.7 218
-1303.5 215
-1303.3 238
-1303.1 228
-1302.9 204
-1302.7 216
-1302.5 197
-1302.3 219
-1302.1 202
-1301.9 212
-1301.7 229
-1301.5 202
-1301.3 213
-1301.1 209
-1300.9 191
-1300.7 195
-1300.5 251
-1300.3 205
-1300.1 213
