-1589.9 0
-1589.7 25
-1589.5 28
-1589.3 27
-1589.1 14
-1588.9 25
-1588.7 23
-1588.5 26
-1588.3 16
-1588.1 15
-1587.9 10
-1587.7 12
-1587.5 13
-1587.3 12
-1587.1 32
-1586.9 29
-1586.7 24
-1586.5 16
-1586.3 13
-1586.1 23
-1585.9 20
-1585.7 22
-1585.5 25
-1585.3 12
-1585.1 25
-1584.9 16
-1584.7 24
-1584.5 11
-1584.3 13
-1584.1 17
-1583.9 21
-1583.7 18
-1583.5 26
-1583.3 14
-1583.1 19
-1582.9 24
-1582.7 18
-1582.5 16
-1582.3 20
-1582.1 16
-1581.9 21
-1581.7 19
-1581.5 15
-1581.3 20
-1581.1 24
-1580.9 19
-1580.7 9
-1580.5 21
-1580.3 15
-1580.1 5
-1579.9 18
-1579.7 18
-1579.5 13
-1579.3 15
-1579.1 19
-1578.9 19
-1578.7 21
-1578.5 20
-1578.3 20
-1578.1 12
-1577.9 22
-1577.7 18
-1577.5 26
-1577.3 19
-1577.1 23
-1576.9 11
-1576.7 19
-1576.5 17
-1576.3 25
-1576.1 13
-1575.9 19
-1575.7 15
-1575.5 15
-1575.3 15
-1575.1 15
-1574.9 15
-1574.7 12
-1574.5 16
-1574.3 16
-1574.1 20
-1573.9 13
-1573.7 23
-1573.5 16
-1573.3 7
-1573.1 16
-1572.9 15
-1572.7 6
-1572.5 19
-1572.3 10
-1572.1 22
-1571.9 15
-1571.7 20
-1571.5 13
-1571.3 20
-1571.1 15
-1570.9 17
-1570.7 18
-1570.5 14
-1570.3 16
-1570.1 13
-1569.9 9
-1569.7 15
-1569.5 12
-1569.3 19
-1569.1 14
-1568.9 17
-1568.7 11
-1568.5 22
-1568.3 21
-1568.1 17
-1567.9 11
-1567.7 13
-1567.5 21
-1567.3 24
-1567.1 17
-1566.9 18
-1566.7 12
-1566.5 14
-1566.3 14
-1566.1 24
-1565.9 17
-1565.7 13
-1565.5 17
-1565.3 16
-1565.1 18
-1564.9 23
-1564.7 24
-1564.5 21
-1564.3 25
-1564.1 25
-1563.9 28
-1563.7 29
-1563.5 40
-1563.3 38
-1563.1 29
-1562.9 45
-1562.7 54
-1562.5 56
-1562.3 74
-1562.1 74
-1561.9 101
-1561.7 96
-1561.5 145
-1561.3 127
-1561.1 185
-1560.9 189
-1560.7 192
-1560.5 212
-1560.3 209
-1560.1 253
-1559.9 270
-1559.7 309
-1559.5 314
-1559.3 379
-1559.1 361
-1558.9 381
-1558.7 411
-1558.5 456
-1558.3 448
-1558.1 486
-1557.9 505
-1557.7 536
-1557.5 569
-1557.3 591
-1557.1 652
-1556.9 659
-1556.7 721
-1556.5 745
-1556.3 719
-1556.1 737
-1555.9 840
-1555.7 812
-1555.5 838
-1555.3 970
-1555.1 943
-1554.9 999
-1554.7 1010
-1554.5 990
-1554.3 1107
-1554.1 1105
-1553.9 1116
-1553.7 1195
-1553.5 1323
-1553.3 1265
-1553.1 1305
-1552.9 1402
-1552.7 1425
-1552.5 1446
-1552.3 1582
-1552.1 1576
-1551.9 1675
-1551.7 1700
-1551.5 1807
-1551.3 1725
-1551.1 1800
-1550.9 1818
-1550.7 1890
-1550.5 1930
-1550.3 1978
-1550.1 2100
-1549.9 2160
-1549.7 2192
-1549.5 2193
-1549.3 2316
-1549.1 2291
-1548.9 2389
-1548.7 2428
-1548.5 2426
-1548.3 2471
-1548.1 2587
-1547.9 2670
-1547.7 2703
-1547.5 2725
-1547.3 2756
-1547.1 2809
-1546.9 2905
-1546.7 2917
-1546.5 2908
-1546.3 3043
-1546.1 3069
-1545.9 3160
-1545.7 3100
-1545.5 3106
-1545.3 3246
-1545.1 3380
-1544.9 3438
-1544.7 3369
-1544.5 3278
-1544.3 3547
-1544.1 3497
-1543.9 3561
-1543.7 3496
-1543.5 3575
-1543.3 3659
-1543.1 3700
-1542.9 3746
-1542.7 3804
-1542.5 3783
-1542.3 3728
-1542.1 3891
-1541.9 3839
-1541.7 3842
-1541.5 3846
-1541.3 3915
-1541.1 3970
-1540.9 4006
-1540.7 3995
-1540.5 3998
-1540.3 3973
-1540.1 4142
-1539.9 4021
-1539.7 4050
-1539.5 4178
-1539.3 4188
-1539.1 4154
-1538.9 4171
-1538.7 4185
-1538.5 4345
-1538.3 4263
-1538.1 4277
-1537.9 4291
-1537.7 4419
-1537.5 4329
-1537.3 4431
-1537.1 4357
-1536.9 4380
-1536.7 4315
-1536.5 4390
-1536.3 4540
-1536.1 4496
-1535.9 4453
-1535.7 4419
-1535.5 4523
-1535.3 4516
-1535.1 4501
-1534.9 4647
-1534.7 4439
-1534.5 4544
-1534.3 4551
-1534.1 4534
-1533.9 4548
-1533.7 4520
-1533.5 4591
-1533.3 4515
-1533.1 4439
-1532.9 4598
-1532.7 4595
-1532.5 4683
-1532.3 4622
-1532.1 4547
-1531.9 4605
-1531.7 4458
-1531.5 4497
-1531.3 4446
-1531.1 4565
-1530.9 4477
-1530.7 4618
-1530.5 4551
-1530.3 4555
-1530.1 4583
-1529.9 4507
-1529.7 4643
-1529.5 4552
-1529.3 4560
-1529.1 4574
-1528.9 4582
-1528.7 4660
-1528.5 4669
-1528.3 4581
-1528.1 4597
-1527.9 4702
-1527.7 4721
-1527.5 4612
-1527.3 4670
-1527.1 4564
-1526.9 4802
-1526.7 4641
-1526.5 4833
-1526.3 4897
-1526.1 4834
-1525.9 4892
-1525.7 4787
-1525.5 4873
-1525.3 4821
-1525.1 4974
-1524.9 4996
-1524.7 4921
-1524.5 5019
-1524.3 4864
-1524.1 5120
-1523.9 5278
-1523.7 5159
-1523.5 5155
-1523.3 5044
-1523.1 5039
-1522.9 5228
-1522.7 5118
-1522.5 5203
-1522.3 5071
-1522.1 5066
-1521.9 5078
-1521.7 5125
-1521.5 5089
-1521.3 5098
-1521.1 5076
-1520.9 4892
-1520.7 4963
-1520.5 4892
-1520.3 5021
-1520.1 4831
-1519.9 4779
-1519.7 4796
-1519.5 4675
-1519.3 4640
-1519.1 4681
-1518.9 4683
-1518.7 4446
-1518.5 4492
-1518.3 4529
-1518.1 4372
-1517.9 4447
-1517.7 4489
-1517.5 4268
-1517.3 4392
-1517.1 4344
-1516.9 4228
-1516.7 4227
-1516.5 4081
-1516.3 4185
-1516.1 4065
-1515.9 4146
-1515.7 4049
-1515.5 3866
-1515.3 3974
-1515.1 3955
-1514.9 3940
-1514.7 3872
-1514.5 3918
-1514.3 3864
-1514.1 3749
-1513.9 3864
-1513.7 3846
-1513.5 3748
-1513.3 3783
-1513.1 3624
-1512.9 3719
-1512.7 3766
-1512.5 3758
-1512.3 3782
-1512.1 3786
-1511.9 3742
-1511.7 3776
-1511.5 3926
-1511.3 3928
-1511.1 3778
-1510.9 3838
-1510.7 3994
-1510.5 3979
-1510.3 3990
-1510.1 4075
-1509.9 4103
-1509.7 4152
-1509.5 4309
-1509.3 4217
-1509.1 4256
-1508.9 4514
-1508.7 4389
-1508.5 4525
-1508.3 4573
-1508.1 4638
-1507.9 4588
-1507.7 4798
-1507.5 4762
-1507.3 4822
-1507.1 4808
-1506.9 5123
-1506.7 5012
-1506.5 5131
-1506.3 5043
-1506.1 5071
-1505.9 5127
-1505.7 5299
-1505.5 5245
-1505.3 5150
-1505.1 5284
-1504.9 5236
-1504.7 5204
-1504.5 5147
-1504.3 5166
-1504.1 5201
-1503.9 5063
-1503.7 5054
-1503.5 4925
-1503.3 4903
-1503.1 4873
-1502.9 4919
-1502.7 4812
-1502.5 4659
-1502.3 4622
-1502.1 4581
-1501.9 4447
-1501.7 4394
-1501.5 4276
-1501.3 4107
-1501.1 4186
-1500.9 4124
-1500.7 4119
-1500.5 3915
-1500.3 3966
-1500.1 3893
-1499.9 3862
-1499.7 3813
-1499.5 3745
-1499.3 3717
-1499.1 3768
-1498.9 3794
-1498.7 3461
-1498.5 3637
-1498.3 3608
-1498.1 3553
-1497.9 3587
-1497.7 3544
-1497.5 3611
-1497.3 3467
-1497.1 3652
-1496.9 3547
-1496.7 3380
-1496.5 3536
-1496.3 3576
-1496.1 3571
-1495.9 3613
-1495.7 3601
-1495.5 3675
-1495.3 3615
-1495.1 3642
-1494.9 3629
-1494.7 3612
-1494.5 3680
-1494.3 3660
-1494.1 3802
-1493.9 3743
-1493.7 3800
-1493.5 3779
-1493.3 3915
-1493.1 3965
-1492.9 3862
-1492.7 4097
-1492.5 3977
-1492.3 4058
-1492.1 4178
-1491.9 4257
-1491.7 4267
-1491.5 4424
-1491.3 4517
-1491.1 4654
-1490.9 4671
-1490.7 4828
-1490.5 4899
-1490.3 5041
-1490.1 5076
-1489.9 5179
-1489.7 5160
-1489.5 5132
-1489.3 5297
-1489.1 5296
-1488.9 5299
-1488.7 5399
-1488.5 5417
-1488.3 5378
-1488.1 5369
-1487.9 5393
-1487.7 5454
-1487.5 5331
-1487.3 5369
-1487.1 5217
-1486.9 5119
-1486.7 5278
-1486.5 5041
-1486.3 5033
-1486.1 4858
-1485.9 4768
-1485.7 4742
-1485.5 4768
-1485.3 4649
-1485.1 4536
-1484.9 4551
-1484.7 4394
-1484.5 4350
-1484.3 4439
-1484.1 4220
-1483.9 4262
-1483.7 4011
-1483.5 4102
-1483.3 3985
-1483.1 4005
-1482.9 3986
-1482.7 3944
-1482.5 3926
-1482.3 3878
-1482.1 3832
-1481.9 3786
-1481.7 3779
-1481.5 3740
-1481.3 3706
-1481.1 3756
-1480.9 3728
-1480.7 3676
-1480.5 3683
-1480.3 3740
-1480.1 3693
-1479.9 3706
-1479.7 3742
-1479.5 3847
-1479.3 3736
-1479.1 3832
-1478.9 3817
-1478.7 3972
-1478.5 3930
-1478.3 3947
-1478.1 4061
-1477.9 4137
-1477.7 4161
-1477.5 4162
-1477.3 4094
-1477.1 4101
-1476.9 4217
-1476.7 4106
-1476.5 4261
-1476.3 4126
-1476.1 4263
-1475.9 4158
-1475.7 4257
-1475.5 4382
-1475.3 4338
-1475.1 4421
-1474.9 4446
-1474.7 4498
-1474.5 4465
-1474.3 4531
-1474.1 4619
-1473.9 4574
-1473.7 4657
-1473.5 4586
-1473.3 4985
-1473.1 4813
-1472.9 4950
-1472.7 4981
-1472.5 4969
-1472.3 5048
-1472.1 5111
-1471.9 5136
-1471.7 5240
-1471.5 5320
-1471.3 5264
-1471.1 5228
-1470.9 5083
-1470.7 5241
-1470.5 5193
-1470.3 5187
-1470.1 5233
-1469.9 5112
-1469.7 5035
-1469.5 4978
-1469.3 4963
-1469.1 4810
-1468.9 4831
-1468.7 4639
-1468.5 4692
-1468.3 4494
-1468.1 4560
-1467.9 4329
-1467.7 4387
-1467.5 4314
-1467.3 4125
-1467.1 4212
-1466.9 4079
-1466.7 4168
-1466.5 3993
-1466.3 3889
-1466.1 3859
-1465.9 3920
-1465.7 3800
-1465.5 3883
-1465.3 3780
-1465.1 3689
-1464.9 3781
-1464.7 3613
-1464.5 3781
-1464.3 3759
-1464.1 3754
-1463.9 3699
-1463.7 3652
-1463.5 3742
-1463.3 3761
-1463.1 3665
-1462.9 3634
-1462.7 3644
-1462.5 3774
-1462.3 3690
-1462.1 3679
-1461.9 3760
-1461.7 3669
-1461.5 3668
-1461.3 3719
-1461.1 3821
-1460.9 3617
-1460.7 3753
-1460.5 3649
-1460.3 3753
-1460.1 3638
-1459.9 3912
-1459.7 3904
-1459.5 3920
-1459.3 3923
-1459.1 3858
-1458.9 4006
-1458.7 3932
-1458.5 3955
-1458.3 3991
-1458.1 4064
-1457.9 4255
-1457.7 4237
-1457.5 4320
-1457.3 4219
-1457.1 4336
-1456.9 4456
-1456.7 4503
-1456.5 4639
-1456.3 4704
-1456.1 4876
-1455.9 4866
-1455.7 5027
-1455.5 5019
-1455.3 5098
-1455.1 5083
-1454.9 5145
-1454.7 5309
-1454.5 5416
-1454.3 5567
-1454.1 5440
-1453.9 5362
-1453.7 5397
-1453.5 5363
-1453.3 5429
-1453.1 5490
-1452.9 5421
-1452.7 5348
-1452.5 5460
-1452.3 5315
-1452.1 5245
-1451.9 5103
-1451.7 5038
-1451.5 4904
-1451.3 4899
-1451.1 4925
-1450.9 4851
-1450.7 4781
-1450.5 4573
-1450.3 4721
-1450.1 4463
-1449.9 4515
-1449.7 4453
-1449.5 4425
-1449.3 4292
-1449.1 4265
-1448.9 4129
-1448.7 4204
-1448.5 4235
-1448.3 4024
-1448.1 4024
-1447.9 4152
-1447.7 4084
-1447.5 4121
-1447.3 4068
-1447.1 3963
-1446.9 3913
-1446.7 3880
-1446.5 3967
-1446.3 3994
-1446.1 3880
-1445.9 3817
-1445.7 3857
-1445.5 3762
-1445.3 3871
-1445.1 3832
-1444.9 3742
-1444.7 3788
-1444.5 3810
-1444.3 3930
-1444.1 3690
-1443.9 3729
-1443.7 3790
-1443.5 3817
-1443.3 3829
-1443.1 3755
-1442.9 3655
-1442.7 3780
-1442.5 3704
-1442.3 3740
-1442.1 3682
-1441.9 3723
-1441.7 3744
-1441.5 3811
-1441.3 3734
-1441.1 3792
-1440.9 3902
-1440.7 3932
-1440.5 3917
-1440.3 3865
-1440.1 4047
-1439.9 3995
-1439.7 4103
-1439.5 3975
-1439.3 4183
-1439.1 4158
-1438.9 4305
-1438.7 4266
-1438.5 4349
-1438.3 4314
-1438.1 4576
-1437.9 4576
-1437.7 4513
-1437.5 4612
-1437.3 4718
-1437.1 4616
-1436.9 4770
-1436.7 4598
-1436.5 4768
-1436.3 4868
-1436.1 4832
-1435.9 4886
-1435.7 4771
-1435.5 4892
-1435.3 4896
-1435.1 4815
-1434.9 4740
-1434.7 4957
-1434.5 4767
-1434.3 4805
-1434.1 4696
-1433.9 4715
-1433.7 4668
-1433.5 4674
-1433.3 4686
-1433.1 4557
-1432.9 4569
-1432.7 4559
-1432.5 4500
-1432.3 4641
-1432.1 4578
-1431.9 4554
-1431.7 4485
-1431.5 4458
-1431.3 4405
-1431.1 4372
-1430.9 4453
-1430.7 4227
-1430.5 4345
-1430.3 4260
-1430.1 4244
-1429.9 4197
-1429.7 4216
-1429.5 4207
-1429.3 4201
-1429.1 4111
-1428.9 4156
-1428.7 4096
-1428.5 4074
-1428.3 4070
-1428.1 3997
-1427.9 4014
-1427.7 3957
-1427.5 4063
-1427.3 4044
-1427.1 4009
-1426.9 4042
-1426.7 3869
-1426.5 3842
-1426.3 4014
-1426.1 3931
-1425.9 3854
-1425.7 3822
-1425.5 3975
-1425.3 3900
-1425.1 4003
-1424.9 3936
-1424.7 3883
-1424.5 3945
-1424.3 4063
-1424.1 3897
-1423.9 3916
-1423.7 3875
-1423.5 3861
-1423.3 3948
-1423.1 3977
-1422.9 4018
-1422.7 4039
-1422.5 3944
-1422.3 4024
-1422.1 4060
-1421.9 3962
-1421.7 3971
-1421.5 4051
-1421.3 3991
-1421.1 4019
-1420.9 4180
-1420.7 4138
-1420.5 4269
-1420.3 4135
-1420.1 4182
-1419.9 4304
-1419.7 4254
-1419.5 4270
-1419.3 4244
-1419.1 4342
-1418.9 4416
-1418.7 4431
-1418.5 4447
-1418.3 4445
-1418.1 4416
-1417.9 4399
-1417.7 4387
-1417.5 4432
-1417.3 4520
-1417.1 4462
-1416.9 4421
-1416.7 4525
-1416.5 4594
-1416.3 4648
-1416.1 4494
-1415.9 4514
-1415.7 4351
-1415.5 4597
-1415.3 4676
-1415.1 4462
-1414.9 4436
-1414.7 4454
-1414.5 4405
-1414.3 4454
-1414.1 4487
-1413.9 4266
-1413.7 4447
-1413.5 4385
-1413.3 4239
-1413.1 4423
-1412.9 4283
-1412.7 4194
-1412.5 4279
-1412.3 4268
-1412.1 4171
-1411.9 4103
-1411.7 4148
-1411.5 4123
-1411.3 4148
-1411.1 4187
-1410.9 3985
-1410.7 4041
-1410.5 4175
-1410.3 4107
-1410.1 4031
-1409.9 4125
-1409.7 3972
-1409.5 4007
-1409.3 4002
-1409.1 3925
-1408.9 3982
-1408.7 3991
-1408.5 4022
-1408.3 3914
-1408.1 4068
-1407.9 3950
-1407.7 4010
-1407.5 3924
-1407.3 3897
-1407.1 3907
-1406.9 4007
-1406.7 3974
-1406.5 4022
-1406.3 4018
-1406.1 3932
-1405.9 3962
-1405.7 3982
-1405.5 3914
-1405.3 3822
-1405.1 4018
-1404.9 3879
-1404.7 3943
-1404.5 3971
-1404.3 3874
-1404.1 3921
-1403.9 4017
-1403.7 3963
-1403.5 3963
-1403.3 4005
-1403.1 3974
-1402.9 4016
-1402.7 3942
-1402.5 4052
-1402.3 4123
-1402.1 4196
-1401.9 4121
-1401.7 4079
-1401.5 4014
-1401.3 4196
-1401.1 4217
-1400.9 4248
-1400.7 4197
-1400.5 4258
-1400.3 4218
-1400.1 4388
-1399.9 4320
-1399.7 4329
-1399.5 4342
-1399.3 4459
-1399.1 4352
-1398.9 4356
-1398.7 4410
-1398.5 4477
-1398.3 4404
-1398.1 4433
-1397.9 4382
-1397.7 4435
-1397.5 4410
-1397.3 4500
-1397.1 4441
-1396.9 4488
-1396.7 4399
-1396.5 4432
-1396.3 4386
-1396.1 4537
-1395.9 4534
-1395.7 4348
-1395.5 4412
-1395.3 4363
-1395.1 4304
-1394.9 4277
-1394.7 4260
-1394.5 4383
-1394.3 4270
-1394.1 4279
-1393.9 4120
-1393.7 4339
-1393.5 4232
-1393.3 4137
-1393.1 4235
-1392.9 4132
-1392.7 4137
-1392.5 4156
-1392.3 4102
-1392.1 4137
-1391.9 3991
-1391.7 4005
-1391.5 4013
-1391.3 3979
-1391.1 4087
-1390.9 4020
-1390.7 3965
-1390.5 3930
-1390.3 3892
-1390.1 3969
-1389.9 3957
-1389.7 4029
-1389.5 3955
-1389.3 3881
-1389.1 4051
-1388.9 3837
-1388.7 3867
-1388.5 3986
-1388.3 3894
-1388.1 3822
-1387.9 3943
-1387.7 3827
-1387.5 3816
-1387.3 3891
-1387.1 3742
-1386.9 3817
-1386.7 3868
-1386.5 3831
-1386.3 3956
-1386.1 3912
-1385.9 3949
-1385.7 4033
-1385.5 3921
-1385.3 3926
-1385.1 3810
-1384.9 4052
-1384.7 3956
-1384.5 4072
-1384.3 4066
-1384.1 4125
-1383.9 3999
-1383.7 4163
-1383.5 4060
-1383.3 4127
-1383.1 4032
-1382.9 4180
-1382.7 4115
-1382.5 4312
-1382.3 4176
-1382.1 4159
-1381.9 4304
-1381.7 4336
-1381.5 4328
-1381.3 4261
-1381.1 4305
-1380.9 4362
-1380.7 4453
-1380.5 4407
-1380.3 4367
-1380.1 4423
-1379.9 4533
-1379.7 4482
-1379.5 4387
-1379.3 4335
-1379.1 4465
-1378.9 4481
-1378.7 4477
-1378.5 4538
-1378.3 4301
-1378.1 4438
-1377.9 4394
-1377.7 4410
-1377.5 4411
-1377.3 4366
-1377.1 4308
-1376.9 4343
-1376.7 4292
-1376.5 4206
-1376.3 4211
-1376.1 4323
-1375.9 4237
-1375.7 4153
-1375.5 4127
-1375.3 4098
-1375.1 4203
-1374.9 4173
-1374.7 4135
-1374.5 4111
-1374.3 3925
-1374.1 4146
-1373.9 4050
-1373.7 4064
-1373.5 4046
-1373.3 3886
-1373.1 4014
-1372.9 3921
-1372.7 3954
-1372.5 3951
-1372.3 4035
-1372.1 3902
-1371.9 3942
-1371.7 3935
-1371.5 3878
-1371.3 3962
-1371.1 3934
-1370.9 3896
-1370.7 3884
-1370.5 3838
-1370.3 3961
-1370.1 4009
-1369.9 3816
-1369.7 3877
-1369.5 3874
-1369.3 3903
-1369.1 3911
-1368.9 3978
-1368.7 4013
-1368.5 4089
-1368.3 3962
-1368.1 4057
-1367.9 3944
-1367.7 4019
-1367.5 4085
-1367.3 3987
-1367.1 4159
-1366.9 4144
-1366.7 4093
-1366.5 4184
-1366.3 4188
-1366.1 4204
-1365.9 4232
-1365.7 4250
-1365.5 4300
-1365.3 4222
-1365.1 4290
-1364.9 4487
-1364.7 4229
-1364.5 4427
-1364.3 4423
-1364.1 4437
-1363.9 4263
-1363.7 4387
-1363.5 4441
-1363.3 4280
-1363.1 4275
-1362.9 4360
-1362.7 4356
-1362.5 4410
-1362.3 4516
-1362.1 4481
-1361.9 4583
-1361.7 4520
-1361.5 4489
-1361.3 4243
-1361.1 4389
-1360.9 4406
-1360.7 4211
-1360.5 4397
-1360.3 4430
-1360.1 4316
-1359.9 4263
-1359.7 4353
-1359.5 4281
-1359.3 4396
-1359.1 4284
-1358.9 4231
-1358.7 4177
-1358.5 4203
-1358.3 4199
-1358.1 4245
-1357.9 4274
-1357.7 4279
-1357.5 4220
-1357.3 4167
-1357.1 4140
-1356.9 4210
-1356.7 4197
-1356.5 4230
-1356.3 4086
-1356.1 4070
-1355.9 4157
-1355.7 4139
-1355.5 4217
-1355.3 4005
-1355.1 4038
-1354.9 4060
-1354.7 3994
-1354.5 3983
-1354.3 4072
-1354.1 4147
-1353.9 4009
-1353.7 4020
-1353.5 3922
-1353.3 4025
-1353.1 4016
-1352.9 3949
-1352.7 4036
-1352.5 4101
-1352.3 3943
-1352.1 3930
-1351.9 3916
-1351.7 3979
-1351.5 3917
-1351.3 4096
-1351.1 3931
-1350.9 3986
-1350.7 3984
-1350.5 3975
-1350.3 3982
-1350.1 4080
-1349.9 4109
-1349.7 3977
-1349.5 4055
-1349.3 3930
-1349.1 3859
-1348.9 3966
-1348.7 3951
-1348.5 4062
-1348.3 3975
-1348.1 4027
-1347.9 3867
-1347.7 4068
-1347.5 4032
-1347.3 3929
-1347.1 3944
-1346.9 3980
-1346.7 3863
-1346.5 3848
-1346.3 3993
-1346.1 3924
-1345.9 3912
-1345.7 3878
-1345.5 3955
-1345.3 3896
-1345.1 4089
-1344.9 3980
-1344.7 3870
-1344.5 3897
-1344.3 3908
-1344.1 3905
-1343.9 3918
-1343.7 3905
-1343.5 3929
-1343.3 3835
-1343.1 3841
-1342.9 3883
-1342.7 3973
-1342.5 3820
-1342.3 3951
-1342.1 3974
-1341.9 3817
-1341.7 3872
-1341.5 3810
-1341.3 3828
-1341.1 3714
-1340.9 3786
-1340.7 3834
-1340.5 3910
-1340.3 3806
-1340.1 3682
-1339.9 3757
-1339.7 3666
-1339.5 3662
-1339.3 3659
-1339.1 3688
-1338.9 3677
-1338.7 3661
-1338.5 3623
-1338.3 3613
-1338.1 3560
-1337.9 3572
-1337.7 3556
-1337.5 3466
-1337.3 3528
-1337.1 3545
-1336.9 3442
-1336.7 3433
-1336.5 3445
-1336.3 3446
-1336.1 3450
-1335.9 3277
-1335.7 3323
-1335.5 3434
-1335.3 3180
-1335.1 3263
-1334.9 3212
-1334.7 3121
-1334.5 3054
-1334.3 3167
-1334.1 3068
-1333.9 3070
-1333.7 3124
-1333.5 2886
-1333.3 2983
-1333.1 2892
-1332.9 2818
-1332.7 2857
-1332.5 2743
-1332.3 2764
-1332.1 2771
-1331.9 2684
-1331.7 2748
-1331.5 2685
-1331.3 2626
-1331.1 2639
-1330.9 2528
-1330.7 2406
-1330.5 2545
-1330.3 2542
-1330.1 2475
-1329.9 2438
-1329.7 2410
-1329.5 2388
-1329.3 2432
-1329.1 2383
-1328.9 2365
-1328.7 2224
-1328.5 2210
-1328.3 2172
-1328.1 2205
-1327.9 2164
-1327.7 2208
-1327.5 2074
-1327.3 2087
-1327.1 1989
-1326.9 2071
-1326.7 1996
-1326.5 1954
-1326.3 1902
-1326.1 1924
-1325.9 2034
-1325.7 1879
-1325.5 1835
-1325.3 1875
-1325.1 1702
-1324.9 1810
-1324.7 1743
-1324.5 1730
-1324.3 1625
-1324.1 1739
-1323.9 1660
-1323.7 1600
-1323.5 1646
-1323.3 1579
-1323.1 1535
-1322.9 1524
-1322.7 1467
-1322.5 1546
-1322.3 1471
-1322.1 1370
-1321.9 1403
-1321.7 1389
-1321.5 1293
-1321.3 1262
-1321.1 1250
-1320.9 1238
-1320.7 1266
-1320.5 1208
-1320.3 1167
-1320.1 1169
-1319.9 1156
-1319.7 1112
-1319.5 1057
-1319.3 1098
-1319.1 1050
-1318.9 1048
-1318.7 1063
-1318.5 965
-1318.3 929
-1318.1 979
-1317.9 905
-1317.7 846
-1317.5 870
-1317.3 831
-1317.1 856
-1316.9 846
-1316.7 774
-1316.5 761
-1316.3 770
-1316.1 757
-1315.9 688
-1315.7 698
-1315.5 659
-1315.3 652
-1315.1 664
-1314.9 638
-1314.7 595
-1314.5 629
-1314.3 568
-1314.1 635
-1313.9 575
-1313.7 554
-1313.5 521
-1313.3 516
-1313.1 531
-1312.9 561
-1312.7 495
-1312.5 505
-1312.3 463
-1312.1 456
-1311.9 453
-1311.7 491
-1311.5 451
-1311.3 423
-1311.1 408
-1310.9 444
-1310.7 430
-1310.5 409
-1310.3 372
-1310.1 421
-1309.9 389
-1309.7 362
-1309.5 390
-1309.3 359
-1309.1 361
-1308.9 332
-1308.7 347
-1308.5 379
-1308.3 354
-1308.1 331
-1307.9 349
-1307.7 347
-1307.5 331
-1307.3 357
-1307.1 306
-1306.9 304
-1306.7 272
-1306.5 301
-1306.3 341
-1306.1 309
-1305.9 289
-1305.7 270
-1305.5 253
-1305.3 285
-1305.1 287
-1304.9 243
-1304.7 238
-1304.5 268
-1304.3 268
-1304.1 240
-1303.9 248
-1303.7 227
-1303.5 215
-1303.3 244
-1303.1 234
-1302.9 245
-1302.7 247
-1302.5 252
-1302.3 250
-1302.1 244
-1301.9 242
-1301.7 226
-1301.5 192
-1301.3 216
-1301.1 208
-1300.9 206
-1300.7 238
-1300.5 230
-1300.3 225
-1300.1 230
