-1589.9 0
-1589.7 13
-1589.5 13
-1589.3 19
-1589.1 13
-1588.9 17
-1588.7 24
-1588.5 15
-1588.3 28
-1588.1 17
-1587.9 20
-1587.7 19
-1587.5 21
-1587.3 27
-1587.1 17
-1586.9 16
-1586.7 12
-1586.5 25
-1586.3 16
-1586.1 21
-1585.9 19
-1585.7 12
-1585.5 17
-1585.3 23
-1585.1 19
-1584.9 18
-1584.7 15
-1584.5 23
-1584.3 15
-1584.1 22
-1583.9 22
-1583.7 15
-1583.5 22
-1583.3 16
-1583.1 18
-1582.9 25
-1582.7 19
-1582.5 18
-1582.3 13
-1582.1 29
-1581.9 22
-1581.7 19
-1581.5 14
-1581.3 25
-1581.1 17
-1580.9 23
-1580.7 21
-1580.5 14
-1580.3 19
-1580.1 18
-1579.9 18
-1579.7 22
-1579.5 21
-1579.3 23
-1579.1 25
-1578.9 24
-1578.7 18
-1578.5 24
-1578.3 27
-1578.1 27
-1577.9 37
-1577.7 32
-1577.5 30
-1577.3 35
-1577.1 44
-1576.9 30
-1576.7 51
-1576.5 41
-1576.3 51
-1576.1 36
-1575.9 40
-1575.7 50
-1575.5 60
-1575.3 46
-1575.1 60
-1574.9 56
-1574.7 69
-1574.5 83
-1574.3 89
-1574.1 76
-1573.9 89
-1573.7 102
-1573.5 139
-1573.3 121
-1573.1 124
-1572.9 159
-1572.7 179
-1572.5 184
-1572.3 195
-1572.1 203
-1571.9 234
-1571.7 246
-1571.5 250
-1571.3 263
-1571.1 309
-1570.9 337
-1570.7 373
-1570.5 362
-1570.3 407
-1570.1 423
-1569.9 425
-1569.7 464
-1569.5 478
-1569.3 576
-1569.1 542
-1568.9 575
-1568.7 621
-1568.5 633
-1568.3 669
-1568.1 686
-1567.9 731
-1567.7 711
-1567.5 789
-1567.3 838
-1567.1 853
-1566.9 842
-1566.7 863
-1566.5 908
-1566.3 944
-1566.1 969
-1565.9 1038
-1565.7 988
-1565.5 1077
-1565.3 1091
-1565.1 1102
-1564.9 1181
-1564.7 1203
-1564.5 1219
-1564.3 1221
-1564.1 1309
-1563.9 1357
-1563.7 1451
-1563.5 1389
-1563.3 1530
-1563.1 1500
-1562.9 1532
-1562.7 1619
-1562.5 1573
-1562.3 1683
-1562.1 1707
-1561.9 1760
-1561.7 1835
-1561.5 1847
-1561.3 1893
-1561.1 2048
-1560.9 2049
-1560.7 2100
-1560.5 2074
-1560.3 2124
-1560.1 2093
-1559.9 2263
-1559.7 2243
-1559.5 2312
-1559.3 2311
-1559.1 2314
-1558.9 2427
-1558.7 2431
-1558.5 2600
-1558.3 2582
-1558.1 2611
-1557.9 2664
-1557.7 2652
-1557.5 2710
-1557.3 2882
-1557.1 2947
-1556.9 2913
-1556.7 2996
-1556.5 2955
-1556.3 2999
-1556.1 3006
-1555.9 3106
-1555.7 3138
-1555.5 3109
-1555.3 3210
-1555.1 3246
-1554.9 3226
-1554.7 3340
-1554.5 3226
-1554.3 3381
-1554.1 3417
-1553.9 3454
-1553.7 3555
-1553.5 3517
-1553.3 3576
-1553.1 3458
-1552.9 3558
-1552.7 3629
-1552.5 3684
-1552.3 3648
-1552.1 3754
-1551.9 3669
-1551.7 3819
-1551.5 3829
-1551.3 3737
-1551.1 3858
-1550.9 3869
-1550.7 3844
-1550.5 3889
-1550.3 3874
-1550.1 3946
-1549.9 3950
-1549.7 4046
-1549.5 4092
-1549.3 4038
-1549.1 4005
-1548.9 3984
-1548.7 4148
-1548.5 4068
-1548.3 4142
-1548.1 4181
-1547.9 4168
-1547.7 4286
-1547.5 4247
-1547.3 4118
-1547.1 4299
-1546.9 4295
-1546.7 4313
-1546.5 4284
-1546.3 4326
-1546.1 4316
-1545.9 4424
-1545.7 4341
-1545.5 4307
-1545.3 4410
-1545.1 4439
-1544.9 4407
-1544.7 4473
-1544.5 4468
-1544.3 4488
-1544.1 4410
-1543.9 4344
-1543.7 4449
-1543.5 4429
-1543.3 4512
-1543.1 4609
-1542.9 4506
-1542.7 4541
-1542.5 4429
-1542.3 4557
-1542.1 4610
-1541.9 4518
-1541.7 4446
-1541.5 4499
-1541.3 4613
-1541.1 4562
-1540.9 4674
-1540.7 4544
-1540.5 4507
-1540.3 4700
-1540.1 4648
-1539.9 4717
-1539.7 4529
-1539.5 4688
-1539.3 4569
-1539.1 4646
-1538.9 4603
-1538.7 4682
-1538.5 4528
-1538.3 4596
-1538.1 4548
-1537.9 4517
-1537.7 4623
-1537.5 4542
-1537.3 4611
-1537.1 4596
-1536.9 4561
-1536.7 4546
-1536.5 4626
-1536.3 4472
-1536.1 4515
-1535.9 4487
-1535.7 4629
-1535.5 4597
-1535.3 4524
-1535.1 4540
-1534.9 4657
-1534.7 4498
-1534.5 4527
-1534.3 4491
-1534.1 4491
-1533.9 4439
-1533.7 4466
-1533.5 4544
-1533.3 4515
-1533.1 4549
-1532.9 4565
-1532.7 4541
-1532.5 4534
-1532.3 4444
-1532.1 4529
-1531.9 4539
-1531.7 4562
-1531.5 4511
-1531.3 4538
-1531.1 4563
-1530.9 4432
-1530.7 4481
-1530.5 4420
-1530.3 4393
-1530.1 4422
-1529.9 4573
-1529.7 4456
-1529.5 4431
-1529.3 4474
-1529.1 4348
-1528.9 4483
-1528.7 4404
-1528.5 4475
-1528.3 4393
-1528.1 4413
-1527.9 4369
-1527.7 4338
-1527.5 4373
-1527.3 4320
-1527.1 4292
-1526.9 4377
-1526.7 4294
-1526.5 4454
-1526.3 4410
-1526.1 4383
-1525.9 4251
-1525.7 4345
-1525.5 4386
-1525.3 4296
-1525.1 4205
-1524.9 4241
-1524.7 4229
-1524.5 4170
-1524.3 4235
-1524.1 4232
-1523.9 4294
-1523.7 4212
-1523.5 4193
-1523.3 4173
-1523.1 4182
-1522.9 4135
-1522.7 4224
-1522.5 4057
-1522.3 4038
-1522.1 4092
-1521.9 4089
-1521.7 4118
-1521.5 4150
-1521.3 4110
-1521.1 4147
-1520.9 4039
-1520.7 4068
-1520.5 4003
-1520.3 3992
-1520.1 3995
-1519.9 4061
-1519.7 4056
-1519.5 3987
-1519.3 3958
-1519.1 4014
-1518.9 4060
-1518.7 4032
-1518.5 4003
-1518.3 3977
-1518.1 3988
-1517.9 4041
-1517.7 4007
-1517.5 4056
-1517.3 3987
-1517.1 4030
-1516.9 4148
-1516.7 4021
-1516.5 4045
-1516.3 4068
-1516.1 4020
-1515.9 4109
-1515.7 4117
-1515.5 4101
-1515.3 4136
-1515.1 4069
-1514.9 4106
-1514.7 4161
-1514.5 4202
-1514.3 4139
-1514.1 4099
-1513.9 4193
-1513.7 4173
-1513.5 4194
-1513.3 4178
-1513.1 4249
-1512.9 4335
-1512.7 4230
-1512.5 4211
-1512.3 4186
-1512.1 4199
-1511.9 4231
-1511.7 4183
-1511.5 4208
-1511.3 4126
-1511.1 4177
-1510.9 4184
-1510.7 4195
-1510.5 4087
-1510.3 4131
-1510.1 4113
-1509.9 4111
-1509.7 4208
-1509.5 4028
-1509.3 4195
-1509.1 4067
-1508.9 4010
-1508.7 4054
-1508.5 4010
-1508.3 4004
-1508.1 3925
-1507.9 3895
-1507.7 3959
-1507.5 3990
-1507.3 3942
-1507.1 3936
-1506.9 4106
-1506.7 4019
-1506.5 3939
-1506.3 3964
-1506.1 3963
-1505.9 4006
-1505.7 3798
-1505.5 3916
-1505.3 3810
-1505.1 3839
-1504.9 3741
-1504.7 3997
-1504.5 3867
-1504.3 3927
-1504.1 3947
-1503.9 3902
-1503.7 3985
-1503.5 3927
-1503.3 3815
-1503.1 3930
-1502.9 3912
-1502.7 3927
-1502.5 3865
-1502.3 3881
-1502.1 3870
-1501.9 3875
-1501.7 3852
-1501.5 4001
-1501.3 3928
-1501.1 3914
-1500.9 4024
-1500.7 3962
-1500.5 4125
-1500.3 3937
-1500.1 3972
-1499.9 3930
-1499.7 4043
-1499.5 4057
-1499.3 3960
-1499.1 4007
-1498.9 4129
-1498.7 3974
-1498.5 4093
-1498.3 4079
-1498.1 4163
-1497.9 3907
-1497.7 4149
-1497.5 4080
-1497.3 4006
-1497.1 3989
-1496.9 4131
-1496.7 4005
-1496.5 4014
-1496.3 3855
-1496.1 3996
-1495.9 4059
-1495.7 4106
-1495.5 3901
-1495.3 4047
-1495.1 3969
-1494.9 3953
-1494.7 4085
-1494.5 4042
-1494.3 4021
-1494.1 3949
-1493.9 4037
-1493.7 3920
-1493.5 3933
-1493.3 3931
-1493.1 4033
-1492.9 4000
-1492.7 4001
-1492.5 3986
-1492.3 3908
-1492.1 3779
-1491.9 4055
-1491.7 4038
-1491.5 3958
-1491.3 3887
-1491.1 3956
-1490.9 3953
-1490.7 3853
-1490.5 3955
-1490.3 3964
-1490.1 4026
-1489.9 4019
-1489.7 3940
-1489.5 4074
-1489.3 3984
-1489.1 4020
-1488.9 4029
-1488.7 4124
-1488.5 4134
-1488.3 4032
-1488.1 3988
-1487.9 4001
-1487.7 3986
-1487.5 4080
-1487.3 4005
-1487.1 4102
-1486.9 4041
-1486.7 4065
-1486.5 4044
-1486.3 4040
-1486.1 3972
-1485.9 3899
-1485.7 3981
-1485.5 3978
-1485.3 3926
-1485.1 4030
-1484.9 4020
-1484.7 4039
-1484.5 3941
-1484.3 3969
-1484.1 3978
-1483.9 3944
-1483.7 3848
-1483.5 3972
-1483.3 3994
-1483.1 4077
-1482.9 3868
-1482.7 3984
-1482.5 4084
-1482.3 3950
-1482.1 3859
-1481.9 3979
-1481.7 3957
-1481.5 4085
-1481.3 3947
-1481.1 4044
-1480.9 3936
-1480.7 4021
-1480.5 3912
-1480.3 3953
-1480.1 3983
-1479.9 4035
-1479.7 4057
-1479.5 4105
-1479.3 3971
-1479.1 4067
-1478.9 4026
-1478.7 4079
-1478.5 4009
-1478.3 4041
-1478.1 3948
-1477.9 4089
-1477.7 4005
-1477.5 4040
-1477.3 4119
-1477.1 3992
-1476.9 4092
-1476.7 4207
-1476.5 4019
-1476.3 4146
-1476.1 4076
-1475.9 3936
-1475.7 4090
-1475.5 4038
-1475.3 4059
-1475.1 4136
-1474.9 4152
-1474.7 4130
-1474.5 4147
-1474.3 4129
-1474.1 4200
-1473.9 4014
-1473.7 4106
-1473.5 3966
-1473.3 3947
-1473.1 4074
-1472.9 4023
-1472.7 4095
-1472.5 3961
-1472.3 4033
-1472.1 4098
-1471.9 4133
-1471.7 4061
-1471.5 4109
-1471.3 4075
-1471.1 4028
-1470.9 4159
-1470.7 4005
-1470.5 4044
-1470.3 4091
-1470.1 3995
-1469.9 4067
-1469.7 3960
-1469.5 3946
-1469.3 4034
-1469.1 3996
-1468.9 3973
-1468.7 3990
-1468.5 3924
-1468.3 4002
-1468.1 3999
-1467.9 3989
-1467.7 4093
-1467.5 4127
-1467.3 3961
-1467.1 3841
-1466.9 3982
-1466.7 3967
-1466.5 3976
-1466.3 4002
-1466.1 3899
-1465.9 4017
-1465.7 3904
-1465.5 3941
-1465.3 4047
-1465.1 3959
-1464.9 3904
-1464.7 4065
-1464.5 4027
-1464.3 4000
-1464.1 3939
-1463.9 3870
-1463.7 3975
-1463.5 3916
-1463.3 4074
-1463.1 3987
-1462.9 3955
-1462.7 4038
-1462.5 4113
-1462.3 4027
-1462.1 4040
-1461.9 4081
-1461.7 4083
-1461.5 4067
-1461.3 4027
-1461.1 4004
-1460.9 4105
-1460.7 4229
-1460.5 4205
-1460.3 4108
-1460.1 4097
-1459.9 4163
-1459.7 4197
-1459.5 4102
-1459.3 4047
-1459.1 4188
-1458.9 4164
-1458.7 4022
-1458.5 4134
-1458.3 4094
-1458.1 4002
-1457.9 4081
-1457.7 4102
-1457.5 4201
-1457.3 4125
-1457.1 3998
-1456.9 4074
-1456.7 3917
-1456.5 4170
-1456.3 4098
-1456.1 3970
-1455.9 4160
-1455.7 4292
-1455.5 4085
-1455.3 4098
-1455.1 4144
-1454.9 3996
-1454.7 3986
-1454.5 3973
-1454.3 4027
-1454.1 4027
-1453.9 3976
-1453.7 4028
-1453.5 3933
-1453.3 4182
-1453.1 4078
-1452.9 3975
-1452.7 3969
-1452.5 4018
-1452.3 4090
-1452.1 4088
-1451.9 4144
-1451.7 4076
-1451.5 4075
-1451.3 4107
-1451.1 3981
-1450.9 3950
-1450.7 4015
-1450.5 4030
-1450.3 3943
-1450.1 4003
-1449.9 4111
-1449.7 3931
-1449.5 3977
-1449.3 4002
-1449.1 4055
-1448.9 4142
-1448.7 3953
-1448.5 4154
-1448.3 4020
-1448.1 4029
-1447.9 4028
-1447.7 4133
-1447.5 4125
-1447.3 4045
-1447.1 4104
-1446.9 4100
-1446.7 4149
-1446.5 4166
-1446.3 4050
-1446.1 4186
-1445.9 4174
-1445.7 4152
-1445.5 4188
-1445.3 4085
-1445.1 4018
-1444.9 4197
-1444.7 4098
-1444.5 4070
-1444.3 4173
-1444.1 4114
-1443.9 4243
-1443.7 4049
-1443.5 4043
-1443.3 3951
-1443.1 3978
-1442.9 4100
-1442.7 4163
-1442.5 4046
-1442.3 4125
-1442.1 4093
-1441.9 4132
-1441.7 4033
-1441.5 4150
-1441.3 3949
-1441.1 4077
-1440.9 4014
-1440.7 4020
-1440.5 4078
-1440.3 3977
-1440.1 3948
-1439.9 4046
-1439.7 4073
-1439.5 3984
-1439.3 4103
-1439.1 3998
-1438.9 4196
-1438.7 3975
-1438.5 3942
-1438.3 3950
-1438.1 3968
-1437.9 3935
-1437.7 4040
-1437.5 3987
-1437.3 4104
-1437.1 4025
-1436.9 4158
-1436.7 4029
-1436.5 3974
-1436.3 4048
-1436.1 3833
-1435.9 3938
-1435.7 3912
-1435.5 4088
-1435.3 4053
-1435.1 3979
-1434.9 3894
-1434.7 4067
-1434.5 4108
-1434.3 4096
-1434.1 3983
-1433.9 4121
-1433.7 4140
-1433.5 4020
-1433.3 3996
-1433.1 3959
-1432.9 4068
-1432.7 4085
-1432.5 4113
-1432.3 4106
-1432.1 4090
-1431.9 4158
-1431.7 4125
-1431.5 4140
-1431.3 4185
-1431.1 4094
-1430.9 4142
-1430.7 4178
-1430.5 4146
-1430.3 4219
-1430.1 4216
-1429.9 4137
-1429.7 4069
-1429.5 4171
-1429.3 4230
-1429.1 4176
-1428.9 4208
-1428.7 4242
-1428.5 4156
-1428.3 4178
-1428.1 4037
-1427.9 4061
-1427.7 4170
-1427.5 4045
-1427.3 4020
-1427.1 4079
-1426.9 4109
-1426.7 4066
-1426.5 4157
-1426.3 4050
-1426.1 4095
-1425.9 4179
-1425.7 4222
-1425.5 4058
-1425.3 4153
-1425.1 4125
-1424.9 4148
-1424.7 4145
-1424.5 4033
-1424.3 4087
-1424.1 4234
-1423.9 4096
-1423.7 4032
-1423.5 4071
-1423.3 4026
-1423.1 4170
-1422.9 4102
-1422.7 3986
-1422.5 3950
-1422.3 3994
-1422.1 4036
-1421.9 4024
-1421.7 4024
-1421.5 4162
-1421.3 3895
-1421.1 4171
-1420.9 4046
-1420.7 4048
-1420.5 3986
-1420.3 4082
-1420.1 4083
-1419.9 4077
-1419.7 4061
-1419.5 3959
-1419.3 4014
-1419.1 4006
-1418.9 4104
-1418.7 3882
-1418.5 4091
-1418.3 4060
-1418.1 4073
-1417.9 4045
-1417.7 4023
-1417.5 4061
-1417.3 4059
-1417.1 4046
-1416.9 4051
-1416.7 4045
-1416.5 3956
-1416.3 4115
-1416.1 4131
-1415.9 4034
-1415.7 4091
-1415.5 4158
-1415.3 4148
-1415.1 3984
-1414.9 4015
-1414.7 4140
-1414.5 4103
-1414.3 4134
-1414.1 4136
-1413.9 4231
-1413.7 4093
-1413.5 4008
-1413.3 4159
-1413.1 4196
-1412.9 4180
-1412.7 4129
-1412.5 4147
-1412.3 4234
-1412.1 4183
-1411.9 4123
-1411.7 4171
-1411.5 4251
-1411.3 4054
-1411.1 4161
-1410.9 4135
-1410.7 4044
-1410.5 4009
-1410.3 4189
-1410.1 4091
-1409.9 4034
-1409.7 4196
-1409.5 4051
-1409.3 4116
-1409.1 4128
-1408.9 4183
-1408.7 4074
-1408.5 3977
-1408.3 4064
-1408.1 3949
-1407.9 4100
-1407.7 4139
-1407.5 4010
-1407.3 4011
-1407.1 3891
-1406.9 4012
-1406.7 3935
-1406.5 4043
-1406.3 4081
-1406.1 3964
-1405.9 4033
-1405.7 4045
-1405.5 4008
-1405.3 4182
-1405.1 4133
-1404.9 4073
-1404.7 4006
-1404.5 4031
-1404.3 4062
-1404.1 3950
-1403.9 3995
-1403.7 3984
-1403.5 4014
-1403.3 3885
-1403.1 4063
-1402.9 4099
-1402.7 3998
-1402.5 4035
-1402.3 3931
-1402.1 4128
-1401.9 3956
-1401.7 3986
-1401.5 4010
-1401.3 4175
-1401.1 4193
-1400.9 4169
-1400.7 4044
-1400.5 4061
-1400.3 4100
-1400.1 4145
-1399.9 4173
-1399.7 4025
-1399.5 4189
-1399.3 4064
-1399.1 4184
-1398.9 4182
-1398.7 4185
-1398.5 4200
-1398.3 4163
-1398.1 4280
-1397.9 4131
-1397.7 4141
-1397.5 4184
-1397.3 4101
-1397.1 4123
-1396.9 4144
-1396.7 4279
-1396.5 4150
-1396.3 4208
-1396.1 4169
-1395.9 4108
-1395.7 4205
-1395.5 4175
-1395.3 4153
-1395.1 4229
-1394.9 4224
-1394.7 4106
-1394.5 4212
-1394.3 4060
-1394.1 4098
-1393.9 4247
-1393.7 4229
-1393.5 4250
-1393.3 4160
-1393.1 4273
-1392.9 4187
-1392.7 4122
-1392.5 4146
-1392.3 4146
-1392.1 4115
-1391.9 4065
-1391.7 4173
-1391.5 4224
-1391.3 4173
-1391.1 4168
-1390.9 4100
-1390.7 4138
-1390.5 4044
-1390.3 4145
-1390.1 4065
-1389.9 4078
-1389.7 4044
-1389.5 4205
-1389.3 4145
-1389.1 4038
-1388.9 4062
-1388.7 4098
-1388.5 4077
-1388.3 4039
-1388.1 4020
-1387.9 4098
-1387.7 4137
-1387.5 4011
-1387.3 3992
-1387.1 3997
-1386.9 4120
-1386.7 3951
-1386.5 3994
-1386.3 4023
-1386.1 4079
-1385.9 3995
-1385.7 4043
-1385.5 4039
-1385.3 4058
-1385.1 4090
-1384.9 4088
-1384.7 3993
-1384.5 4003
-1384.3 4077
-1384.1 4024
-1383.9 4017
-1383.7 4024
-1383.5 3913
-1383.3 3896
-1383.1 4014
-1382.9 3945
-1382.7 3999
-1382.5 3856
-1382.3 4065
-1382.1 3884
-1381.9 3978
-1381.7 3843
-1381.5 3991
-1381.3 4050
-1381.1 3986
-1380.9 4007
-1380.7 4072
-1380.5 3983
-1380.3 3993
-1380.1 4086
-1379.9 4147
-1379.7 3912
-1379.5 3993
-1379.3 3955
-1379.1 4022
-1378.9 3963
-1378.7 4043
-1378.5 4148
-1378.3 4022
-1378.1 4011
-1377.9 3973
-1377.7 4004
-1377.5 4085
-1377.3 4048
-1377.1 4039
-1376.9 4044
-1376.7 3983
-1376.5 3940
-1376.3 4043
-1376.1 4057
-1375.9 3936
-1375.7 4175
-1375.5 3966
-1375.3 4025
-1375.1 4121
-1374.9 3986
-1374.7 4054
-1374.5 4163
-1374.3 4142
-1374.1 4054
-1373.9 4177
-1373.7 4102
-1373.5 4119
-1373.3 4172
-1373.1 4049
-1372.9 4108
-1372.7 4019
-1372.5 4183
-1372.3 4048
-1372.1 4071
-1371.9 4058
-1371.7 4123
-1371.5 4010
-1371.3 4126
-1371.1 4191
-1370.9 4095
-1370.7 4116
-1370.5 4078
-1370.3 4112
-1370.1 4051
-1369.9 4005
-1369.7 4081
-1369.5 4141
-1369.3 4034
-1369.1 4260
-1368.9 4099
-1368.7 4168
-1368.5 4165
-1368.3 4319
-1368.1 4193
-1367.9 4100
-1367.7 4066
-1367.5 4261
-1367.3 4175
-1367.1 4211
-1366.9 4157
-1366.7 4109
-1366.5 4073
-1366.3 3966
-1366.1 4012
-1365.9 4223
-1365.7 4157
-1365.5 4149
-1365.3 4071
-1365.1 4083
-1364.9 4167
-1364.7 4044
-1364.5 4168
-1364.3 4098
-1364.1 4025
-1363.9 4045
-1363.7 4078
-1363.5 4142
-1363.3 4134
-1363.1 4096
-1362.9 4075
-1362.7 4077
-1362.5 4115
-1362.3 4093
-1362.1 4121
-1361.9 4134
-1361.7 4075
-1361.5 4010
-1361.3 4174
-1361.1 4049
-1360.9 4063
-1360.7 4014
-1360.5 4130
-1360.3 4118
-1360.1 4056
-1359.9 4120
-1359.7 4044
-1359.5 3995
-1359.3 4047
-1359.1 3996
-1358.9 4092
-1358.7 3940
-1358.5 3988
-1358.3 3991
-1358.1 3994
-1357.9 4063
-1357.7 3958
-1357.5 3972
-1357.3 3925
-1357.1 3946
-1356.9 3996
-1356.7 3925
-1356.5 3882
-1356.3 3946
-1356.1 3893
-1355.9 3838
-1355.7 3863
-1355.5 3862
-1355.3 3789
-1355.1 3853
-1354.9 3899
-1354.7 3832
-1354.5 3857
-1354.3 3842
-1354.1 3871
-1353.9 3886
-1353.7 3667
-1353.5 3807
-1353.3 3786
-1353.1 3707
-1352.9 3737
-1352.7 3637
-1352.5 3695
-1352.3 3672
-1352.1 3719
-1351.9 3685
-1351.7 3638
-1351.5 3604
-1351.3 3680
-1351.1 3622
-1350.9 3641
-1350.7 3588
-1350.5 3669
-1350.3 3507
-1350.1 3472
-1349.9 3608
-1349.7 3424
-1349.5 3489
-1349.3 3351
-1349.1 3398
-1348.9 3348
-1348.7 3241
-1348.5 3269
-1348.3 3317
-1348.1 3319
-1347.9 3162
-1347.7 3221
-1347.5 3102
-1347.3 3052
-1347.1 3106
-1346.9 3203
-1346.7 2968
-1346.5 3111
-1346.3 3011
-1346.1 3055
-1345.9 3014
-1345.7 2866
-1345.5 2931
-1345.3 2803
-1345.1 2786
-1344.9 2846
-1344.7 2749
-1344.5 2712
-1344.3 2667
-1344.1 2758
-1343.9 2670
-1343.7 2669
-1343.5 2659
-1343.3 2508
-1343.1 2602
-1342.9 2480
-1342.7 2424
-1342.5 2412
-1342.3 2418
-1342.1 2344
-1341.9 2374
-1341.7 2391
-1341.5 2351
-1341.3 2252
-1341.1 2179
-1340.9 2268
-1340.7 2196
-1340.5 2107
-1340.3 2076
-1340.1 2103
-1339.9 2116
-1339.7 2047
-1339.5 1962
-1339.3 1956
-1339.1 1868
-1338.9 1927
-1338.7 1869
-1338.5 1778
-1338.3 1865
-1338.1 1884
-1337.9 1843
-1337.7 1818
-1337.5 1651
-1337.3 1671
-1337.1 1763
-1336.9 1619
-1336.7 1575
-1336.5 1641
-1336.3 1607
-1336.1 1523
-1335.9 1525
-1335.7 1515
-1335.5 1406
-1335.3 1401
-1335.1 1374
-1334.9 1391
-1334.7 1338
-1334.5 1309
-1334.3 1299
-1334.1 1223
-1333.9 1252
-1333.7 1154
-1333.5 1215
-1333.3 1182
-1333.1 1146
-1332.9 1058
-1332.7 1041
-1332.5 1029
-1332.3 1054
-1332.1 988
-1331.9 1006
-1331.7 963
-1331.5 941
-1331.3 922
-1331.1 892
-1330.9 917
-1330.7 858
-1330.5 794
-1330.3 827
-1330.1 781
-1329.9 831
-1329.7 779
-1329.5 732
-1329.3 737
-1329.1 708
-1328.9 692
-1328.7 714
-1328.5 676
-1328.3 659
-1328.1 593
-1327.9 599
-1327.7 631
-1327.5 561
-1327.3 578
-1327.1 538
-1326.9 538
-1326.7 515
-1326.5 473
-1326.3 492
-1326.1 503
-1325.9 469
-1325.7 487
-1325.5 423
-1325.3 467
-1325.1 449
-1324.9 441
-1324.7 400
-1324.5 403
-1324.3 406
-1324.1 422
-1323.9 380
-1323.7 387
-1323.5 370
-1323.3 385
-1323.1 357
-1322.9 336
-1322.7 347
-1322.5 361
-1322.3 335
-1322.1 337
-1321.9 309
-1321.7 293
-1321.5 287
-1321.3 302
-1321.1 298
-1320.9 319
-1320.7 301
-1320.5 305
-1320.3 300
-1320.1 279
-1319.9 302
-1319.7 261
-1319.5 257
-1319.3 270
-1319.1 264
-1318.9 284
-1318.7 250
-1318.5 279
-1318.3 230
-1318.1 230
-1317.9 279
-1317.7 267
-1317.5 247
-1317.3 229
-1317.1 269
-1316.9 256
-1316.7 223
-1316.5 208
-1316.3 260
-1316.1 237
-1315.9 250
-1315.7 227
-1315.5 240
-1315.3 229
-1315.1 229
-1314.9 217
-1314.7 230
-1314.5 241
-1314.3 231
-1314.1 202
-1313.9 207
-1313.7 215
-1313.5 209
-1313.3 227
-1313.1 217
-1312.9 229
-1312.7 214
-1312.5 232
-1312.3 238
-1312.1 231
-1311.9 224
-1311.7 216
-1311.5 206
-1311.3 220
-1311.1 244
-1310.9 190
-1310.7 224
-1310.5 191
-1310.3 210
-1310.1 194
-1309.9 196
-1309.7 186
-1309.5 233
-1309.3 208
-1309.1 201
-1308.9 199
-1308.7 209
-1308.5 222
-1308.3 202
-1308.1 193
-1307.9 213
-1307.7 253
-1307.5 216
-1307.3 190
-1307.1 203
-1306.9 208
-1306.7 190
-1306.5 239
-1306.3 202
-1306.1 197
-1305.9 221
-1305.7 202
-1305.5 207
-1305.3 196
-1305.1 198
-1304.9 190
-1304.7 201
-1304.5 199
-1304.3 211
-1304.1 207
-1303.9 194
-1303.7 217
-1303.5 199
-1303.3 214
-1303.1 205
-1302.9 205
-1302.7 222
-1302.5 212
-1302.3 205
-1302.1 185
-1301.9 182
-1301.7 232
-1301.5 193
-1301.3 205
-1301.1 205
-1300.9 208
-1300.7 186
-1300.5 182
-1300.3 195
-1300.1 177
