-1589.9 0
-1589.7 12
-1589.5 15
-1589.3 17
-1589.1 16
-1588.9 19
-1588.7 17
-1588.5 19
-1588.3 12
-1588.1 10
-1587.9 13
-1587.7 14
-1587.5 16
-1587.3 13
-1587.1 22
-1586.9 16
-1586.7 16
-1586.5 10
-1586.3 14
-1586.1 12
-1585.9 15
-1585.7 15
-1585.5 9
-1585.3 10
-1585.1 11
-1584.9 7
-1584.7 8
-1584.5 17
-1584.3 15
-1584.1 25
-1583.9 12
-1583.7 18
-1583.5 19
-1583.3 18
-1583.1 17
-1582.9 16
-1582.7 17
-1582.5 10
-1582.3 12
-1582.1 14
-1581.9 21
-1581.7 18
-1581.5 8
-1581.3 11
-1581.1 16
-1580.9 12
-1580.7 15
-1580.5 14
-1580.3 21
-1580.1 25
-1579.9 21
-1579.7 16
-1579.5 23
-1579.3 23
-1579.1 30
-1578.9 24
-1578.7 33
-1578.5 51
-1578.3 52
-1578.1 59
-1577.9 40
-1577.7 64
-1577.5 88
-1577.3 95
-1577.1 94
-1576.9 93
-1576.7 123
-1576.5 148
-1576.3 140
-1576.1 171
-1575.9 184
-1575.7 224
-1575.5 223
-1575.3 232
-1575.1 276
-1574.9 267
-1574.7 302
-1574.5 341
-1574.3 353
-1574.1 390
-1573.9 415
-1573.7 407
-1573.5 464
-1573.3 463
-1573.1 463
-1572.9 557
-1572.7 512
-1572.5 573
-1572.3 556
-1572.1 623
-1571.9 684
-1571.7 658
-1571.5 719
-1571.3 700
-1571.1 749
-1570.9 794
-1570.7 816
-1570.5 845
-1570.3 884
-1570.1 930
-1569.9 933
-1569.7 942
-1569.5 1039
-1569.3 1052
-1569.1 1106
-1568.9 1126
-1568.7 1174
-1568.5 1164
-1568.3 1236
-1568.1 1241
-1567.9 1277
-1567.7 1422
-1567.5 1442
-1567.3 1374
-1567.1 1484
-1566.9 1543
-1566.7 1602
-1566.5 1634
-1566.3 1720
-1566.1 1683
-1565.9 1727
-1565.7 1796
-1565.5 1808
-1565.3 1896
-1565.1 1914
-1564.9 1982
-1564.7 2016
-1564.5 2035
-1564.3 2054
-1564.1 2138
-1563.9 2179
-1563.7 2115
-1563.5 2279
-1563.3 2347
-1563.1 2389
-1562.9 2463
-1562.7 2421
-1562.5 2442
-1562.3 2707
-1562.1 2519
-1561.9 2751
-1561.7 2742
-1561.5 2749
-1561.3 2739
-1561.1 2856
-1560.9 2826
-1560.7 2937
-1560.5 2938
-1560.3 2998
-1560.1 3125
-1559.9 3139
-1559.7 3178
-1559.5 3136
-1559.3 3176
-1559.1 3259
-1558.9 3281
-1558.7 3505
-1558.5 3359
-1558.3 3311
-1558.1 3382
-1557.9 3433
-1557.7 3432
-1557.5 3575
-1557.3 3503
-1557.1 3572
-1556.9 3574
-1556.7 3664
-1556.5 3589
-1556.3 3652
-1556.1 3677
-1555.9 3787
-1555.7 3751
-1555.5 3809
-1555.3 3869
-1555.1 3839
-1554.9 3871
-1554.7 3848
-1554.5 3947
-1554.3 3865
-1554.1 3971
-1553.9 3912
-1553.7 3854
-1553.5 3987
-1553.3 4118
-1553.1 4013
-1552.9 4014
-1552.7 4172
-1552.5 4108
-1552.3 3958
-1552.1 4068
-1551.9 4113
-1551.7 4028
-1551.5 4140
-1551.3 4033
-1551.1 4202
-1550.9 4175
-1550.7 4245
-1550.5 4232
-1550.3 4236
-1550.1 4217
-1549.9 4324
-1549.7 4163
-1549.5 4355
-1549.3 4390
-1549.1 4376
-1548.9 4343
-1548.7 4321
-1548.5 4327
-1548.3 4281
-1548.1 4336
-1547.9 4223
-1547.7 4286
-1547.5 4445
-1547.3 4441
-1547.1 4345
-1546.9 4312
-1546.7 4393
-1546.5 4266
-1546.3 4415
-1546.1 4350
-1545.9 4256
-1545.7 4336
-1545.5 4348
-1545.3 4428
-1545.1 4318
-1544.9 4358
-1544.7 4282
-1544.5 4429
-1544.3 4462
-1544.1 4334
-1543.9 4445
-1543.7 4439
-1543.5 4397
-1543.3 4321
-1543.1 4494
-1542.9 4410
-1542.7 4347
-1542.5 4362
-1542.3 4276
-1542.1 4353
-1541.9 4348
-1541.7 4257
-1541.5 4408
-1541.3 4192
-1541.1 4111
-1540.9 4323
-1540.7 4266
-1540.5 4255
-1540.3 4253
-1540.1 4215
-1539.9 4227
-1539.7 4255
-1539.5 4210
-1539.3 4157
-1539.1 4300
-1538.9 4430
-1538.7 4271
-1538.5 4204
-1538.3 4326
-1538.1 4234
-1537.9 4243
-1537.7 4135
-1537.5 4300
-1537.3 4179
-1537.1 4315
-1536.9 4097
-1536.7 4199
-1536.5 4390
-1536.3 4257
-1536.1 4265
-1535.9 4310
-1535.7 4337
-1535.5 4438
-1535.3 4418
-1535.1 4416
-1534.9 4449
-1534.7 4416
-1534.5 4501
-1534.3 4308
-1534.1 4458
-1533.9 4470
-1533.7 4453
-1533.5 4536
-1533.3 4496
-1533.1 4317
-1532.9 4498
-1532.7 4416
-1532.5 4446
-1532.3 4371
-1532.1 4407
-1531.9 4341
-1531.7 4456
-1531.5 4323
-1531.3 4300
-1531.1 4249
-1530.9 4246
-1530.7 4337
-1530.5 4275
-1530.3 4283
-1530.1 4165
-1529.9 4270
-1529.7 4200
-1529.5 4262
-1529.3 4202
-1529.1 4225
-1528.9 4110
-1528.7 4151
-1528.5 4094
-1528.3 4120
-1528.1 4043
-1527.9 3948
-1527.7 3924
-1527.5 3940
-1527.3 3843
-1527.1 3789
-1526.9 3918
-1526.7 3834
-1526.5 3953
-1526.3 3688
-1526.1 3898
-1525.9 3785
-1525.7 3786
-1525.5 3729
-1525.3 3704
-1525.1 3550
-1524.9 3769
-1524.7 3728
-1524.5 3577
-1524.3 3688
-1524.1 3605
-1523.9 3539
-1523.7 3549
-1523.5 3532
-1523.3 3442
-1523.1 3624
-1522.9 3585
-1522.7 3699
-1522.5 3735
-1522.3 3554
-1522.1 3642
-1521.9 3605
-1521.7 3613
-1521.5 3712
-1521.3 3696
-1521.1 3716
-1520.9 3634
-1520.7 3716
-1520.5 3773
-1520.3 3862
-1520.1 3826
-1519.9 3885
-1519.7 3834
-1519.5 4041
-1519.3 4005
-1519.1 4023
-1518.9 4107
-1518.7 4107
-1518.5 4123
-1518.3 4130
-1518.1 4107
-1517.9 4138
-1517.7 4217
-1517.5 4205
-1517.3 4313
-1517.1 4042
-1516.9 4207
-1516.7 4303
-1516.5 4274
-1516.3 4268
-1516.1 4191
-1515.9 4239
-1515.7 4053
-1515.5 4343
-1515.3 4312
-1515.1 4268
-1514.9 4306
-1514.7 4219
-1514.5 4238
-1514.3 4119
-1514.1 4220
-1513.9 4207
-1513.7 4175
-1513.5 4116
-1513.3 4204
-1513.1 4155
-1512.9 4264
-1512.7 4192
-1512.5 4204
-1512.3 4097
-1512.1 4113
-1511.9 4129
-1511.7 4071
-1511.5 4025
-1511.3 4049
-1511.1 4103
-1510.9 4070
-1510.7 4020
-1510.5 3963
-1510.3 3820
-1510.1 3859
-1509.9 3908
-1509.7 3844
-1509.5 3800
-1509.3 3712
-1509.1 3891
-1508.9 3626
-1508.7 3767
-1508.5 3558
-1508.3 3694
-1508.1 3618
-1507.9 3523
-1507.7 3513
-1507.5 3542
-1507.3 3535
-1507.1 3430
-1506.9 3388
-1506.7 3453
-1506.5 3342
-1506.3 3273
-1506.1 3417
-1505.9 3403
-1505.7 3286
-1505.5 3239
-1505.3 3328
-1505.1 3349
-1504.9 3223
-1504.7 3300
-1504.5 3333
-1504.3 3369
-1504.1 3358
-1503.9 3406
-1503.7 3471
-1503.5 3502
-1503.3 3484
-1503.1 3614
-1502.9 3613
-1502.7 3562
-1502.5 3513
-1502.3 3517
-1502.1 3658
-1501.9 3782
-1501.7 3772
-1501.5 3946
-1501.3 3892
-1501.1 3872
-1500.9 3907
-1500.7 3942
-1500.5 3959
-1500.3 3959
-1500.1 4166
-1499.9 4194
-1499.7 4123
-1499.5 4227
-1499.3 4086
-1499.1 4210
-1498.9 4272
-1498.7 4205
-1498.5 4364
-1498.3 4286
-1498.1 4336
-1497.9 4327
-1497.7 4468
-1497.5 4391
-1497.3 4401
-1497.1 4391
-1496.9 4506
-1496.7 4496
-1496.5 4620
-1496.3 4533
-1496.1 4501
-1495.9 4484
-1495.7 4519
-1495.5 4454
-1495.3 4420
-1495.1 4437
-1494.9 4421
-1494.7 4421
-1494.5 4351
-1494.3 4494
-1494.1 4274
-1493.9 4334
-1493.7 4345
-1493.5 4178
-1493.3 4216
-1493.1 4242
-1492.9 4041
-1492.7 4004
-1492.5 4005
-1492.3 3939
-1492.1 3928
-1491.9 3902
-1491.7 3741
-1491.5 3750
-1491.3 3647
-1491.1 3578
-1490.9 3529
-1490.7 3637
-1490.5 3593
-1490.3 3389
-1490.1 3391
-1489.9 3396
-1489.7 3338
-1489.5 3279
-1489.3 3279
-1489.1 3266
-1488.9 3336
-1488.7 3242
-1488.5 3249
-1488.3 3235
-1488.1 3212
-1487.9 3186
-1487.7 3158
-1487.5 3200
-1487.3 3293
-1487.1 3099
-1486.9 3295
-1486.7 3313
-1486.5 3285
-1486.3 3298
-1486.1 3375
-1485.9 3427
-1485.7 3341
-1485.5 3347
-1485.3 3450
-1485.1 3551
-1484.9 3569
-1484.7 3495
-1484.5 3611
-1484.3 3708
-1484.1 3674
-1483.9 3629
-1483.7 3731
-1483.5 3773
-1483.3 3907
-1483.1 3902
-1482.9 3922
-1482.7 3980
-1482.5 3941
-1482.3 4015
-1482.1 4007
-1481.9 4109
-1481.7 4165
-1481.5 4173
-1481.3 4238
-1481.1 4117
-1480.9 4276
-1480.7 4268
-1480.5 4269
-1480.3 4276
-1480.1 4298
-1479.9 4313
-1479.7 4415
-1479.5 4195
-1479.3 4312
-1479.1 4311
-1478.9 4336
-1478.7 4248
-1478.5 4271
-1478.3 4206
-1478.1 4275
-1477.9 4226
-1477.7 4362
-1477.5 4221
-1477.3 4140
-1477.1 4191
-1476.9 4071
-1476.7 4016
-1476.5 4097
-1476.3 4071
-1476.1 4042
-1475.9 4025
-1475.7 3962
-1475.5 3875
-1475.3 3921
-1475.1 3911
-1474.9 3815
-1474.7 3854
-1474.5 3773
-1474.3 3816
-1474.1 3692
-1473.9 3738
-1473.7 3650
-1473.5 3745
-1473.3 3528
-1473.1 3596
-1472.9 3656
-1472.7 3453
-1472.5 3541
-1472.3 3573
-1472.1 3592
-1471.9 3554
-1471.7 3611
-1471.5 3427
-1471.3 3511
-1471.1 3492
-1470.9 3500
-1470.7 3530
-1470.5 3485
-1470.3 3537
-1470.1 3382
-1469.9 3546
-1469.7 3519
-1469.5 3526
-1469.3 3596
-1469.1 3631
-1468.9 3649
-1468.7 3758
-1468.5 3611
-1468.3 3746
-1468.1 3901
-1467.9 3812
-1467.7 3783
-1467.5 3806
-1467.3 3966
-1467.1 4011
-1466.9 4000
-1466.7 4003
-1466.5 4019
-1466.3 4140
-1466.1 4104
-1465.9 4147
-1465.7 4152
-1465.5 4135
-1465.3 4222
-1465.1 4151
-1464.9 4341
-1464.7 4313
-1464.5 4295
-1464.3 4172
-1464.1 4342
-1463.9 4393
-1463.7 4312
-1463.5 4313
-1463.3 4355
-1463.1 4359
-1462.9 4358
-1462.7 4488
-1462.5 4371
-1462.3 4387
-1462.1 4352
-1461.9 4459
-1461.7 4436
-1461.5 4371
-1461.3 4356
-1461.1 4249
-1460.9 4360
-1460.7 4398
-1460.5 4222
-1460.3 4240
-1460.1 4232
-1459.9 4224
-1459.7 4094
-1459.5 4205
-1459.3 4108
-1459.1 4118
-1458.9 4106
-1458.7 4009
-1458.5 3975
-1458.3 3975
-1458.1 3980
-1457.9 3977
-1457.7 3938
-1457.5 3869
-1457.3 3854
-1457.1 3665
-1456.9 3614
-1456.7 3624
-1456.5 3741
-1456.3 3631
-1456.1 3587
-1455.9 3501
-1455.7 3579
-1455.5 3501
-1455.3 3488
-1455.1 3510
-1454.9 3403
-1454.7 3456
-1454.5 3417
-1454.3 3421
-1454.1 3424
-1453.9 3314
-1453.7 3504
-1453.5 3439
-1453.3 3443
-1453.1 3407
-1452.9 3433
-1452.7 3499
-1452.5 3470
-1452.3 3534
-1452.1 3524
-1451.9 3479
-1451.7 3419
-1451.5 3585
-1451.3 3678
-1451.1 3619
-1450.9 3598
-1450.7 3688
-1450.5 3785
-1450.3 3726
-1450.1 3815
-1449.9 3776
-1449.7 3897
-1449.5 3808
-1449.3 3920
-1449.1 3974
-1448.9 3993
-1448.7 4020
-1448.5 3967
-1448.3 4086
-1448.1 3967
-1447.9 4186
-1447.7 4156
-1447.5 4147
-1447.3 4234
-1447.1 4154
-1446.9 4165
-1446.7 4174
-1446.5 4231
-1446.3 4178
-1446.1 4332
-1445.9 4443
-1445.7 4113
-1445.5 4235
-1445.3 4347
-1445.1 4201
-1444.9 4267
-1444.7 4369
-1444.5 4418
-1444.3 4361
-1444.1 4250
-1443.9 4401
-1443.7 4261
-1443.5 4181
-1443.3 4288
-1443.1 4223
-1442.9 4091
-1442.7 4096
-1442.5 4181
-1442.3 4266
-1442.1 4047
-1441.9 3993
-1441.7 4004
-1441.5 4026
-1441.3 4007
-1441.1 3951
-1440.9 3970
-1440.7 3915
-1440.5 3887
-1440.3 3888
-1440.1 3822
-1439.9 3838
-1439.7 3743
-1439.5 3872
-1439.3 3801
-1439.1 3790
-1438.9 3721
-1438.7 3747
-1438.5 3721
-1438.3 3764
-1438.1 3766
-1437.9 3732
-1437.7 3723
-1437.5 3779
-1437.3 3692
-1437.1 3596
-1436.9 3750
-1436.7 3722
-1436.5 3721
-1436.3 3609
-1436.1 3675
-1435.9 3602
-1435.7 3613
-1435.5 3596
-1435.3 3680
-1435.1 3597
-1434.9 3747
-1434.7 3715
-1434.5 3722
-1434.3 3834
-1434.1 3842
-1433.9 3738
-1433.7 3818
-1433.5 3795
-1433.3 3918
-1433.1 3847
-1432.9 3905
-1432.7 3887
-1432.5 3848
-1432.3 3912
-1432.1 3984
-1431.9 3918
-1431.7 3903
-1431.5 4074
-1431.3 4105
-1431.1 4032
-1430.9 4008
-1430.7 4078
-1430.5 4096
-1430.3 4063
-1430.1 4161
-1429.9 4192
-1429.7 4024
-1429.5 4124
-1429.3 4031
-1429.1 4170
-1428.9 4123
-1428.7 4211
-1428.5 4185
-1428.3 4122
-1428.1 4145
-1427.9 4209
-1427.7 4109
-1427.5 4132
-1427.3 4132
-1427.1 4124
-1426.9 4137
-1426.7 4198
-1426.5 4085
-1426.3 4121
-1426.1 3970
-1425.9 4098
-1425.7 4010
-1425.5 3947
-1425.3 3937
-1425.1 4042
-1424.9 3974
-1424.7 3841
-1424.5 3911
-1424.3 3875
-1424.1 3905
-1423.9 4016
-1423.7 3825
-1423.5 3879
-1423.3 3897
-1423.1 3983
-1422.9 3818
-1422.7 3870
-1422.5 3629
-1422.3 3848
-1422.1 3850
-1421.9 3806
-1421.7 3708
-1421.5 3796
-1421.3 3731
-1421.1 3737
-1420.9 3675
-1420.7 3689
-1420.5 3769
-1420.3 3804
-1420.1 3807
-1419.9 3813
-1419.7 3676
-1419.5 3758
-1419.3 3739
-1419.1 3913
-1418.9 3766
-1418.7 3787
-1418.5 3799
-1418.3 3772
-1418.1 3816
-1417.9 3910
-1417.7 3860
-1417.5 3840
-1417.3 3824
-1417.1 3927
-1416.9 3964
-1416.7 3904
-1416.5 3843
-1416.3 3963
-1416.1 3910
-1415.9 3899
-1415.7 4065
-1415.5 3911
-1415.3 3893
-1415.1 3971
-1414.9 3981
-1414.7 3983
-1414.5 3844
-1414.3 3998
-1414.1 3999
-1413.9 3919
-1413.7 3917
-1413.5 4103
-1413.3 4022
-1413.1 4004
-1412.9 4049
-1412.7 4042
-1412.5 4007
-1412.3 3975
-1412.1 4066
-1411.9 3946
-1411.7 3960
-1411.5 3945
-1411.3 4004
-1411.1 3908
-1410.9 3956
-1410.7 3903
-1410.5 3923
-1410.3 3918
-1410.1 4010
-1409.9 3979
-1409.7 4055
-1409.5 3935
-1409.3 3869
-1409.1 3925
-1408.9 3947
-1408.7 3705
-1408.5 3889
-1408.3 3874
-1408.1 3717
-1407.9 3683
-1407.7 3829
-1407.5 3812
-1407.3 3801
-1407.1 3693
-1406.9 3820
-1406.7 3770
-1406.5 3881
-1406.3 3743
-1406.1 3720
-1405.9 3893
-1405.7 3865
-1405.5 3821
-1405.3 3822
-1405.1 3851
-1404.9 3897
-1404.7 3875
-1404.5 3878
-1404.3 3898
-1404.1 3780
-1403.9 3876
-1403.7 3921
-1403.5 3920
-1403.3 3805
-1403.1 3800
-1402.9 3811
-1402.7 3869
-1402.5 3841
-1402.3 3811
-1402.1 3832
-1401.9 3899
-1401.7 3973
-1401.5 3808
-1401.3 3841
-1401.1 3860
-1400.9 3833
-1400.7 3822
-1400.5 3682
-1400.3 3819
-1400.1 3943
-1399.9 3875
-1399.7 3818
-1399.5 3847
-1399.3 3907
-1399.1 3777
-1398.9 3884
-1398.7 3822
-1398.5 3899
-1398.3 3782
-1398.1 3939
-1397.9 3834
-1397.7 3906
-1397.5 3829
-1397.3 3918
-1397.1 3916
-1396.9 3936
-1396.7 3968
-1396.5 3882
-1396.3 3744
-1396.1 3990
-1395.9 3837
-1395.7 3891
-1395.5 3878
-1395.3 3851
-1395.1 3898
-1394.9 3842
-1394.7 3957
-1394.5 3871
-1394.3 3872
-1394.1 3859
-1393.9 3943
-1393.7 3816
-1393.5 3975
-1393.3 3711
-1393.1 3964
-1392.9 3920
-1392.7 3876
-1392.5 3796
-1392.3 3934
-1392.1 3932
-1391.9 3845
-1391.7 3816
-1391.5 3837
-1391.3 3937
-1391.1 3803
-1390.9 3809
-1390.7 3840
-1390.5 3829
-1390.3 3999
-1390.1 3838
-1389.9 3889
-1389.7 3924
-1389.5 3877
-1389.3 3815
-1389.1 3824
-1388.9 3976
-1388.7 3836
-1388.5 3827
-1388.3 3924
-1388.1 3866
-1387.9 3956
-1387.7 3799
-1387.5 3767
-1387.3 3794
-1387.1 3809
-1386.9 3892
-1386.7 3949
-1386.5 3850
-1386.3 3770
-1386.1 3793
-1385.9 3842
-1385.7 3784
-1385.5 3861
-1385.3 3908
-1385.1 3866
-1384.9 3843
-1384.7 3867
-1384.5 3733
-1384.3 3905
-1384.1 3776
-1383.9 3748
-1383.7 3770
-1383.5 3785
-1383.3 3835
-1383.1 3936
-1382.9 3883
-1382.7 3962
-1382.5 3933
-1382.3 3843
-1382.1 3898
-1381.9 3903
-1381.7 3821
-1381.5 3877
-1381.3 3965
-1381.1 3866
-1380.9 3802
-1380.7 3935
-1380.5 3893
-1380.3 3923
-1380.1 3983
-1379.9 3982
-1379.7 3805
-1379.5 4019
-1379.3 3971
-1379.1 4071
-1378.9 3983
-1378.7 4041
-1378.5 3969
-1378.3 4110
-1378.1 4072
-1377.9 4024
-1377.7 4054
-1377.5 4040
-1377.3 3959
-1377.1 4047
-1376.9 4137
-1376.7 4064
-1376.5 4097
-1376.3 4142
-1376.1 4150
-1375.9 4051
-1375.7 4250
-1375.5 3966
-1375.3 4117
-1375.1 4095
-1374.9 4135
-1374.7 4086
-1374.5 4050
-1374.3 4119
-1374.1 4042
-1373.9 3946
-1373.7 3999
-1373.5 4040
-1373.3 3979
-1373.1 3984
-1372.9 3983
-1372.7 3962
-1372.5 3989
-1372.3 4017
-1372.1 4022
-1371.9 4062
-1371.7 3996
-1371.5 3990
-1371.3 3930
-1371.1 4040
-1370.9 3961
-1370.7 3999
-1370.5 3978
-1370.3 3785
-1370.1 3824
-1369.9 3865
-1369.7 3890
-1369.5 3958
-1369.3 3868
-1369.1 3838
-1368.9 3954
-1368.7 3755
-1368.5 3781
-1368.3 3896
-1368.1 3881
-1367.9 3799
-1367.7 3839
-1367.5 3797
-1367.3 3932
-1367.1 3717
-1366.9 3779
-1366.7 3726
-1366.5 3835
-1366.3 3690
-1366.1 3803
-1365.9 3831
-1365.7 3721
-1365.5 3848
-1365.3 3895
-1365.1 3706
-1364.9 3760
-1364.7 3871
-1364.5 3741
-1364.3 3788
-1364.1 3862
-1363.9 3661
-1363.7 3696
-1363.5 3710
-1363.3 3771
-1363.1 3857
-1362.9 3787
-1362.7 3760
-1362.5 3859
-1362.3 3770
-1362.1 3786
-1361.9 3800
-1361.7 3775
-1361.5 3807
-1361.3 3645
-1361.1 3689
-1360.9 3852
-1360.7 3875
-1360.5 3747
-1360.3 3745
-1360.1 3825
-1359.9 3831
-1359.7 3912
-1359.5 3684
-1359.3 3683
-1359.1 3758
-1358.9 3810
-1358.7 3837
-1358.5 3669
-1358.3 3721
-1358.1 3717
-1357.9 3743
-1357.7 3662
-1357.5 3679
-1357.3 3661
-1357.1 3499
-1356.9 3628
-1356.7 3596
-1356.5 3558
-1356.3 3523
-1356.1 3599
-1355.9 3521
-1355.7 3500
-1355.5 3549
-1355.3 3558
-1355.1 3375
-1354.9 3538
-1354.7 3289
-1354.5 3444
-1354.3 3357
-1354.1 3286
-1353.9 3342
-1353.7 3263
-1353.5 3133
-1353.3 3349
-1353.1 3226
-1352.9 3269
-1352.7 3118
-1352.5 3173
-1352.3 3266
-1352.1 3069
-1351.9 3226
-1351.7 3198
-1351.5 3166
-1351.3 3085
-1351.1 3190
-1350.9 3134
-1350.7 3084
-1350.5 3080
-1350.3 3066
-1350.1 3085
-1349.9 2952
-1349.7 2897
-1349.5 2914
-1349.3 2875
-1349.1 2890
-1348.9 2873
-1348.7 2762
-1348.5 2820
-1348.3 2744
-1348.1 2829
-1347.9 2765
-1347.7 2881
-1347.5 2759
-1347.3 2770
-1347.1 2648
-1346.9 2638
-1346.7 2569
-1346.5 2718
-1346.3 2633
-1346.1 2632
-1345.9 2532
-1345.7 2565
-1345.5 2465
-1345.3 2565
-1345.1 2494
-1344.9 2542
-1344.7 2378
-1344.5 2354
-1344.3 2380
-1344.1 2434
-1343.9 2345
-1343.7 2203
-1343.5 2327
-1343.3 2346
-1343.1 2255
-1342.9 2208
-1342.7 2186
-1342.5 2088
-1342.3 2137
-1342.1 2077
-1341.9 2024
-1341.7 2040
-1341.5 2039
-1341.3 1960
-1341.1 1995
-1340.9 1895
-1340.7 1880
-1340.5 1820
-1340.3 1865
-1340.1 1880
-1339.9 1778
-1339.7 1783
-1339.5 1776
-1339.3 1662
-1339.1 1683
-1338.9 1614
-1338.7 1636
-1338.5 1587
-1338.3 1507
-1338.1 1574
-1337.9 1512
-1337.7 1462
-1337.5 1466
-1337.3 1415
-1337.1 1418
-1336.9 1279
-1336.7 1282
-1336.5 1285
-1336.3 1213
-1336.1 1257
-1335.9 1206
-1335.7 1156
-1335.5 1109
-1335.3 1114
-1335.1 1107
-1334.9 1049
-1334.7 1026
-1334.5 1027
-1334.3 987
-1334.1 982
-1333.9 897
-1333.7 923
-1333.5 878
-1333.3 905
-1333.1 778
-1332.9 835
-1332.7 766
-1332.5 807
-1332.3 744
-1332.1 783
-1331.9 713
-1331.7 728
-1331.5 738
-1331.3 649
-1331.1 619
-1330.9 656
-1330.7 584
-1330.5 602
-1330.3 606
-1330.1 533
-1329.9 585
-1329.7 489
-1329.5 515
-1329.3 504
-1329.1 565
-1328.9 490
-1328.7 484
-1328.5 476
-1328.3 492
-1328.1 451
-1327.9 478
-1327.7 457
-1327.5 440
-1327.3 411
-1327.1 405
-1326.9 395
-1326.7 383
-1326.5 368
-1326.3 364
-1326.1 348
-1325.9 341
-1325.7 380
-1325.5 396
-1325.3 323
-1325.1 346
-1324.9 346
-1324.7 337
-1324.5 365
-1324.3 354
-1324.1 331
-1323.9 305
-1323.7 312
-1323.5 310
-1323.3 285
-1323.1 302
-1322.9 274
-1322.7 287
-1322.5 326
-1322.3 260
-1322.1 279
-1321.9 274
-1321.7 276
-1321.5 291
-1321.3 245
-1321.1 255
-1320.9 271
-1320.7 254
-1320.5 227
-1320.3 269
-1320.1 253
-1319.9 236
-1319.7 256
-1319.5 221
-1319.3 253
-1319.1 242
-1318.9 247
-1318.7 233
-1318.5 245
-1318.3 222
-1318.1 238
-1317.9 214
-1317.7 243
-1317.5 216
-1317.3 221
-1317.1 194
-1316.9 226
-1316.7 191
-1316.5 231
-1316.3 219
-1316.1 190
-1315.9 188
-1315.7 186
-1315.5 212
-1315.3 188
-1315.1 220
-1314.9 185
-1314.7 186
-1314.5 178
-1314.3 202
-1314.1 215
-1313.9 186
-1313.7 179
-1313.5 194
-1313.3 198
-1313.1 175
-1312.9 184
-1312.7 180
-1312.5 199
-1312.3 180
-1312.1 209
-1311.9 176
-1311.7 163
-1311.5 187
-1311.3 191
-1311.1 175
-1310.9 198
-1310.7 161
-1310.5 177
-1310.3 167
-1310.1 200
-1309.9 175
-1309.7 171
-1309.5 181
-1309.3 180
-1309.1 163
-1308.9 178
-1308.7 196
-1308.5 196
-1308.3 201
-1308.1 187
-1307.9 184
-1307.7 230
-1307.5 197
-1307.3 194
-1307.1 186
-1306.9 210
-1306.7 193
-1306.5 182
-1306.3 200
-1306.1 206
-1305.9 196
-1305.7 181
-1305.5 206
-1305.3 211
-1305.1 212
-1304.9 231
-1304.7 216
-1304.5 208
-1304.3 201
-1304.1 205
-1303.9 185
-1303.7 221
-1303.5 242
-1303.3 223
-1303.1 203
-1302.9 246
-1302.7 221
-1302.5 180
-1302.3 196
-1302.1 190
-1301.9 196
-1301.7 220
-1301.5 206
-1301.3 210
-1301.1 195
-1300.9 189
-1300.7 211
-1300.5 215
-1300.3 201
-1300.1 220
