offset: 0.00590392
y: -0.000491054
b: -1.9105
yx: -9.6698e-08
ya: 1.01257e-05
yxx: -1.27992e-09
yxa: 3.4222e-06
yaa: 0.000799392
yxxx: -3.58167e-13
yxxa: 3.20453e-09
yxaa: -2.81349e-05
yaaa: 0.0526005
bx: -0.0031853
ba: 4.97607
yyy: 2.65984e-08
yyyx: 1.25918e-10
yyya: -1.82835e-07
yyyxx: 3.17668e-13
yyyxa: -9.77975e-10
yyyaa: 6.52616e-07
bxx: 0
bxa: 0
baa: 0
x: 6.67927e-06
xx: 1.28652e-08
a: -0.0286251
aa: 0.0681494
