offset: 0.00317025
x: 5.41922e-05
a: -0.380573
xx: -7.70534e-09
xa: -8.45492e-05
aa: 0.0109373
xxx: 0
xxa: 0
xaa: 0
aaa: 0
xxxx: 0
xxxa: 0
xxaa: 0
xaaa: 0
aaaa: 0
yy: -2.6344e-07
yyx: -4.81545e-10
yya: 1.25364e-06
