offset: 0.00577218
y: -0.000479456
b: -1.86744
yx: -9.35419e-08
ya: -7.48834e-06
yxx: -1.24861e-09
yxa: 3.40395e-06
yaa: 0.000598512
yxxx: -3.30279e-13
yxxa: 3.10647e-09
yxaa: -2.71927e-05
yaaa: 0.0508142
bx: -0.00310268
ba: 4.85324
yyy: 2.59553e-08
yyyx: 1.22404e-10
yyya: -1.76761e-07
yyyxx: 3.1008e-13
yyyxa: -9.60959e-10
yyyaa: 6.55773e-07
x: 6.42871e-06
xx: 1.27523e-08
a: -0.0278214
aa: 0.0662317
