offset: 0.000952234
x: 5.42936e-05
a: -0.383444
xx: -8.72067e-09
xa: -9.14007e-05
aa: -0.0443048
xxx: -8.17075e-12
xxa: 5.67113e-08
xaa: -0.000121999
aaa: 0.254535
xxxx: 2.24709e-14
xxxa: -2.39189e-11
xxaa: 9.5563e-08
xaaa: -0.000150561
aaaa: 0.403965
yy: -2.36035e-07
yyx: -3.1363e-10
yya: 9.30459e-07
y: 7.70743e-06
