offset: -0.000132254
x: -5.31458e-05
a: 0.376031
xx: 4.4459e-10
xa: 0.000108973
aa: 0.00339869
yy: 1.02834e-07
yyx: 1.03008e-10
yya: -3.05084e-07
