1441
-1587.9 2.38064e-05
-1587.7 2.38064e-05
-1587.5 2.38064e-05
-1587.3 3.57096e-05
-1587.1 3.57096e-05
-1586.9 3.57096e-05
-1586.7 3.57096e-05
-1586.5 3.57096e-05
-1586.3 3.57096e-05
-1586.1 3.57096e-05
-1585.9 3.57096e-05
-1585.7 3.57096e-05
-1585.5 4.76128e-05
-1585.3 4.76128e-05
-1585.1 4.76128e-05
-1584.9 4.76128e-05
-1584.7 4.76128e-05
-1584.5 4.76128e-05
-1584.3 4.76128e-05
-1584.1 4.76128e-05
-1583.9 4.76128e-05
-1583.7 5.9516e-05
-1583.5 5.9516e-05
-1583.3 5.9516e-05
-1583.1 5.9516e-05
-1582.9 5.9516e-05
-1582.7 5.9516e-05
-1582.5 5.9516e-05
-1582.3 5.9516e-05
-1582.1 5.9516e-05
-1581.9 7.14192e-05
-1581.7 7.14192e-05
-1581.5 7.14192e-05
-1581.3 8.33224e-05
-1581.1 8.33224e-05
-1580.9 8.33224e-05
-1580.7 8.33224e-05
-1580.5 8.33224e-05
-1580.3 8.33224e-05
-1580.1 8.33224e-05
-1579.9 8.33224e-05
-1579.7 8.33224e-05
-1579.5 8.33224e-05
-1579.3 8.33224e-05
-1579.1 8.33224e-05
-1578.9 8.33224e-05
-1578.7 9.52256e-05
-1578.5 9.52256e-05
-1578.3 9.52256e-05
-1578.1 0.000107129
-1577.9 0.000107129
-1577.7 0.000119032
-1577.5 0.000119032
-1577.3 0.000142838
-1577.1 0.000154742
-1576.9 0.000166645
-1576.7 0.000178548
-1576.5 0.000249967
-1576.3 0.00026187
-1576.1 0.000309483
-1575.9 0.000345193
-1575.7 0.000368999
-1575.5 0.000440419
-1575.3 0.000476128
-1575.1 0.000559451
-1574.9 0.000690386
-1574.7 0.000797515
-1574.5 0.00092845
-1574.3 0.00101177
-1574.1 0.00117842
-1573.9 0.00133316
-1573.7 0.00152361
-1573.5 0.00164264
-1573.3 0.00188071
-1573.1 0.00209496
-1572.9 0.00227351
-1572.7 0.00257109
-1572.5 0.00285677
-1572.3 0.00321386
-1572.1 0.00351144
-1571.9 0.00385664
-1571.7 0.00424944
-1571.5 0.00460654
-1571.3 0.00504696
-1571.1 0.00554689
-1570.9 0.00602302
-1570.7 0.00663008
-1570.5 0.00718953
-1570.3 0.0078085
-1570.1 0.00841556
-1569.9 0.00905834
-1569.7 0.00973682
-1569.5 0.0105105
-1569.3 0.0112842
-1569.1 0.0120937
-1568.9 0.0129507
-1568.7 0.0137958
-1568.5 0.0147243
-1568.3 0.0156884
-1568.1 0.0167716
-1567.9 0.0178667
-1567.7 0.0189499
-1567.5 0.0200688
-1567.3 0.0210687
-1567.1 0.0220328
-1566.9 0.0234255
-1566.7 0.0247468
-1566.5 0.0261275
-1566.3 0.0275083
-1566.1 0.0287581
-1565.9 0.0301508
-1565.7 0.0314602
-1565.5 0.0327814
-1565.3 0.0343407
-1565.1 0.0357215
-1564.9 0.0372927
-1564.7 0.0387687
-1564.5 0.0402923
-1564.3 0.0422326
-1564.1 0.0436133
-1563.9 0.0450536
-1563.7 0.0462439
-1563.5 0.0475533
-1563.3 0.0490412
-1563.1 0.0504101
-1562.9 0.0517908
-1562.7 0.0533264
-1562.5 0.0548976
-1562.3 0.0563617
-1562.1 0.0579091
-1561.9 0.0594803
-1561.7 0.0610991
-1561.5 0.0624204
-1561.3 0.0636583
-1561.1 0.0651105
-1560.9 0.0667889
-1560.7 0.0683363
-1560.5 0.0697647
-1560.3 0.0711931
-1560.1 0.072681
-1559.9 0.0739308
-1559.7 0.0752997
-1559.5 0.0768352
-1559.3 0.0781802
-1559.1 0.0794063
-1558.9 0.0806918
-1558.7 0.0821797
-1558.5 0.0832748
-1558.3 0.084477
-1558.1 0.0857507
-1557.9 0.0869648
-1557.7 0.088167
-1557.5 0.0891431
-1557.3 0.0903929
-1557.1 0.0916428
-1556.9 0.0926307
-1556.7 0.0938687
-1556.5 0.0952137
-1556.3 0.0963564
-1556.1 0.0974753
-1555.9 0.0985942
-1555.7 0.0998203
-1555.5 0.100784
-1555.3 0.101975
-1555.1 0.103308
-1554.9 0.10476
-1554.7 0.10595
-1554.5 0.107034
-1554.3 0.108248
-1554.1 0.109152
-1553.9 0.110462
-1553.7 0.111557
-1553.5 0.11264
-1553.3 0.113676
-1553.1 0.114711
-1552.9 0.115866
-1552.7 0.11683
-1552.5 0.11777
-1552.3 0.118794
-1552.1 0.119782
-1551.9 0.120758
-1551.7 0.121805
-1551.5 0.122722
-1551.3 0.123627
-1551.1 0.124484
-1550.9 0.125376
-1550.7 0.126424
-1550.5 0.12734
-1550.3 0.128364
-1550.1 0.129435
-1549.9 0.130531
-1549.7 0.131518
-1549.5 0.132376
-1549.3 0.133375
-1549.1 0.134399
-1548.9 0.135375
-1548.7 0.136423
-1548.5 0.137411
-1548.3 0.138339
-1548.1 0.139387
-1547.9 0.140422
-1547.7 0.14141
-1547.5 0.142743
-1547.3 0.14385
-1547.1 0.144874
-1546.9 0.145909
-1546.7 0.146957
-1546.5 0.147981
-1546.3 0.148933
-1546.1 0.149802
-1545.9 0.150825
-1545.7 0.151718
-1545.5 0.152635
-1545.3 0.15373
-1545.1 0.154765
-1544.9 0.155611
-1544.7 0.156575
-1544.5 0.157717
-1544.3 0.15867
-1544.1 0.159455
-1543.9 0.160193
-1543.7 0.16111
-1543.5 0.16211
-1543.3 0.162979
-1543.1 0.16374
-1542.9 0.164669
-1542.7 0.165633
-1542.5 0.166621
-1542.3 0.167728
-1542.1 0.168514
-1541.9 0.169466
-1541.7 0.170275
-1541.5 0.171251
-1541.3 0.172132
-1541.1 0.172989
-1540.9 0.173834
-1540.7 0.174906
-1540.5 0.175787
-1540.3 0.176822
-1540.1 0.177881
-1539.9 0.178715
-1539.7 0.179465
-1539.5 0.180488
-1539.3 0.181298
-1539.1 0.182167
-1538.9 0.182988
-1538.7 0.183797
-1538.5 0.184631
-1538.3 0.185749
-1538.1 0.186571
-1537.9 0.18738
-1537.7 0.188237
-1537.5 0.189213
-1537.3 0.190011
-1537.1 0.190773
-1536.9 0.191737
-1536.7 0.192606
-1536.5 0.193475
-1536.3 0.19432
-1536.1 0.195367
-1535.9 0.196248
-1535.7 0.19726
-1535.5 0.198045
-1535.3 0.198855
-1535.1 0.199652
-1534.9 0.200628
-1534.7 0.201676
-1534.5 0.20239
-1534.3 0.203354
-1534.1 0.204378
-1533.9 0.20533
-1533.7 0.206187
-1533.5 0.207163
-1533.3 0.207985
-1533.1 0.208842
-1532.9 0.209818
-1532.7 0.210627
-1532.5 0.211591
-1532.3 0.21246
-1532.1 0.213496
-1531.9 0.214531
-1531.7 0.215281
-1531.5 0.216055
-1531.3 0.216793
-1531.1 0.217852
-1530.9 0.218733
-1530.7 0.21965
-1530.5 0.220626
-1530.3 0.221483
-1530.1 0.222518
-1529.9 0.223376
-1529.7 0.224399
-1529.5 0.225304
-1529.3 0.226185
-1529.1 0.227006
-1528.9 0.227934
-1528.7 0.22878
-1528.5 0.229601
-1528.3 0.230434
-1528.1 0.231339
-1527.9 0.232362
-1527.7 0.233077
-1527.5 0.234017
-1527.3 0.234731
-1527.1 0.23566
-1526.9 0.236612
-1526.7 0.23735
-1526.5 0.238088
-1526.3 0.238945
-1526.1 0.239814
-1525.9 0.240766
-1525.7 0.241706
-1525.5 0.242659
-1525.3 0.243397
-1525.1 0.244397
-1524.9 0.24542
-1524.7 0.246206
-1524.5 0.247063
-1524.3 0.247908
-1524.1 0.248848
-1523.9 0.24967
-1523.7 0.250658
-1523.5 0.251503
-1523.3 0.252396
-1523.1 0.253181
-1522.9 0.254074
-1522.7 0.254788
-1522.5 0.255657
-1522.3 0.256407
-1522.1 0.257204
-1521.9 0.25805
-1521.7 0.258776
-1521.5 0.259692
-1521.3 0.260335
-1521.1 0.26118
-1520.9 0.261966
-1520.7 0.262739
-1520.5 0.263537
-1520.3 0.264513
-1520.1 0.265346
-1519.9 0.266072
-1519.7 0.266977
-1519.5 0.267644
-1519.3 0.268477
-1519.1 0.269369
-1518.9 0.270167
-1518.7 0.270905
-1518.5 0.27181
-1518.3 0.272571
-1518.1 0.273536
-1517.9 0.274464
-1517.7 0.275166
-1517.5 0.275892
-1517.3 0.276607
-1517.1 0.27744
-1516.9 0.278345
-1516.7 0.279249
-1516.5 0.280047
-1516.3 0.280701
-1516.1 0.281749
-1515.9 0.282463
-1515.7 0.283344
-1515.5 0.284177
-1515.3 0.285094
-1515.1 0.285772
-1514.9 0.286629
-1514.7 0.287534
-1514.5 0.288272
-1514.3 0.289153
-1514.1 0.289962
-1513.9 0.290938
-1513.7 0.291676
-1513.5 0.292438
-1513.3 0.293307
-1513.1 0.294164
-1512.9 0.294997
-1512.7 0.295664
-1512.5 0.296449
-1512.3 0.297282
-1512.1 0.29802
-1511.9 0.298878
-1511.7 0.299913
-1511.5 0.300865
-1511.3 0.301591
-1511.1 0.302484
-1510.9 0.303317
-1510.7 0.304246
-1510.5 0.305186
-1510.3 0.306091
-1510.1 0.306876
-1509.9 0.307674
-1509.7 0.308555
-1509.5 0.309483
-1509.3 0.310424
-1509.1 0.31134
-1508.9 0.312066
-1508.7 0.313054
-1508.5 0.314018
-1508.3 0.314852
-1508.1 0.315673
-1507.9 0.316494
-1507.7 0.317185
-1507.5 0.318089
-1507.3 0.318887
-1507.1 0.319625
-1506.9 0.320446
-1506.7 0.321339
-1506.5 0.322089
-1506.3 0.322946
-1506.1 0.323874
-1505.9 0.324957
-1505.7 0.325898
-1505.5 0.32666
-1505.3 0.327517
-1505.1 0.328457
-1504.9 0.329374
-1504.7 0.330373
-1504.5 0.331314
-1504.3 0.332206
-1504.1 0.333028
-1503.9 0.333909
-1503.7 0.334909
-1503.5 0.335801
-1503.3 0.336718
-1503.1 0.337361
-1502.9 0.338075
-1502.7 0.339003
-1502.5 0.339813
-1502.3 0.340836
-1502.1 0.341729
-1501.9 0.342443
-1501.7 0.343253
-1501.5 0.344134
-1501.3 0.344895
-1501.1 0.345848
-1500.9 0.346597
-1500.7 0.347359
-1500.5 0.348121
-1500.3 0.349002
-1500.1 0.349895
-1499.9 0.350823
-1499.7 0.351644
-1499.5 0.352561
-1499.3 0.353358
-1499.1 0.354108
-1498.9 0.355025
-1498.7 0.355775
-1498.5 0.356632
-1498.3 0.357465
-1498.1 0.358453
-1497.9 0.359179
-1497.7 0.360024
-1497.5 0.360786
-1497.3 0.361762
-1497.1 0.362631
-1496.9 0.36356
-1496.7 0.36444
-1496.5 0.365309
-1496.3 0.366131
-1496.1 0.366845
-1495.9 0.367738
-1495.7 0.368535
-1495.5 0.369309
-1495.3 0.370071
-1495.1 0.370951
-1494.9 0.371773
-1494.7 0.372594
-1494.5 0.373546
-1494.3 0.37438
-1494.1 0.375272
-1493.9 0.376248
-1493.7 0.377224
-1493.5 0.378153
-1493.3 0.379105
-1493.1 0.380022
-1492.9 0.380938
-1492.7 0.381938
-1492.5 0.382855
-1492.3 0.383593
-1492.1 0.384533
-1491.9 0.385259
-1491.7 0.386176
-1491.5 0.386997
-1491.3 0.387842
-1491.1 0.388628
-1490.9 0.389413
-1490.7 0.390389
-1490.5 0.391246
-1490.3 0.391996
-1490.1 0.392865
-1489.9 0.393829
-1489.7 0.394663
-1489.5 0.395282
-1489.3 0.396162
-1489.1 0.396984
-1488.9 0.397805
-1488.7 0.398793
-1488.5 0.399638
-1488.3 0.400412
-1488.1 0.401281
-1487.9 0.40215
-1487.7 0.403031
-1487.5 0.403852
-1487.3 0.404626
-1487.1 0.405447
-1486.9 0.40628
-1486.7 0.407101
-1486.5 0.407792
-1486.3 0.408673
-1486.1 0.409542
-1485.9 0.410399
-1485.7 0.411256
-1485.5 0.41222
-1485.3 0.413089
-1485.1 0.413958
-1484.9 0.414672
-1484.7 0.415493
-1484.5 0.416529
-1484.3 0.4176
-1484.1 0.418374
-1483.9 0.419124
-1483.7 0.419969
-1483.5 0.42085
-1483.3 0.421635
-1483.1 0.422516
-1482.9 0.423349
-1482.7 0.42423
-1482.5 0.425099
-1482.3 0.425956
-1482.1 0.426647
-1481.9 0.427432
-1481.7 0.42823
-1481.5 0.429122
-1481.3 0.429884
-1481.1 0.430586
-1480.9 0.431634
-1480.7 0.432634
-1480.5 0.433705
-1480.3 0.434717
-1480.1 0.43561
-1479.9 0.436431
-1479.7 0.43724
-1479.5 0.438216
-1479.3 0.439014
-1479.1 0.440121
-1478.9 0.441037
-1478.7 0.44193
-1478.5 0.442668
-1478.3 0.443656
-1478.1 0.444537
-1477.9 0.445358
-1477.7 0.446049
-1477.5 0.446953
-1477.3 0.447799
-1477.1 0.448751
-1476.9 0.44956
-1476.7 0.450405
-1476.5 0.451155
-1476.3 0.451846
-1476.1 0.452691
-1475.9 0.453441
-1475.7 0.454238
-1475.5 0.455167
-1475.3 0.45594
-1475.1 0.45675
-1474.9 0.457607
-1474.7 0.458678
-1474.5 0.459547
-1474.3 0.460428
-1474.1 0.46119
-1473.9 0.462059
-1473.7 0.462904
-1473.5 0.463594
-1473.3 0.464582
-1473.1 0.46538
-1472.9 0.466284
-1472.7 0.467117
-1472.5 0.467736
-1472.3 0.468665
-1472.1 0.469355
-1471.9 0.470272
-1471.7 0.471093
-1471.5 0.471974
-1471.3 0.47276
-1471.1 0.473795
-1470.9 0.474783
-1470.7 0.475628
-1470.5 0.476497
-1470.3 0.477545
-1470.1 0.47858
-1469.9 0.47939
-1469.7 0.480199
-1469.5 0.480961
-1469.3 0.481842
-1469.1 0.482937
-1468.9 0.483699
-1468.7 0.484615
-1468.5 0.485627
-1468.3 0.486389
-1468.1 0.487079
-1467.9 0.487817
-1467.7 0.488817
-1467.5 0.489603
-1467.3 0.49046
-1467.1 0.491221
-1466.9 0.491995
-1466.7 0.492947
-1466.5 0.493721
-1466.3 0.494578
-1466.1 0.495304
-1465.9 0.49609
-1465.7 0.497042
-1465.5 0.497744
-1465.3 0.498625
-1465.1 0.499399
-1464.9 0.500458
-1464.7 0.501422
-1464.5 0.502327
-1464.3 0.503113
-1464.1 0.503994
-1463.9 0.504839
-1463.7 0.505719
-1463.5 0.506434
-1463.3 0.507445
-1463.1 0.508374
-1462.9 0.509314
-1462.7 0.510171
-1462.5 0.511207
-1462.3 0.511921
-1462.1 0.512671
-1461.9 0.513492
-1461.7 0.514373
-1461.5 0.515135
-1461.3 0.51604
-1461.1 0.516837
-1460.9 0.517587
-1460.7 0.518396
-1460.5 0.51948
-1460.3 0.520277
-1460.1 0.521194
-1459.9 0.522324
-1459.7 0.523146
-1459.5 0.524062
-1459.3 0.525157
-1459.1 0.526026
-1458.9 0.526824
-1458.7 0.527776
-1458.5 0.528407
-1458.3 0.529074
-1458.1 0.529943
-1457.9 0.530823
-1457.7 0.531788
-1457.5 0.532526
-1457.3 0.533454
-1457.1 0.534299
-1456.9 0.535251
-1456.7 0.535977
-1456.5 0.536906
-1456.3 0.53787
-1456.1 0.538834
-1455.9 0.539917
-1455.7 0.540727
-1455.5 0.541489
-1455.3 0.54225
-1455.1 0.543191
-1454.9 0.543929
-1454.7 0.544679
-1454.5 0.545571
-1454.3 0.5465
-1454.1 0.547369
-1453.9 0.54819
-1453.7 0.549226
-1453.5 0.550059
-1453.3 0.550928
-1453.1 0.551904
-1452.9 0.552749
-1452.7 0.553904
-1452.5 0.554737
-1452.3 0.555606
-1452.1 0.556499
-1451.9 0.557248
-1451.7 0.558117
-1451.5 0.559058
-1451.3 0.559891
-1451.1 0.560688
-1450.9 0.561581
-1450.7 0.562474
-1450.5 0.563236
-1450.3 0.563998
-1450.1 0.564878
-1449.9 0.56564
-1449.7 0.566521
-1449.5 0.567223
-1449.3 0.568045
-1449.1 0.569116
-1448.9 0.570056
-1448.7 0.570985
-1448.5 0.571758
-1448.3 0.572675
-1448.1 0.573651
-1447.9 0.574782
-1447.7 0.575603
-1447.5 0.576353
-1447.3 0.577163
-1447.1 0.578162
-1446.9 0.579008
-1446.7 0.579972
-1446.5 0.580829
-1446.3 0.581471
-1446.1 0.582293
-1445.9 0.583126
-1445.7 0.583876
-1445.5 0.584745
-1445.3 0.585697
-1445.1 0.58653
-1444.9 0.587411
-1444.7 0.588256
-1444.5 0.589113
-1444.3 0.589947
-1444.1 0.590696
-1443.9 0.591637
-1443.7 0.59247
-1443.5 0.593279
-1443.3 0.593994
-1443.1 0.594696
-1442.9 0.595482
-1442.7 0.596398
-1442.5 0.597208
-1442.3 0.598112
-1442.1 0.598862
-1441.9 0.59985
-1441.7 0.600683
-1441.5 0.601528
-1441.3 0.602326
-1441.1 0.603016
-1440.9 0.604052
-1440.7 0.604933
-1440.5 0.605611
-1440.3 0.606552
-1440.1 0.607432
-1439.9 0.608182
-1439.7 0.609218
-1439.5 0.60998
-1439.3 0.610575
-1439.1 0.611289
-1438.9 0.612241
-1438.7 0.613098
-1438.5 0.614003
-1438.3 0.614789
-1438.1 0.615753
-1437.9 0.616479
-1437.7 0.617502
-1437.5 0.618336
-1437.3 0.619228
-1437.1 0.61999
-1436.9 0.621014
-1436.7 0.621919
-1436.5 0.622752
-1436.3 0.62368
-1436.1 0.624466
-1435.9 0.625323
-1435.7 0.626085
-1435.5 0.626918
-1435.3 0.627739
-1435.1 0.628775
-1434.9 0.629489
-1434.7 0.630298
-1434.5 0.63106
-1434.3 0.631905
-1434.1 0.632691
-1433.9 0.633596
-1433.7 0.634536
-1433.5 0.635369
-1433.3 0.636214
-1433.1 0.63694
-1432.9 0.637833
-1432.7 0.638678
-1432.5 0.639452
-1432.3 0.64019
-1432.1 0.641154
-1431.9 0.641987
-1431.7 0.642987
-1431.5 0.643987
-1431.3 0.644856
-1431.1 0.645558
-1430.9 0.646451
-1430.7 0.647284
-1430.5 0.647998
-1430.3 0.648629
-1430.1 0.649272
-1429.9 0.650212
-1429.7 0.651093
-1429.5 0.651974
-1429.3 0.652819
-1429.1 0.653581
-1428.9 0.654379
-1428.7 0.655355
-1428.5 0.656212
-1428.3 0.657093
-1428.1 0.657985
-1427.9 0.658902
-1427.7 0.659771
-1427.5 0.660544
-1427.3 0.66139
-1427.1 0.662223
-1426.9 0.66327
-1426.7 0.663984
-1426.5 0.664853
-1426.3 0.665639
-1426.1 0.666472
-1425.9 0.667329
-1425.7 0.668151
-1425.5 0.669091
-1425.3 0.669912
-1425.1 0.670805
-1424.9 0.671543
-1424.7 0.672281
-1424.5 0.67315
-1424.3 0.673995
-1424.1 0.674781
-1423.9 0.675566
-1423.7 0.676495
-1423.5 0.677352
-1423.3 0.678149
-1423.1 0.678994
-1422.9 0.679887
-1422.7 0.680661
-1422.5 0.681399
-1422.3 0.68228
-1422.1 0.683125
-1421.9 0.683982
-1421.7 0.684803
-1421.5 0.685779
-1421.3 0.686553
-1421.1 0.687374
-1420.9 0.688231
-1420.7 0.689041
-1420.5 0.68985
-1420.3 0.690588
-1420.1 0.691528
-1419.9 0.69254
-1419.7 0.693504
-1419.5 0.694504
-1419.3 0.69548
-1419.1 0.696254
-1418.9 0.697087
-1418.7 0.698028
-1418.5 0.698778
-1418.3 0.699623
-1418.1 0.700361
-1417.9 0.70117
-1417.7 0.701956
-1417.5 0.702825
-1417.3 0.703503
-1417.1 0.704313
-1416.9 0.705479
-1416.7 0.706336
-1416.5 0.707157
-1416.3 0.708026
-1416.1 0.708979
-1415.9 0.709788
-1415.7 0.710574
-1415.5 0.711633
-1415.3 0.712657
-1415.1 0.713526
-1414.9 0.714335
-1414.7 0.715323
-1414.5 0.716204
-1414.3 0.717049
-1414.1 0.717894
-1413.9 0.718442
-1413.7 0.719239
-1413.5 0.720168
-1413.3 0.720977
-1413.1 0.721858
-1412.9 0.722489
-1412.7 0.723286
-1412.5 0.724286
-1412.3 0.725167
-1412.1 0.726214
-1411.9 0.726869
-1411.7 0.727809
-1411.5 0.728524
-1411.3 0.729476
-1411.1 0.730178
-1410.9 0.730892
-1410.7 0.73188
-1410.5 0.732845
-1410.3 0.733618
-1410.1 0.734475
-1409.9 0.735261
-1409.7 0.73607
-1409.5 0.737058
-1409.3 0.737963
-1409.1 0.738665
-1408.9 0.739546
-1408.7 0.740367
-1408.5 0.741165
-1408.3 0.741915
-1408.1 0.742784
-1407.9 0.743629
-1407.7 0.744522
-1407.5 0.745319
-1407.3 0.746045
-1407.1 0.746962
-1406.9 0.747759
-1406.7 0.748581
-1406.5 0.749283
-1406.3 0.750223
-1406.1 0.751056
-1405.9 0.75183
-1405.7 0.752723
-1405.5 0.753556
-1405.3 0.75433
-1405.1 0.755258
-1404.9 0.756091
-1404.7 0.756925
-1404.5 0.757794
-1404.3 0.758555
-1404.1 0.759472
-1403.9 0.760496
-1403.7 0.761162
-1403.5 0.76196
-1403.3 0.762841
-1403.1 0.763805
-1402.9 0.764662
-1402.7 0.765435
-1402.5 0.766221
-1402.3 0.767126
-1402.1 0.768042
-1401.9 0.768852
-1401.7 0.769661
-1401.5 0.770494
-1401.3 0.771482
-1401.1 0.772089
-1400.9 0.772815
-1400.7 0.773649
-1400.5 0.774494
-1400.3 0.775315
-1400.1 0.77591
-1399.9 0.776815
-1399.7 0.77747
-1399.5 0.778196
-1399.3 0.77916
-1399.1 0.779862
-1398.9 0.78085
-1398.7 0.781767
-1398.5 0.782707
-1398.3 0.783493
-1398.1 0.784159
-1397.9 0.7851
-1397.7 0.78573
-1397.5 0.786516
-1397.3 0.787409
-1397.1 0.788147
-1396.9 0.789016
-1396.7 0.789849
-1396.5 0.790861
-1396.3 0.791575
-1396.1 0.792349
-1395.9 0.793182
-1395.7 0.794015
-1395.5 0.795063
-1395.3 0.796098
-1395.1 0.796919
-1394.9 0.797776
-1394.7 0.798586
-1394.5 0.799419
-1394.3 0.800252
-1394.1 0.801074
-1393.9 0.802002
-1393.7 0.802693
-1393.5 0.803561
-1393.3 0.804466
-1393.1 0.805156
-1392.9 0.806002
-1392.7 0.806775
-1392.5 0.807847
-1392.3 0.808632
-1392.1 0.809573
-1391.9 0.810263
-1391.7 0.811227
-1391.5 0.812048
-1391.3 0.813084
-1391.1 0.81406
-1390.9 0.814846
-1390.7 0.81556
-1390.5 0.8165
-1390.3 0.817345
-1390.1 0.818155
-1389.9 0.818964
-1389.7 0.819881
-1389.5 0.82069
-1389.3 0.821547
-1389.1 0.822309
-1388.9 0.823083
-1388.7 0.823844
-1388.5 0.82469
-1388.3 0.825654
-1388.1 0.826594
-1387.9 0.827344
-1387.7 0.828344
-1387.5 0.829094
-1387.3 0.830034
-1387.1 0.830725
-1386.9 0.831641
-1386.7 0.832427
-1386.5 0.833189
-1386.3 0.834188
-1386.1 0.834974
-1385.9 0.835962
-1385.7 0.836736
-1385.5 0.8377
-1385.3 0.838402
-1385.1 0.839033
-1384.9 0.839914
-1384.7 0.840842
-1384.5 0.841783
-1384.3 0.842533
-1384.1 0.843401
-1383.9 0.844282
-1383.7 0.845068
-1383.5 0.845996
-1383.3 0.846818
-1383.1 0.847675
-1382.9 0.848472
-1382.7 0.849329
-1382.5 0.850162
-1382.3 0.850936
-1382.1 0.851686
-1381.9 0.8524
-1381.7 0.853364
-1381.5 0.854186
-1381.3 0.855031
-1381.1 0.855947
-1380.9 0.856733
-1380.7 0.857721
-1380.5 0.858673
-1380.3 0.859554
-1380.1 0.860459
-1379.9 0.861221
-1379.7 0.862078
-1379.5 0.862637
-1379.3 0.863423
-1379.1 0.86422
-1378.9 0.864958
-1378.7 0.865768
-1378.5 0.866482
-1378.3 0.867327
-1378.1 0.868148
-1377.9 0.868981
-1377.7 0.869779
-1377.5 0.870565
-1377.3 0.871445
-1377.1 0.872195
-1376.9 0.873171
-1376.7 0.874088
-1376.5 0.874945
-1376.3 0.875861
-1376.1 0.87679
-1375.9 0.877564
-1375.7 0.878456
-1375.5 0.879147
-1375.3 0.880063
-1375.1 0.880766
-1374.9 0.881516
-1374.7 0.882218
-1374.5 0.883027
-1374.3 0.883801
-1374.1 0.884551
-1373.9 0.885348
-1373.7 0.886193
-1373.5 0.88711
-1373.3 0.887931
-1373.1 0.888884
-1372.9 0.889991
-1372.7 0.8908
-1372.5 0.891919
-1372.3 0.892705
-1372.1 0.893538
-1371.9 0.894347
-1371.7 0.895026
-1371.5 0.896061
-1371.3 0.896871
-1371.1 0.897751
-1370.9 0.898525
-1370.7 0.899418
-1370.5 0.900227
-1370.3 0.901025
-1370.1 0.901822
-1369.9 0.902715
-1369.7 0.903608
-1369.5 0.904274
-1369.3 0.905131
-1369.1 0.906036
-1368.9 0.906869
-1368.7 0.907643
-1368.5 0.908476
-1368.3 0.909321
-1368.1 0.910262
-1367.9 0.91125
-1367.7 0.912071
-1367.5 0.912785
-1367.3 0.913511
-1367.1 0.914392
-1366.9 0.914999
-1366.7 0.915821
-1366.5 0.91663
-1366.3 0.917297
-1366.1 0.917916
-1365.9 0.918737
-1365.7 0.919499
-1365.5 0.920284
-1365.3 0.921165
-1365.1 0.921998
-1364.9 0.922891
-1364.7 0.923629
-1364.5 0.924629
-1364.3 0.925641
-1364.1 0.926426
-1363.9 0.927129
-1363.7 0.927843
-1363.5 0.928605
-1363.3 0.929331
-1363.1 0.930057
-1362.9 0.930795
-1362.7 0.93158
-1362.5 0.932473
-1362.3 0.933223
-1362.1 0.934044
-1361.9 0.934842
-1361.7 0.935651
-1361.5 0.936532
-1361.3 0.937282
-1361.1 0.938032
-1360.9 0.938853
-1360.7 0.939686
-1360.5 0.940424
-1360.3 0.941151
-1360.1 0.941912
-1359.9 0.942805
-1359.7 0.943579
-1359.5 0.944281
-1359.3 0.945031
-1359.1 0.945745
-1358.9 0.946578
-1358.7 0.94734
-1358.5 0.948162
-1358.3 0.948959
-1358.1 0.94959
-1357.9 0.950233
-1357.7 0.951137
-1357.5 0.951733
-1357.3 0.95228
-1357.1 0.952911
-1356.9 0.953578
-1356.7 0.954196
-1356.5 0.954863
-1356.3 0.955518
-1356.1 0.956184
-1355.9 0.956922
-1355.7 0.957553
-1355.5 0.95822
-1355.3 0.958898
-1355.1 0.959362
-1354.9 0.960136
-1354.7 0.960767
-1354.5 0.961267
-1354.3 0.961743
-1354.1 0.962255
-1353.9 0.962743
-1353.7 0.963302
-1353.5 0.963814
-1353.3 0.964219
-1353.1 0.964731
-1352.9 0.965207
-1352.7 0.965826
-1352.5 0.966445
-1352.3 0.966873
-1352.1 0.967433
-1351.9 0.967861
-1351.7 0.968528
-1351.5 0.969099
-1351.3 0.969552
-1351.1 0.970004
-1350.9 0.970409
-1350.7 0.970968
-1350.5 0.971373
-1350.3 0.971813
-1350.1 0.972182
-1349.9 0.972706
-1349.7 0.973123
-1349.5 0.973551
-1349.3 0.973849
-1349.1 0.974349
-1348.9 0.974694
-1348.7 0.975075
-1348.5 0.975503
-1348.3 0.975813
-1348.1 0.976265
-1347.9 0.976658
-1347.7 0.977074
-1347.5 0.977443
-1347.3 0.977801
-1347.1 0.97817
-1346.9 0.97855
-1346.7 0.978896
-1346.5 0.979217
-1346.3 0.979562
-1346.1 0.98005
-1345.9 0.980443
-1345.7 0.980824
-1345.5 0.981193
-1345.3 0.981526
-1345.1 0.981895
-1344.9 0.982193
-1344.7 0.982586
-1344.5 0.982859
-1344.3 0.983181
-1344.1 0.983574
-1343.9 0.983871
-1343.7 0.984109
-1343.5 0.984466
-1343.3 0.984716
-1343.1 0.984954
-1342.9 0.985311
-1342.7 0.985597
-1342.5 0.985883
-1342.3 0.98618
-1342.1 0.986454
-1341.9 0.986609
-1341.7 0.98693
-1341.5 0.987145
-1341.3 0.987418
-1341.1 0.987573
-1340.9 0.987847
-1340.7 0.988144
-1340.5 0.988311
-1340.3 0.988561
-1340.1 0.988835
-1339.9 0.98912
-1339.7 0.989335
-1339.5 0.989597
-1339.3 0.989728
-1339.1 0.989954
-1338.9 0.990132
-1338.7 0.990358
-1338.5 0.990549
-1338.3 0.990692
-1338.1 0.990882
-1337.9 0.990965
-1337.7 0.991144
-1337.5 0.991299
-1337.3 0.991442
-1337.1 0.991644
-1336.9 0.991834
-1336.7 0.992061
-1336.5 0.99218
-1336.3 0.992346
-1336.1 0.99243
-1335.9 0.992584
-1335.7 0.992715
-1335.5 0.992882
-1335.3 0.993049
-1335.1 0.993156
-1334.9 0.99331
-1334.7 0.993465
-1334.5 0.993548
-1334.3 0.993667
-1334.1 0.993798
-1333.9 0.993894
-1333.7 0.993965
-1333.5 0.99412
-1333.3 0.994275
-1333.1 0.994394
-1332.9 0.994525
-1332.7 0.994644
-1332.5 0.994774
-1332.3 0.994846
-1332.1 0.994965
-1331.9 0.995108
-1331.7 0.995215
-1331.5 0.995286
-1331.3 0.995382
-1331.1 0.995429
-1330.9 0.995584
-1330.7 0.995751
-1330.5 0.995846
-1330.3 0.995917
-1330.1 0.995941
-1329.9 0.996048
-1329.7 0.99612
-1329.5 0.996191
-1329.3 0.99625
-1329.1 0.996322
-1328.9 0.996358
-1328.7 0.996405
-1328.5 0.996465
-1328.3 0.996524
-1328.1 0.996584
-1327.9 0.996679
-1327.7 0.996715
-1327.5 0.996786
-1327.3 0.996858
-1327.1 0.996941
-1326.9 0.997024
-1326.7 0.997084
-1326.5 0.997191
-1326.3 0.997238
-1326.1 0.99725
-1325.9 0.997298
-1325.7 0.997334
-1325.5 0.997417
-1325.3 0.997453
-1325.1 0.997524
-1324.9 0.997584
-1324.7 0.997596
-1324.5 0.997655
-1324.3 0.997691
-1324.1 0.997738
-1323.9 0.997762
-1323.7 0.997846
-1323.5 0.997881
-1323.3 0.997941
-1323.1 0.997941
-1322.9 0.997953
-1322.7 0.997953
-1322.5 0.997953
-1322.3 0.997965
-1322.1 0.997988
-1321.9 0.998036
-1321.7 0.998048
-1321.5 0.998072
-1321.3 0.998143
-1321.1 0.998155
-1320.9 0.998215
-1320.7 0.99825
-1320.5 0.998298
-1320.3 0.998345
-1320.1 0.998357
-1319.9 0.998417
-1319.7 0.998441
-1319.5 0.998476
-1319.3 0.9985
-1319.1 0.998524
-1318.9 0.998548
-1318.7 0.998572
-1318.5 0.998572
-1318.3 0.998595
-1318.1 0.998595
-1317.9 0.998631
-1317.7 0.998667
-1317.5 0.998679
-1317.3 0.998726
-1317.1 0.99875
-1316.9 0.998762
-1316.7 0.998786
-1316.5 0.998798
-1316.3 0.99881
-1316.1 0.99881
-1315.9 0.99881
-1315.7 0.998822
-1315.5 0.998869
-1315.3 0.998893
-1315.1 0.998905
-1314.9 0.998905
-1314.7 0.998917
-1314.5 0.998929
-1314.3 0.998976
-1314.1 0.999
-1313.9 0.999
-1313.7 0.999
-1313.5 0.999024
-1313.3 0.999048
-1313.1 0.99906
-1312.9 0.999107
-1312.7 0.999107
-1312.5 0.999107
-1312.3 0.999107
-1312.1 0.999119
-1311.9 0.999119
-1311.7 0.999143
-1311.5 0.999143
-1311.3 0.999155
-1311.1 0.999167
-1310.9 0.999179
-1310.7 0.999191
-1310.5 0.999226
-1310.3 0.99925
-1310.1 0.99925
-1309.9 0.999274
-1309.7 0.999286
-1309.5 0.99931
-1309.3 0.999333
-1309.1 0.999345
-1308.9 0.999357
-1308.7 0.999357
-1308.5 0.999357
-1308.3 0.999369
-1308.1 0.999417
-1307.9 0.999452
-1307.7 0.999464
-1307.5 0.9995
-1307.3 0.999512
-1307.1 0.99956
-1306.9 0.99956
-1306.7 0.999583
-1306.5 0.999583
-1306.3 0.999595
-1306.1 0.999619
-1305.9 0.999619
-1305.7 0.999631
-1305.5 0.999643
-1305.3 0.999643
-1305.1 0.999667
-1304.9 0.999691
-1304.7 0.999691
-1304.5 0.999714
-1304.3 0.999714
-1304.1 0.999714
-1303.9 0.999714
-1303.7 0.999726
-1303.5 0.999762
-1303.3 0.999786
-1303.1 0.999786
-1302.9 0.999786
-1302.7 0.999798
-1302.5 0.99981
-1302.3 0.999857
-1302.1 0.999881
-1301.9 0.999893
-1301.7 0.999905
-1301.5 0.999905
-1301.3 0.999917
-1301.1 0.999917
-1300.9 0.999917
-1300.7 0.999917
-1300.5 0.999929
-1300.3 0.999976
-1300.1 0.999976
-1299.9 1
