#offset: 0.00157718
x: 2.44966e-05
xx: 6.5332e-09
a: -0.446505
xa: -8.06952e-05
xxa: -6.98721e-09
xxxa: 6.61647e-11
aa: 0.519366
xaa: 0.000243186
xxaa: -1.06274e-06
xxxaa: 7.75971e-10
xxxxaa: 3.69876e-12
aaa: -4.23589
xaaa: 0.00357575
xxaaa: 2.72522e-05
xxxaaa: -1.77918e-08
xxxxaaa: -1.09713e-10