#offset 0.00607037
x: 9.1513e-07
xx: -1.16964e-08
a: 0.035004
ax: 6.85429e-05
axx: 2.8311e-08
y: 0.00157438
xy: -3.12565e-07
xxy: -2.02416e-10
ya: 0.0268884
xya: 5.96787e-06
xxya: -7.74866e-08
xxxya: -1.63142e-10
yaa: 0.459972
xyaa: 0.0011347
xxyaa: 6.01495e-07
xxxyaa: -1.1907e-09 