x: -0.0002015630
a: 0.35368727