x: 0.000119113
a: -0.734626
ax: 0.000218283
axx: 1.3167e-07
aa: -0.958481
aax: -0.00106806
aaxx: -5.46864e-07
aaxxx: 4.23854e-09

