a: -0.73984865
ax: 0.00024375076
axx: 1.9738554e-07
aa: -1.0334208
x: 0.00012014332
