xa: -0.69616127
xxa: -0.00071281200
xxxa: -3.4022940e-06
xxxxa: -4.25871e-09
aa: 4673.5430
xaa: 9.8364500
xxaa: 0.053477400
xxxaa: 4.67488e-05
aaa: -45119.530
xaaa: -336.06650
xxaaa: -0.30834390
xxxaaa: -0.000377835
aaaa: 1.16067e+06
xaaaa: 1578.03
xxaaaa: -1.87391
xxxaaaa: -0.00426373
xxxxaaaa: 1.24011e-05
