#a: 44.2325
xa: -0.84716070
xxa: -0.0022070260
xxxa: -3.44343e-06
aa: 5211.7890
xaa: 14.41354
xxaa: 0.0571528
xxxaa: 6.80713e-05
aaa: -70588.300
xaaa: -332.67011
xxaaa: -0.59137350
xxxaaa: 7.55944e-05
xxxxaaa: 4.39101e-07
aaaa: 1.04633e+06
xaaaa: 1986.22

