-1589.9 0
-1589.7 0
-1589.5 2
-1589.3 3
-1589.1 0
-1588.9 3
-1588.7 0
-1588.5 0
-1588.3 1
-1588.1 1
-1587.9 0
-1587.7 0
-1587.5 0
-1587.3 0
-1587.1 1
-1586.9 1
-1586.7 2
-1586.5 0
-1586.3 3
-1586.1 0
-1585.9 0
-1585.7 0
-1585.5 0
-1585.3 0
-1585.1 3
-1584.9 2
-1584.7 0
-1584.5 1
-1584.3 0
-1584.1 2
-1583.9 1
-1583.7 1
-1583.5 0
-1583.3 0
-1583.1 2
-1582.9 1
-1582.7 0
-1582.5 0
-1582.3 0
-1582.1 0
-1581.9 1
-1581.7 2
-1581.5 0
-1581.3 2
-1581.1 1
-1580.9 2
-1580.7 2
-1580.5 2
-1580.3 1
-1580.1 3
-1579.9 1
-1579.7 0
-1579.5 1
-1579.3 3
-1579.1 0
-1578.9 0
-1578.7 1
-1578.5 2
-1578.3 0
-1578.1 0
-1577.9 0
-1577.7 0
-1577.5 2
-1577.3 1
-1577.1 0
-1576.9 3
-1576.7 2
-1576.5 1
-1576.3 0
-1576.1 2
-1575.9 5
-1575.7 1
-1575.5 2
-1575.3 0
-1575.1 1
-1574.9 3
-1574.7 1
-1574.5 0
-1574.3 0
-1574.1 2
-1573.9 1
-1573.7 1
-1573.5 2
-1573.3 2
-1573.1 3
-1572.9 1
-1572.7 1
-1572.5 2
-1572.3 2
-1572.1 1
-1571.9 2
-1571.7 1
-1571.5 2
-1571.3 0
-1571.1 1
-1570.9 3
-1570.7 1
-1570.5 0
-1570.3 0
-1570.1 1
-1569.9 2
-1569.7 3
-1569.5 1
-1569.3 1
-1569.1 1
-1568.9 1
-1568.7 0
-1568.5 2
-1568.3 4
-1568.1 2
-1567.9 2
-1567.7 1
-1567.5 1
-1567.3 3
-1567.1 3
-1566.9 2
-1566.7 1
-1566.5 2
-1566.3 2
-1566.1 1
-1565.9 1
-1565.7 1
-1565.5 3
-1565.3 2
-1565.1 2
-1564.9 2
-1564.7 0
-1564.5 0
-1564.3 3
-1564.1 0
-1563.9 2
-1563.7 0
-1563.5 1
-1563.3 1
-1563.1 1
-1562.9 1
-1562.7 2
-1562.5 1
-1562.3 0
-1562.1 5
-1561.9 3
-1561.7 1
-1561.5 3
-1561.3 1
-1561.1 6
-1560.9 8
-1560.7 3
-1560.5 7
-1560.3 10
-1560.1 8
-1559.9 10
-1559.7 12
-1559.5 9
-1559.3 18
-1559.1 25
-1558.9 21
-1558.7 33
-1558.5 26
-1558.3 22
-1558.1 33
-1557.9 42
-1557.7 58
-1557.5 57
-1557.3 78
-1557.1 66
-1556.9 74
-1556.7 88
-1556.5 94
-1556.3 101
-1556.1 141
-1555.9 131
-1555.7 152
-1555.5 150
-1555.3 169
-1555.1 176
-1554.9 173
-1554.7 210
-1554.5 219
-1554.3 209
-1554.1 268
-1553.9 286
-1553.7 273
-1553.5 355
-1553.3 326
-1553.1 334
-1552.9 361
-1552.7 377
-1552.5 429
-1552.3 434
-1552.1 437
-1551.9 439
-1551.7 423
-1551.5 466
-1551.3 488
-1551.1 526
-1550.9 522
-1550.7 526
-1550.5 549
-1550.3 553
-1550.1 581
-1549.9 583
-1549.7 572
-1549.5 573
-1549.3 669
-1549.1 594
-1548.9 638
-1548.7 610
-1548.5 592
-1548.3 669
-1548.1 608
-1547.9 614
-1547.7 610
-1547.5 618
-1547.3 662
-1547.1 642
-1546.9 619
-1546.7 649
-1546.5 619
-1546.3 653
-1546.1 671
-1545.9 653
-1545.7 609
-1545.5 606
-1545.3 588
-1545.1 601
-1544.9 594
-1544.7 569
-1544.5 611
-1544.3 627
-1544.1 584
-1543.9 610
-1543.7 597
-1543.5 587
-1543.3 578
-1543.1 549
-1542.9 588
-1542.7 485
-1542.5 535
-1542.3 569
-1542.1 539
-1541.9 546
-1541.7 518
-1541.5 526
-1541.3 537
-1541.1 547
-1540.9 520
-1540.7 543
-1540.5 506
-1540.3 480
-1540.1 552
-1539.9 484
-1539.7 491
-1539.5 534
-1539.3 496
-1539.1 489
-1538.9 483
-1538.7 498
-1538.5 489
-1538.3 528
-1538.1 487
-1537.9 494
-1537.7 453
-1537.5 465
-1537.3 479
-1537.1 454
-1536.9 430
-1536.7 461
-1536.5 495
-1536.3 484
-1536.1 431
-1535.9 436
-1535.7 486
-1535.5 449
-1535.3 458
-1535.1 421
-1534.9 436
-1534.7 448
-1534.5 451
-1534.3 437
-1534.1 423
-1533.9 427
-1533.7 443
-1533.5 469
-1533.3 425
-1533.1 412
-1532.9 458
-1532.7 421
-1532.5 416
-1532.3 448
-1532.1 431
-1531.9 400
-1531.7 436
-1531.5 376
-1531.3 410
-1531.1 419
-1530.9 409
-1530.7 423
-1530.5 414
-1530.3 434
-1530.1 427
-1529.9 455
-1529.7 438
-1529.5 396
-1529.3 379
-1529.1 387
-1528.9 403
-1528.7 405
-1528.5 389
-1528.3 401
-1528.1 421
-1527.9 403
-1527.7 395
-1527.5 428
-1527.3 434
-1527.1 419
-1526.9 424
-1526.7 395
-1526.5 433
-1526.3 440
-1526.1 409
-1525.9 365
-1525.7 440
-1525.5 402
-1525.3 368
-1525.1 372
-1524.9 385
-1524.7 388
-1524.5 398
-1524.3 399
-1524.1 431
-1523.9 422
-1523.7 390
-1523.5 410
-1523.3 382
-1523.1 423
-1522.9 395
-1522.7 398
-1522.5 382
-1522.3 401
-1522.1 362
-1521.9 424
-1521.7 411
-1521.5 392
-1521.3 397
-1521.1 402
-1520.9 411
-1520.7 401
-1520.5 373
-1520.3 377
-1520.1 385
-1519.9 405
-1519.7 392
-1519.5 388
-1519.3 380
-1519.1 419
-1518.9 379
-1518.7 362
-1518.5 363
-1518.3 357
-1518.1 352
-1517.9 356
-1517.7 365
-1517.5 389
-1517.3 374
-1517.1 365
-1516.9 384
-1516.7 369
-1516.5 363
-1516.3 350
-1516.1 376
-1515.9 396
-1515.7 371
-1515.5 346
-1515.3 351
-1515.1 386
-1514.9 385
-1514.7 372
-1514.5 410
-1514.3 361
-1514.1 391
-1513.9 388
-1513.7 373
-1513.5 390
-1513.3 412
-1513.1 404
-1512.9 428
-1512.7 376
-1512.5 362
-1512.3 359
-1512.1 385
-1511.9 399
-1511.7 384
-1511.5 404
-1511.3 396
-1511.1 385
-1510.9 392
-1510.7 363
-1510.5 407
-1510.3 402
-1510.1 344
-1509.9 386
-1509.7 417
-1509.5 374
-1509.3 406
-1509.1 366
-1508.9 360
-1508.7 372
-1508.5 385
-1508.3 356
-1508.1 380
-1507.9 364
-1507.7 336
-1507.5 358
-1507.3 350
-1507.1 367
-1506.9 357
-1506.7 351
-1506.5 340
-1506.3 339
-1506.1 381
-1505.9 367
-1505.7 345
-1505.5 357
-1505.3 359
-1505.1 343
-1504.9 406
-1504.7 312
-1504.5 354
-1504.3 374
-1504.1 342
-1503.9 351
-1503.7 395
-1503.5 339
-1503.3 359
-1503.1 359
-1502.9 365
-1502.7 367
-1502.5 380
-1502.3 347
-1502.1 372
-1501.9 404
-1501.7 358
-1501.5 399
-1501.3 382
-1501.1 351
-1500.9 367
-1500.7 390
-1500.5 356
-1500.3 363
-1500.1 370
-1499.9 384
-1499.7 355
-1499.5 369
-1499.3 382
-1499.1 361
-1498.9 380
-1498.7 403
-1498.5 352
-1498.3 370
-1498.1 363
-1497.9 371
-1497.7 379
-1497.5 362
-1497.3 356
-1497.1 382
-1496.9 363
-1496.7 375
-1496.5 373
-1496.3 401
-1496.1 404
-1495.9 366
-1495.7 339
-1495.5 402
-1495.3 368
-1495.1 387
-1494.9 341
-1494.7 337
-1494.5 352
-1494.3 352
-1494.1 350
-1493.9 366
-1493.7 358
-1493.5 359
-1493.3 353
-1493.1 380
-1492.9 349
-1492.7 363
-1492.5 374
-1492.3 345
-1492.1 363
-1491.9 368
-1491.7 355
-1491.5 390
-1491.3 367
-1491.1 380
-1490.9 366
-1490.7 379
-1490.5 412
-1490.3 366
-1490.1 347
-1489.9 359
-1489.7 354
-1489.5 368
-1489.3 371
-1489.1 389
-1488.9 379
-1488.7 383
-1488.5 393
-1488.3 382
-1488.1 365
-1487.9 341
-1487.7 385
-1487.5 378
-1487.3 345
-1487.1 373
-1486.9 380
-1486.7 357
-1486.5 355
-1486.3 372
-1486.1 391
-1485.9 348
-1485.7 378
-1485.5 413
-1485.3 394
-1485.1 383
-1484.9 358
-1484.7 345
-1484.5 382
-1484.3 339
-1484.1 383
-1483.9 356
-1483.7 368
-1483.5 369
-1483.3 374
-1483.1 365
-1482.9 378
-1482.7 354
-1482.5 370
-1482.3 339
-1482.1 379
-1481.9 386
-1481.7 390
-1481.5 340
-1481.3 394
-1481.1 372
-1480.9 355
-1480.7 380
-1480.5 336
-1480.3 359
-1480.1 380
-1479.9 377
-1479.7 356
-1479.5 386
-1479.3 392
-1479.1 338
-1478.9 338
-1478.7 360
-1478.5 345
-1478.3 344
-1478.1 380
-1477.9 372
-1477.7 335
-1477.5 376
-1477.3 356
-1477.1 373
-1476.9 388
-1476.7 380
-1476.5 389
-1476.3 343
-1476.1 358
-1475.9 326
-1475.7 360
-1475.5 372
-1475.3 394
-1475.1 347
-1474.9 391
-1474.7 373
-1474.5 352
-1474.3 391
-1474.1 391
-1473.9 380
-1473.7 398
-1473.5 390
-1473.3 351
-1473.1 402
-1472.9 407
-1472.7 422
-1472.5 381
-1472.3 388
-1472.1 341
-1471.9 393
-1471.7 407
-1471.5 387
-1471.3 363
-1471.1 364
-1470.9 341
-1470.7 376
-1470.5 387
-1470.3 355
-1470.1 400
-1469.9 390
-1469.7 384
-1469.5 341
-1469.3 341
-1469.1 360
-1468.9 353
-1468.7 327
-1468.5 343
-1468.3 385
-1468.1 391
-1467.9 372
-1467.7 372
-1467.5 295
-1467.3 348
-1467.1 396
-1466.9 361
-1466.7 402
-1466.5 407
-1466.3 368
-1466.1 371
-1465.9 354
-1465.7 342
-1465.5 339
-1465.3 371
-1465.1 377
-1464.9 373
-1464.7 392
-1464.5 393
-1464.3 377
-1464.1 361
-1463.9 368
-1463.7 368
-1463.5 396
-1463.3 371
-1463.1 382
-1462.9 419
-1462.7 369
-1462.5 374
-1462.3 357
-1462.1 395
-1461.9 342
-1461.7 335
-1461.5 384
-1461.3 345
-1461.1 378
-1460.9 331
-1460.7 340
-1460.5 343
-1460.3 330
-1460.1 355
-1459.9 354
-1459.7 363
-1459.5 364
-1459.3 327
-1459.1 340
-1458.9 360
-1458.7 364
-1458.5 339
-1458.3 362
-1458.1 365
-1457.9 374
-1457.7 370
-1457.5 328
-1457.3 341
-1457.1 371
-1456.9 395
-1456.7 332
-1456.5 372
-1456.3 377
-1456.1 395
-1455.9 391
-1455.7 384
-1455.5 368
-1455.3 373
-1455.1 388
-1454.9 417
-1454.7 410
-1454.5 369
-1454.3 366
-1454.1 395
-1453.9 384
-1453.7 380
-1453.5 367
-1453.3 377
-1453.1 407
-1452.9 387
-1452.7 360
-1452.5 370
-1452.3 362
-1452.1 361
-1451.9 396
-1451.7 348
-1451.5 383
-1451.3 395
-1451.1 360
-1450.9 358
-1450.7 375
-1450.5 351
-1450.3 375
-1450.1 388
-1449.9 362
-1449.7 374
-1449.5 353
-1449.3 355
-1449.1 337
-1448.9 361
-1448.7 368
-1448.5 331
-1448.3 376
-1448.1 375
-1447.9 395
-1447.7 364
-1447.5 355
-1447.3 355
-1447.1 371
-1446.9 370
-1446.7 380
-1446.5 345
-1446.3 363
-1446.1 381
-1445.9 355
-1445.7 351
-1445.5 362
-1445.3 370
-1445.1 369
-1444.9 374
-1444.7 362
-1444.5 350
-1444.3 341
-1444.1 403
-1443.9 348
-1443.7 345
-1443.5 332
-1443.3 355
-1443.1 367
-1442.9 362
-1442.7 343
-1442.5 346
-1442.3 367
-1442.1 383
-1441.9 350
-1441.7 379
-1441.5 413
-1441.3 324
-1441.1 356
-1440.9 353
-1440.7 370
-1440.5 399
-1440.3 378
-1440.1 375
-1439.9 363
-1439.7 365
-1439.5 381
-1439.3 373
-1439.1 321
-1438.9 403
-1438.7 385
-1438.5 372
-1438.3 369
-1438.1 377
-1437.9 371
-1437.7 371
-1437.5 411
-1437.3 374
-1437.1 364
-1436.9 396
-1436.7 390
-1436.5 377
-1436.3 396
-1436.1 425
-1435.9 362
-1435.7 373
-1435.5 341
-1435.3 368
-1435.1 374
-1434.9 365
-1434.7 363
-1434.5 386
-1434.3 357
-1434.1 337
-1433.9 378
-1433.7 354
-1433.5 383
-1433.3 358
-1433.1 414
-1432.9 380
-1432.7 336
-1432.5 394
-1432.3 360
-1432.1 378
-1431.9 356
-1431.7 365
-1431.5 354
-1431.3 365
-1431.1 408
-1430.9 342
-1430.7 374
-1430.5 355
-1430.3 361
-1430.1 348
-1429.9 369
-1429.7 393
-1429.5 339
-1429.3 397
-1429.1 375
-1428.9 367
-1428.7 387
-1428.5 356
-1428.3 353
-1428.1 347
-1427.9 375
-1427.7 357
-1427.5 383
-1427.3 366
-1427.1 364
-1426.9 355
-1426.7 326
-1426.5 360
-1426.3 358
-1426.1 360
-1425.9 392
-1425.7 340
-1425.5 322
-1425.3 383
-1425.1 351
-1424.9 332
-1424.7 355
-1424.5 355
-1424.3 352
-1424.1 407
-1423.9 358
-1423.7 355
-1423.5 355
-1423.3 373
-1423.1 366
-1422.9 375
-1422.7 383
-1422.5 363
-1422.3 379
-1422.1 369
-1421.9 393
-1421.7 366
-1421.5 360
-1421.3 394
-1421.1 365
-1420.9 382
-1420.7 375
-1420.5 348
-1420.3 389
-1420.1 373
-1419.9 391
-1419.7 369
-1419.5 366
-1419.3 354
-1419.1 402
-1418.9 365
-1418.7 420
-1418.5 371
-1418.3 349
-1418.1 337
-1417.9 382
-1417.7 374
-1417.5 343
-1417.3 365
-1417.1 373
-1416.9 404
-1416.7 352
-1416.5 407
-1416.3 376
-1416.1 388
-1415.9 388
-1415.7 375
-1415.5 332
-1415.3 385
-1415.1 354
-1414.9 414
-1414.7 357
-1414.5 373
-1414.3 373
-1414.1 329
-1413.9 366
-1413.7 355
-1413.5 369
-1413.3 339
-1413.1 339
-1412.9 400
-1412.7 369
-1412.5 386
-1412.3 320
-1412.1 370
-1411.9 367
-1411.7 361
-1411.5 367
-1411.3 361
-1411.1 370
-1410.9 352
-1410.7 387
-1410.5 379
-1410.3 362
-1410.1 400
-1409.9 365
-1409.7 336
-1409.5 357
-1409.3 324
-1409.1 367
-1408.9 364
-1408.7 371
-1408.5 354
-1408.3 357
-1408.1 363
-1407.9 374
-1407.7 342
-1407.5 409
-1407.3 357
-1407.1 401
-1406.9 348
-1406.7 380
-1406.5 365
-1406.3 383
-1406.1 375
-1405.9 395
-1405.7 365
-1405.5 385
-1405.3 341
-1405.1 361
-1404.9 358
-1404.7 331
-1404.5 365
-1404.3 374
-1404.1 363
-1403.9 350
-1403.7 366
-1403.5 370
-1403.3 391
-1403.1 382
-1402.9 371
-1402.7 371
-1402.5 354
-1402.3 381
-1402.1 388
-1401.9 357
-1401.7 402
-1401.5 386
-1401.3 369
-1401.1 365
-1400.9 393
-1400.7 364
-1400.5 340
-1400.3 361
-1400.1 376
-1399.9 355
-1399.7 367
-1399.5 412
-1399.3 348
-1399.1 322
-1398.9 347
-1398.7 362
-1398.5 349
-1398.3 378
-1398.1 372
-1397.9 357
-1397.7 373
-1397.5 378
-1397.3 346
-1397.1 409
-1396.9 350
-1396.7 360
-1396.5 348
-1396.3 366
-1396.1 384
-1395.9 405
-1395.7 374
-1395.5 355
-1395.3 354
-1395.1 361
-1394.9 384
-1394.7 323
-1394.5 362
-1394.3 379
-1394.1 371
-1393.9 355
-1393.7 365
-1393.5 315
-1393.3 335
-1393.1 335
-1392.9 380
-1392.7 345
-1392.5 330
-1392.3 333
-1392.1 353
-1391.9 384
-1391.7 362
-1391.5 389
-1391.3 344
-1391.1 398
-1390.9 361
-1390.7 396
-1390.5 346
-1390.3 373
-1390.1 341
-1389.9 308
-1389.7 348
-1389.5 349
-1389.3 370
-1389.1 345
-1388.9 378
-1388.7 355
-1388.5 392
-1388.3 381
-1388.1 339
-1387.9 380
-1387.7 371
-1387.5 377
-1387.3 395
-1387.1 355
-1386.9 397
-1386.7 357
-1386.5 385
-1386.3 377
-1386.1 349
-1385.9 383
-1385.7 372
-1385.5 396
-1385.3 366
-1385.1 378
-1384.9 373
-1384.7 399
-1384.5 410
-1384.3 355
-1384.1 393
-1383.9 348
-1383.7 366
-1383.5 393
-1383.3 382
-1383.1 354
-1382.9 350
-1382.7 397
-1382.5 381
-1382.3 376
-1382.1 341
-1381.9 334
-1381.7 363
-1381.5 377
-1381.3 380
-1381.1 345
-1380.9 349
-1380.7 364
-1380.5 325
-1380.3 351
-1380.1 367
-1379.9 350
-1379.7 374
-1379.5 359
-1379.3 342
-1379.1 340
-1378.9 334
-1378.7 378
-1378.5 330
-1378.3 333
-1378.1 377
-1377.9 348
-1377.7 343
-1377.5 365
-1377.3 356
-1377.1 349
-1376.9 403
-1376.7 358
-1376.5 353
-1376.3 348
-1376.1 353
-1375.9 351
-1375.7 361
-1375.5 366
-1375.3 352
-1375.1 369
-1374.9 333
-1374.7 407
-1374.5 361
-1374.3 344
-1374.1 397
-1373.9 307
-1373.7 341
-1373.5 384
-1373.3 347
-1373.1 364
-1372.9 374
-1372.7 388
-1372.5 360
-1372.3 367
-1372.1 366
-1371.9 343
-1371.7 354
-1371.5 376
-1371.3 357
-1371.1 376
-1370.9 373
-1370.7 363
-1370.5 359
-1370.3 372
-1370.1 356
-1369.9 394
-1369.7 362
-1369.5 388
-1369.3 360
-1369.1 370
-1368.9 343
-1368.7 404
-1368.5 354
-1368.3 397
-1368.1 371
-1367.9 382
-1367.7 382
-1367.5 369
-1367.3 378
-1367.1 372
-1366.9 350
-1366.7 364
-1366.5 398
-1366.3 403
-1366.1 353
-1365.9 365
-1365.7 370
-1365.5 356
-1365.3 340
-1365.1 362
-1364.9 360
-1364.7 377
-1364.5 351
-1364.3 347
-1364.1 367
-1363.9 408
-1363.7 369
-1363.5 354
-1363.3 352
-1363.1 360
-1362.9 369
-1362.7 389
-1362.5 377
-1362.3 384
-1362.1 370
-1361.9 397
-1361.7 373
-1361.5 342
-1361.3 363
-1361.1 366
-1360.9 399
-1360.7 369
-1360.5 334
-1360.3 349
-1360.1 343
-1359.9 380
-1359.7 360
-1359.5 365
-1359.3 341
-1359.1 363
-1358.9 384
-1358.7 365
-1358.5 359
-1358.3 361
-1358.1 354
-1357.9 367
-1357.7 365
-1357.5 368
-1357.3 357
-1357.1 401
-1356.9 377
-1356.7 354
-1356.5 339
-1356.3 382
-1356.1 411
-1355.9 346
-1355.7 357
-1355.5 351
-1355.3 356
-1355.1 392
-1354.9 365
-1354.7 400
-1354.5 358
-1354.3 363
-1354.1 367
-1353.9 358
-1353.7 369
-1353.5 398
-1353.3 369
-1353.1 364
-1352.9 410
-1352.7 375
-1352.5 355
-1352.3 362
-1352.1 350
-1351.9 363
-1351.7 376
-1351.5 297
-1351.3 353
-1351.1 364
-1350.9 390
-1350.7 379
-1350.5 409
-1350.3 372
-1350.1 416
-1349.9 389
-1349.7 338
-1349.5 353
-1349.3 359
-1349.1 358
-1348.9 412
-1348.7 355
-1348.5 370
-1348.3 351
-1348.1 348
-1347.9 361
-1347.7 348
-1347.5 353
-1347.3 349
-1347.1 360
-1346.9 338
-1346.7 376
-1346.5 320
-1346.3 371
-1346.1 346
-1345.9 339
-1345.7 353
-1345.5 363
-1345.3 336
-1345.1 313
-1344.9 342
-1344.7 344
-1344.5 337
-1344.3 349
-1344.1 319
-1343.9 327
-1343.7 314
-1343.5 324
-1343.3 325
-1343.1 311
-1342.9 303
-1342.7 324
-1342.5 279
-1342.3 316
-1342.1 316
-1341.9 296
-1341.7 325
-1341.5 281
-1341.3 280
-1341.1 291
-1340.9 298
-1340.7 297
-1340.5 278
-1340.3 251
-1340.1 284
-1339.9 271
-1339.7 276
-1339.5 242
-1339.3 234
-1339.1 267
-1338.9 252
-1338.7 223
-1338.5 228
-1338.3 266
-1338.1 263
-1337.9 224
-1337.7 246
-1337.5 246
-1337.3 251
-1337.1 205
-1336.9 239
-1336.7 217
-1336.5 216
-1336.3 205
-1336.1 240
-1335.9 244
-1335.7 198
-1335.5 184
-1335.3 193
-1335.1 202
-1334.9 204
-1334.7 187
-1334.5 222
-1334.3 201
-1334.1 205
-1333.9 189
-1333.7 196
-1333.5 198
-1333.3 161
-1333.1 175
-1332.9 140
-1332.7 150
-1332.5 175
-1332.3 184
-1332.1 144
-1331.9 170
-1331.7 142
-1331.5 172
-1331.3 152
-1331.1 150
-1330.9 165
-1330.7 135
-1330.5 145
-1330.3 131
-1330.1 140
-1329.9 143
-1329.7 159
-1329.5 130
-1329.3 119
-1329.1 118
-1328.9 140
-1328.7 119
-1328.5 130
-1328.3 122
-1328.1 119
-1327.9 138
-1327.7 125
-1327.5 114
-1327.3 120
-1327.1 119
-1326.9 107
-1326.7 116
-1326.5 93
-1326.3 108
-1326.1 108
-1325.9 101
-1325.7 95
-1325.5 97
-1325.3 102
-1325.1 102
-1324.9 84
-1324.7 97
-1324.5 71
-1324.3 81
-1324.1 90
-1323.9 104
-1323.7 80
-1323.5 75
-1323.3 81
-1323.1 72
-1322.9 73
-1322.7 75
-1322.5 65
-1322.3 68
-1322.1 73
-1321.9 65
-1321.7 55
-1321.5 54
-1321.3 61
-1321.1 66
-1320.9 49
-1320.7 46
-1320.5 56
-1320.3 57
-1320.1 55
-1319.9 54
-1319.7 48
-1319.5 56
-1319.3 57
-1319.1 39
-1318.9 55
-1318.7 44
-1318.5 40
-1318.3 49
-1318.1 36
-1317.9 43
-1317.7 37
-1317.5 41
-1317.3 53
-1317.1 42
-1316.9 49
-1316.7 35
-1316.5 38
-1316.3 36
-1316.1 31
-1315.9 39
-1315.7 42
-1315.5 32
-1315.3 31
-1315.1 29
-1314.9 37
-1314.7 28
-1314.5 25
-1314.3 28
-1314.1 23
-1313.9 23
-1313.7 22
-1313.5 31
-1313.3 24
-1313.1 12
-1312.9 27
-1312.7 20
-1312.5 23
-1312.3 18
-1312.1 19
-1311.9 23
-1311.7 23
-1311.5 21
-1311.3 10
-1311.1 21
-1310.9 16
-1310.7 15
-1310.5 22
-1310.3 13
-1310.1 12
-1309.9 10
-1309.7 8
-1309.5 10
-1309.3 11
-1309.1 5
-1308.9 12
-1308.7 8
-1308.5 7
-1308.3 13
-1308.1 7
-1307.9 9
-1307.7 8
-1307.5 8
-1307.3 5
-1307.1 12
-1306.9 10
-1306.7 7
-1306.5 6
-1306.3 6
-1306.1 4
-1305.9 11
-1305.7 3
-1305.5 6
-1305.3 5
-1305.1 11
-1304.9 5
-1304.7 2
-1304.5 3
-1304.3 4
-1304.1 10
-1303.9 5
-1303.7 6
-1303.5 1
-1303.3 4
-1303.1 7
-1302.9 6
-1302.7 6
-1302.5 6
-1302.3 5
-1302.1 3
-1301.9 7
-1301.7 4
-1301.5 4
-1301.3 8
-1301.1 3
-1300.9 3
-1300.7 6
-1300.5 3
-1300.3 1
-1300.1 4
