-1589.9 0
-1589.7 2
-1589.5 2
-1589.3 4
-1589.1 1
-1588.9 2
-1588.7 4
-1588.5 3
-1588.3 2
-1588.1 1
-1587.9 2
-1587.7 5
-1587.5 0
-1587.3 0
-1587.1 1
-1586.9 1
-1586.7 1
-1586.5 0
-1586.3 0
-1586.1 2
-1585.9 4
-1585.7 4
-1585.5 1
-1585.3 2
-1585.1 2
-1584.9 2
-1584.7 4
-1584.5 4
-1584.3 2
-1584.1 3
-1583.9 1
-1583.7 2
-1583.5 1
-1583.3 3
-1583.1 1
-1582.9 3
-1582.7 1
-1582.5 2
-1582.3 4
-1582.1 1
-1581.9 1
-1581.7 2
-1581.5 1
-1581.3 2
-1581.1 4
-1580.9 0
-1580.7 0
-1580.5 2
-1580.3 1
-1580.1 1
-1579.9 2
-1579.7 2
-1579.5 5
-1579.3 1
-1579.1 0
-1578.9 0
-1578.7 2
-1578.5 1
-1578.3 3
-1578.1 2
-1577.9 1
-1577.7 5
-1577.5 3
-1577.3 3
-1577.1 1
-1576.9 1
-1576.7 1
-1576.5 4
-1576.3 2
-1576.1 1
-1575.9 2
-1575.7 7
-1575.5 3
-1575.3 3
-1575.1 2
-1574.9 5
-1574.7 3
-1574.5 3
-1574.3 2
-1574.1 2
-1573.9 7
-1573.7 8
-1573.5 7
-1573.3 9
-1573.1 10
-1572.9 11
-1572.7 11
-1572.5 16
-1572.3 15
-1572.1 29
-1571.9 18
-1571.7 24
-1571.5 26
-1571.3 24
-1571.1 28
-1570.9 30
-1570.7 32
-1570.5 50
-1570.3 41
-1570.1 50
-1569.9 62
-1569.7 65
-1569.5 54
-1569.3 70
-1569.1 70
-1568.9 108
-1568.7 99
-1568.5 102
-1568.3 101
-1568.1 107
-1567.9 127
-1567.7 151
-1567.5 154
-1567.3 135
-1567.1 142
-1566.9 166
-1566.7 201
-1566.5 203
-1566.3 201
-1566.1 231
-1565.9 220
-1565.7 235
-1565.5 260
-1565.3 281
-1565.1 287
-1564.9 272
-1564.7 303
-1564.5 330
-1564.3 344
-1564.1 320
-1563.9 349
-1563.7 369
-1563.5 368
-1563.3 381
-1563.1 403
-1562.9 414
-1562.7 438
-1562.5 468
-1562.3 478
-1562.1 469
-1561.9 478
-1561.7 475
-1561.5 495
-1561.3 498
-1561.1 498
-1560.9 543
-1560.7 556
-1560.5 507
-1560.3 617
-1560.1 571
-1559.9 574
-1559.7 636
-1559.5 613
-1559.3 605
-1559.1 553
-1558.9 605
-1558.7 617
-1558.5 629
-1558.3 565
-1558.1 581
-1557.9 605
-1557.7 636
-1557.5 624
-1557.3 640
-1557.1 573
-1556.9 620
-1556.7 613
-1556.5 621
-1556.3 612
-1556.1 585
-1555.9 602
-1555.7 599
-1555.5 590
-1555.3 614
-1555.1 542
-1554.9 602
-1554.7 572
-1554.5 566
-1554.3 588
-1554.1 559
-1553.9 547
-1553.7 569
-1553.5 553
-1553.3 555
-1553.1 570
-1552.9 565
-1552.7 533
-1552.5 539
-1552.3 543
-1552.1 529
-1551.9 533
-1551.7 529
-1551.5 502
-1551.3 482
-1551.1 560
-1550.9 481
-1550.7 498
-1550.5 511
-1550.3 537
-1550.1 534
-1549.9 492
-1549.7 484
-1549.5 481
-1549.3 492
-1549.1 491
-1548.9 470
-1548.7 498
-1548.5 480
-1548.3 508
-1548.1 470
-1547.9 459
-1547.7 455
-1547.5 431
-1547.3 479
-1547.1 465
-1546.9 459
-1546.7 470
-1546.5 447
-1546.3 422
-1546.1 475
-1545.9 470
-1545.7 465
-1545.5 424
-1545.3 468
-1545.1 443
-1544.9 480
-1544.7 494
-1544.5 453
-1544.3 460
-1544.1 396
-1543.9 435
-1543.7 429
-1543.5 486
-1543.3 413
-1543.1 448
-1542.9 483
-1542.7 455
-1542.5 387
-1542.3 415
-1542.1 434
-1541.9 444
-1541.7 405
-1541.5 428
-1541.3 436
-1541.1 417
-1540.9 425
-1540.7 429
-1540.5 408
-1540.3 418
-1540.1 383
-1539.9 406
-1539.7 417
-1539.5 427
-1539.3 447
-1539.1 380
-1538.9 427
-1538.7 438
-1538.5 433
-1538.3 422
-1538.1 425
-1537.9 392
-1537.7 451
-1537.5 403
-1537.3 437
-1537.1 415
-1536.9 401
-1536.7 432
-1536.5 370
-1536.3 394
-1536.1 414
-1535.9 466
-1535.7 409
-1535.5 402
-1535.3 421
-1535.1 448
-1534.9 416
-1534.7 418
-1534.5 384
-1534.3 416
-1534.1 394
-1533.9 375
-1533.7 356
-1533.5 407
-1533.3 388
-1533.1 425
-1532.9 386
-1532.7 361
-1532.5 390
-1532.3 355
-1532.1 410
-1531.9 406
-1531.7 404
-1531.5 383
-1531.3 411
-1531.1 399
-1530.9 373
-1530.7 363
-1530.5 423
-1530.3 386
-1530.1 410
-1529.9 390
-1529.7 405
-1529.5 401
-1529.3 370
-1529.1 359
-1528.9 382
-1528.7 388
-1528.5 405
-1528.3 423
-1528.1 355
-1527.9 383
-1527.7 348
-1527.5 377
-1527.3 395
-1527.1 343
-1526.9 408
-1526.7 411
-1526.5 387
-1526.3 377
-1526.1 373
-1525.9 371
-1525.7 380
-1525.5 381
-1525.3 355
-1525.1 397
-1524.9 407
-1524.7 391
-1524.5 360
-1524.3 389
-1524.1 331
-1523.9 332
-1523.7 390
-1523.5 387
-1523.3 373
-1523.1 416
-1522.9 413
-1522.7 417
-1522.5 374
-1522.3 357
-1522.1 376
-1521.9 379
-1521.7 363
-1521.5 361
-1521.3 367
-1521.1 399
-1520.9 401
-1520.7 371
-1520.5 404
-1520.3 398
-1520.1 417
-1519.9 373
-1519.7 376
-1519.5 373
-1519.3 421
-1519.1 391
-1518.9 385
-1518.7 415
-1518.5 422
-1518.3 387
-1518.1 399
-1517.9 395
-1517.7 371
-1517.5 388
-1517.3 359
-1517.1 351
-1516.9 392
-1516.7 372
-1516.5 380
-1516.3 336
-1516.1 390
-1515.9 372
-1515.7 401
-1515.5 397
-1515.3 373
-1515.1 362
-1514.9 359
-1514.7 372
-1514.5 409
-1514.3 382
-1514.1 336
-1513.9 336
-1513.7 374
-1513.5 386
-1513.3 384
-1513.1 345
-1512.9 357
-1512.7 333
-1512.5 327
-1512.3 392
-1512.1 338
-1511.9 367
-1511.7 371
-1511.5 365
-1511.3 336
-1511.1 358
-1510.9 368
-1510.7 366
-1510.5 318
-1510.3 386
-1510.1 365
-1509.9 395
-1509.7 357
-1509.5 377
-1509.3 365
-1509.1 364
-1508.9 391
-1508.7 392
-1508.5 362
-1508.3 366
-1508.1 410
-1507.9 363
-1507.7 390
-1507.5 423
-1507.3 387
-1507.1 384
-1506.9 370
-1506.7 400
-1506.5 353
-1506.3 386
-1506.1 357
-1505.9 365
-1505.7 379
-1505.5 388
-1505.3 405
-1505.1 376
-1504.9 390
-1504.7 391
-1504.5 415
-1504.3 424
-1504.1 391
-1503.9 364
-1503.7 410
-1503.5 389
-1503.3 345
-1503.1 376
-1502.9 388
-1502.7 368
-1502.5 395
-1502.3 378
-1502.1 373
-1501.9 347
-1501.7 350
-1501.5 334
-1501.3 379
-1501.1 338
-1500.9 353
-1500.7 336
-1500.5 315
-1500.3 363
-1500.1 376
-1499.9 358
-1499.7 384
-1499.5 345
-1499.3 377
-1499.1 385
-1498.9 399
-1498.7 382
-1498.5 395
-1498.3 350
-1498.1 392
-1497.9 356
-1497.7 358
-1497.5 347
-1497.3 382
-1497.1 361
-1496.9 350
-1496.7 387
-1496.5 352
-1496.3 389
-1496.1 380
-1495.9 339
-1495.7 326
-1495.5 391
-1495.3 360
-1495.1 365
-1494.9 378
-1494.7 372
-1494.5 359
-1494.3 363
-1494.1 380
-1493.9 392
-1493.7 394
-1493.5 386
-1493.3 386
-1493.1 368
-1492.9 379
-1492.7 361
-1492.5 424
-1492.3 359
-1492.1 361
-1491.9 403
-1491.7 352
-1491.5 389
-1491.3 354
-1491.1 390
-1490.9 361
-1490.7 405
-1490.5 389
-1490.3 348
-1490.1 356
-1489.9 385
-1489.7 400
-1489.5 409
-1489.3 346
-1489.1 399
-1488.9 383
-1488.7 405
-1488.5 382
-1488.3 358
-1488.1 376
-1487.9 355
-1487.7 380
-1487.5 394
-1487.3 351
-1487.1 370
-1486.9 378
-1486.7 340
-1486.5 372
-1486.3 352
-1486.1 351
-1485.9 374
-1485.7 380
-1485.5 379
-1485.3 353
-1485.1 370
-1484.9 374
-1484.7 398
-1484.5 347
-1484.3 371
-1484.1 348
-1483.9 357
-1483.7 379
-1483.5 369
-1483.3 339
-1483.1 373
-1482.9 381
-1482.7 355
-1482.5 348
-1482.3 375
-1482.1 381
-1481.9 394
-1481.7 402
-1481.5 376
-1481.3 363
-1481.1 367
-1480.9 355
-1480.7 349
-1480.5 375
-1480.3 384
-1480.1 360
-1479.9 373
-1479.7 345
-1479.5 393
-1479.3 393
-1479.1 350
-1478.9 417
-1478.7 350
-1478.5 365
-1478.3 359
-1478.1 373
-1477.9 373
-1477.7 358
-1477.5 379
-1477.3 370
-1477.1 404
-1476.9 365
-1476.7 407
-1476.5 366
-1476.3 395
-1476.1 369
-1475.9 403
-1475.7 345
-1475.5 352
-1475.3 379
-1475.1 396
-1474.9 392
-1474.7 366
-1474.5 380
-1474.3 392
-1474.1 408
-1473.9 352
-1473.7 392
-1473.5 340
-1473.3 399
-1473.1 369
-1472.9 377
-1472.7 381
-1472.5 396
-1472.3 361
-1472.1 380
-1471.9 378
-1471.7 380
-1471.5 377
-1471.3 398
-1471.1 360
-1470.9 380
-1470.7 373
-1470.5 379
-1470.3 369
-1470.1 386
-1469.9 358
-1469.7 366
-1469.5 371
-1469.3 358
-1469.1 398
-1468.9 390
-1468.7 391
-1468.5 381
-1468.3 363
-1468.1 360
-1467.9 382
-1467.7 369
-1467.5 372
-1467.3 371
-1467.1 382
-1466.9 380
-1466.7 348
-1466.5 351
-1466.3 356
-1466.1 344
-1465.9 362
-1465.7 407
-1465.5 363
-1465.3 381
-1465.1 371
-1464.9 366
-1464.7 343
-1464.5 375
-1464.3 357
-1464.1 347
-1463.9 366
-1463.7 391
-1463.5 357
-1463.3 339
-1463.1 406
-1462.9 361
-1462.7 376
-1462.5 356
-1462.3 322
-1462.1 336
-1461.9 343
-1461.7 350
-1461.5 374
-1461.3 341
-1461.1 381
-1460.9 378
-1460.7 365
-1460.5 384
-1460.3 372
-1460.1 370
-1459.9 365
-1459.7 373
-1459.5 377
-1459.3 389
-1459.1 391
-1458.9 392
-1458.7 374
-1458.5 398
-1458.3 393
-1458.1 385
-1457.9 387
-1457.7 389
-1457.5 422
-1457.3 392
-1457.1 415
-1456.9 389
-1456.7 375
-1456.5 404
-1456.3 381
-1456.1 405
-1455.9 399
-1455.7 357
-1455.5 392
-1455.3 399
-1455.1 382
-1454.9 407
-1454.7 380
-1454.5 406
-1454.3 408
-1454.1 336
-1453.9 346
-1453.7 361
-1453.5 395
-1453.3 327
-1453.1 371
-1452.9 364
-1452.7 364
-1452.5 371
-1452.3 367
-1452.1 396
-1451.9 361
-1451.7 370
-1451.5 394
-1451.3 402
-1451.1 391
-1450.9 400
-1450.7 389
-1450.5 338
-1450.3 336
-1450.1 355
-1449.9 361
-1449.7 329
-1449.5 391
-1449.3 396
-1449.1 345
-1448.9 396
-1448.7 377
-1448.5 350
-1448.3 387
-1448.1 383
-1447.9 322
-1447.7 362
-1447.5 360
-1447.3 375
-1447.1 341
-1446.9 386
-1446.7 395
-1446.5 365
-1446.3 379
-1446.1 364
-1445.9 368
-1445.7 359
-1445.5 344
-1445.3 344
-1445.1 402
-1444.9 389
-1444.7 376
-1444.5 363
-1444.3 369
-1444.1 425
-1443.9 353
-1443.7 373
-1443.5 373
-1443.3 404
-1443.1 391
-1442.9 383
-1442.7 373
-1442.5 372
-1442.3 394
-1442.1 390
-1441.9 362
-1441.7 383
-1441.5 371
-1441.3 377
-1441.1 361
-1440.9 368
-1440.7 350
-1440.5 367
-1440.3 404
-1440.1 378
-1439.9 379
-1439.7 378
-1439.5 366
-1439.3 415
-1439.1 380
-1438.9 383
-1438.7 386
-1438.5 375
-1438.3 379
-1438.1 392
-1437.9 379
-1437.7 350
-1437.5 340
-1437.3 367
-1437.1 389
-1436.9 357
-1436.7 370
-1436.5 390
-1436.3 372
-1436.1 386
-1435.9 350
-1435.7 377
-1435.5 337
-1435.3 372
-1435.1 388
-1434.9 383
-1434.7 353
-1434.5 372
-1434.3 350
-1434.1 340
-1433.9 379
-1433.7 364
-1433.5 391
-1433.3 371
-1433.1 365
-1432.9 377
-1432.7 365
-1432.5 378
-1432.3 384
-1432.1 381
-1431.9 387
-1431.7 370
-1431.5 381
-1431.3 361
-1431.1 371
-1430.9 355
-1430.7 371
-1430.5 372
-1430.3 363
-1430.1 360
-1429.9 398
-1429.7 384
-1429.5 345
-1429.3 374
-1429.1 374
-1428.9 400
-1428.7 360
-1428.5 350
-1428.3 387
-1428.1 385
-1427.9 356
-1427.7 387
-1427.5 378
-1427.3 393
-1427.1 367
-1426.9 376
-1426.7 396
-1426.5 400
-1426.3 429
-1426.1 370
-1425.9 390
-1425.7 396
-1425.5 373
-1425.3 374
-1425.1 361
-1424.9 389
-1424.7 370
-1424.5 363
-1424.3 348
-1424.1 371
-1423.9 384
-1423.7 380
-1423.5 356
-1423.3 330
-1423.1 371
-1422.9 374
-1422.7 373
-1422.5 358
-1422.3 345
-1422.1 337
-1421.9 357
-1421.7 373
-1421.5 346
-1421.3 410
-1421.1 355
-1420.9 366
-1420.7 385
-1420.5 333
-1420.3 384
-1420.1 390
-1419.9 386
-1419.7 382
-1419.5 394
-1419.3 422
-1419.1 382
-1418.9 387
-1418.7 380
-1418.5 354
-1418.3 349
-1418.1 374
-1417.9 374
-1417.7 337
-1417.5 351
-1417.3 370
-1417.1 387
-1416.9 348
-1416.7 341
-1416.5 335
-1416.3 360
-1416.1 340
-1415.9 409
-1415.7 360
-1415.5 349
-1415.3 394
-1415.1 339
-1414.9 393
-1414.7 340
-1414.5 401
-1414.3 375
-1414.1 387
-1413.9 365
-1413.7 365
-1413.5 387
-1413.3 382
-1413.1 347
-1412.9 396
-1412.7 359
-1412.5 386
-1412.3 398
-1412.1 379
-1411.9 355
-1411.7 360
-1411.5 378
-1411.3 407
-1411.1 376
-1410.9 350
-1410.7 374
-1410.5 365
-1410.3 364
-1410.1 374
-1409.9 373
-1409.7 356
-1409.5 368
-1409.3 362
-1409.1 348
-1408.9 339
-1408.7 416
-1408.5 365
-1408.3 408
-1408.1 360
-1407.9 321
-1407.7 375
-1407.5 372
-1407.3 362
-1407.1 369
-1406.9 364
-1406.7 350
-1406.5 362
-1406.3 388
-1406.1 353
-1405.9 355
-1405.7 375
-1405.5 347
-1405.3 355
-1405.1 380
-1404.9 369
-1404.7 357
-1404.5 391
-1404.3 349
-1404.1 366
-1403.9 394
-1403.7 390
-1403.5 368
-1403.3 378
-1403.1 338
-1402.9 367
-1402.7 362
-1402.5 370
-1402.3 368
-1402.1 387
-1401.9 347
-1401.7 386
-1401.5 381
-1401.3 372
-1401.1 362
-1400.9 389
-1400.7 380
-1400.5 405
-1400.3 371
-1400.1 380
-1399.9 381
-1399.7 403
-1399.5 364
-1399.3 360
-1399.1 358
-1398.9 350
-1398.7 343
-1398.5 376
-1398.3 378
-1398.1 362
-1397.9 398
-1397.7 367
-1397.5 370
-1397.3 348
-1397.1 359
-1396.9 364
-1396.7 399
-1396.5 360
-1396.3 377
-1396.1 366
-1395.9 379
-1395.7 362
-1395.5 385
-1395.3 401
-1395.1 387
-1394.9 352
-1394.7 359
-1394.5 410
-1394.3 374
-1394.1 392
-1393.9 401
-1393.7 363
-1393.5 386
-1393.3 379
-1393.1 363
-1392.9 390
-1392.7 387
-1392.5 372
-1392.3 347
-1392.1 418
-1391.9 321
-1391.7 363
-1391.5 317
-1391.3 375
-1391.1 376
-1390.9 402
-1390.7 377
-1390.5 397
-1390.3 347
-1390.1 416
-1389.9 363
-1389.7 377
-1389.5 371
-1389.3 370
-1389.1 339
-1388.9 382
-1388.7 354
-1388.5 357
-1388.3 402
-1388.1 362
-1387.9 342
-1387.7 377
-1387.5 350
-1387.3 335
-1387.1 372
-1386.9 390
-1386.7 380
-1386.5 377
-1386.3 380
-1386.1 398
-1385.9 367
-1385.7 374
-1385.5 370
-1385.3 365
-1385.1 365
-1384.9 400
-1384.7 372
-1384.5 351
-1384.3 368
-1384.1 380
-1383.9 364
-1383.7 374
-1383.5 364
-1383.3 326
-1383.1 355
-1382.9 353
-1382.7 339
-1382.5 376
-1382.3 368
-1382.1 354
-1381.9 391
-1381.7 372
-1381.5 365
-1381.3 358
-1381.1 348
-1380.9 375
-1380.7 372
-1380.5 350
-1380.3 384
-1380.1 374
-1379.9 354
-1379.7 367
-1379.5 382
-1379.3 363
-1379.1 375
-1378.9 362
-1378.7 372
-1378.5 407
-1378.3 350
-1378.1 364
-1377.9 386
-1377.7 369
-1377.5 374
-1377.3 389
-1377.1 380
-1376.9 371
-1376.7 374
-1376.5 368
-1376.3 362
-1376.1 381
-1375.9 370
-1375.7 345
-1375.5 384
-1375.3 403
-1375.1 386
-1374.9 344
-1374.7 385
-1374.5 373
-1374.3 379
-1374.1 353
-1373.9 406
-1373.7 355
-1373.5 382
-1373.3 332
-1373.1 395
-1372.9 374
-1372.7 344
-1372.5 334
-1372.3 374
-1372.1 365
-1371.9 359
-1371.7 363
-1371.5 381
-1371.3 388
-1371.1 358
-1370.9 397
-1370.7 364
-1370.5 350
-1370.3 389
-1370.1 367
-1369.9 387
-1369.7 342
-1369.5 391
-1369.3 409
-1369.1 337
-1368.9 386
-1368.7 373
-1368.5 393
-1368.3 364
-1368.1 357
-1367.9 375
-1367.7 355
-1367.5 388
-1367.3 400
-1367.1 344
-1366.9 389
-1366.7 362
-1366.5 324
-1366.3 385
-1366.1 378
-1365.9 376
-1365.7 371
-1365.5 392
-1365.3 340
-1365.1 342
-1364.9 353
-1364.7 356
-1364.5 382
-1364.3 351
-1364.1 385
-1363.9 371
-1363.7 361
-1363.5 369
-1363.3 355
-1363.1 347
-1362.9 350
-1362.7 366
-1362.5 370
-1362.3 370
-1362.1 368
-1361.9 334
-1361.7 345
-1361.5 341
-1361.3 344
-1361.1 336
-1360.9 351
-1360.7 347
-1360.5 343
-1360.3 349
-1360.1 371
-1359.9 341
-1359.7 322
-1359.5 356
-1359.3 323
-1359.1 333
-1358.9 340
-1358.7 334
-1358.5 325
-1358.3 328
-1358.1 307
-1357.9 345
-1357.7 316
-1357.5 334
-1357.3 332
-1357.1 305
-1356.9 319
-1356.7 280
-1356.5 300
-1356.3 339
-1356.1 299
-1355.9 311
-1355.7 295
-1355.5 325
-1355.3 293
-1355.1 301
-1354.9 309
-1354.7 260
-1354.5 284
-1354.3 312
-1354.1 272
-1353.9 282
-1353.7 271
-1353.5 271
-1353.3 269
-1353.1 283
-1352.9 235
-1352.7 266
-1352.5 270
-1352.3 257
-1352.1 224
-1351.9 255
-1351.7 244
-1351.5 249
-1351.3 247
-1351.1 257
-1350.9 249
-1350.7 224
-1350.5 186
-1350.3 245
-1350.1 210
-1349.9 200
-1349.7 216
-1349.5 217
-1349.3 221
-1349.1 222
-1348.9 194
-1348.7 194
-1348.5 181
-1348.3 183
-1348.1 210
-1347.9 174
-1347.7 216
-1347.5 193
-1347.3 160
-1347.1 178
-1346.9 172
-1346.7 185
-1346.5 177
-1346.3 187
-1346.1 186
-1345.9 183
-1345.7 184
-1345.5 174
-1345.3 152
-1345.1 149
-1344.9 155
-1344.7 175
-1344.5 164
-1344.3 133
-1344.1 153
-1343.9 131
-1343.7 137
-1343.5 120
-1343.3 123
-1343.1 128
-1342.9 107
-1342.7 136
-1342.5 142
-1342.3 138
-1342.1 116
-1341.9 136
-1341.7 128
-1341.5 124
-1341.3 125
-1341.1 121
-1340.9 120
-1340.7 98
-1340.5 102
-1340.3 92
-1340.1 90
-1339.9 104
-1339.7 92
-1339.5 101
-1339.3 96
-1339.1 89
-1338.9 81
-1338.7 86
-1338.5 99
-1338.3 88
-1338.1 79
-1337.9 82
-1337.7 92
-1337.5 85
-1337.3 71
-1337.1 84
-1336.9 74
-1336.7 84
-1336.5 78
-1336.3 68
-1336.1 60
-1335.9 71
-1335.7 64
-1335.5 77
-1335.3 68
-1335.1 57
-1334.9 47
-1334.7 44
-1334.5 59
-1334.3 59
-1334.1 46
-1333.9 43
-1333.7 56
-1333.5 51
-1333.3 57
-1333.1 42
-1332.9 43
-1332.7 39
-1332.5 42
-1332.3 54
-1332.1 42
-1331.9 51
-1331.7 46
-1331.5 55
-1331.3 46
-1331.1 27
-1330.9 47
-1330.7 42
-1330.5 45
-1330.3 38
-1330.1 32
-1329.9 34
-1329.7 37
-1329.5 33
-1329.3 25
-1329.1 34
-1328.9 29
-1328.7 24
-1328.5 30
-1328.3 33
-1328.1 28
-1327.9 17
-1327.7 16
-1327.5 30
-1327.3 20
-1327.1 21
-1326.9 17
-1326.7 15
-1326.5 22
-1326.3 18
-1326.1 21
-1325.9 15
-1325.7 18
-1325.5 12
-1325.3 13
-1325.1 23
-1324.9 20
-1324.7 14
-1324.5 21
-1324.3 12
-1324.1 7
-1323.9 11
-1323.7 11
-1323.5 14
-1323.3 14
-1323.1 10
-1322.9 7
-1322.7 10
-1322.5 10
-1322.3 11
-1322.1 9
-1321.9 3
-1321.7 3
-1321.5 6
-1321.3 3
-1321.1 2
-1320.9 3
-1320.7 10
-1320.5 10
-1320.3 8
-1320.1 10
-1319.9 7
-1319.7 8
-1319.5 9
-1319.3 6
-1319.1 9
-1318.9 8
-1318.7 3
-1318.5 9
-1318.3 2
-1318.1 4
-1317.9 6
-1317.7 8
-1317.5 7
-1317.3 7
-1317.1 6
-1316.9 7
-1316.7 4
-1316.5 2
-1316.3 6
-1316.1 8
-1315.9 6
-1315.7 1
-1315.5 2
-1315.3 3
-1315.1 7
-1314.9 2
-1314.7 5
-1314.5 3
-1314.3 7
-1314.1 2
-1313.9 5
-1313.7 3
-1313.5 5
-1313.3 2
-1313.1 1
-1312.9 4
-1312.7 2
-1312.5 2
-1312.3 3
-1312.1 5
-1311.9 2
-1311.7 1
-1311.5 9
-1311.3 3
-1311.1 5
-1310.9 1
-1310.7 2
-1310.5 3
-1310.3 4
-1310.1 9
-1309.9 3
-1309.7 2
-1309.5 3
-1309.3 3
-1309.1 4
-1308.9 1
-1308.7 4
-1308.5 6
-1308.3 5
-1308.1 1
-1307.9 3
-1307.7 8
-1307.5 1
-1307.3 2
-1307.1 4
-1306.9 1
-1306.7 2
-1306.5 5
-1306.3 2
-1306.1 3
-1305.9 3
-1305.7 4
-1305.5 6
-1305.3 3
-1305.1 2
-1304.9 3
-1304.7 5
-1304.5 8
-1304.3 1
-1304.1 4
-1303.9 4
-1303.7 3
-1303.5 0
-1303.3 1
-1303.1 4
-1302.9 3
-1302.7 2
-1302.5 1
-1302.3 2
-1302.1 6
-1301.9 2
-1301.7 0
-1301.5 4
-1301.3 5
-1301.1 2
-1300.9 3
-1300.7 3
-1300.5 5
-1300.3 1
-1300.1 0
