-1589.9 0
-1589.7 0
-1589.5 0
-1589.3 1
-1589.1 0
-1588.9 0
-1588.7 1
-1588.5 1
-1588.3 0
-1588.1 2
-1587.9 0
-1587.7 2
-1587.5 0
-1587.3 0
-1587.1 1
-1586.9 1
-1586.7 1
-1586.5 2
-1586.3 0
-1586.1 1
-1585.9 1
-1585.7 0
-1585.5 0
-1585.3 0
-1585.1 3
-1584.9 1
-1584.7 2
-1584.5 1
-1584.3 2
-1584.1 1
-1583.9 0
-1583.7 1
-1583.5 2
-1583.3 0
-1583.1 0
-1582.9 1
-1582.7 0
-1582.5 0
-1582.3 1
-1582.1 1
-1581.9 0
-1581.7 0
-1581.5 0
-1581.3 1
-1581.1 0
-1580.9 1
-1580.7 1
-1580.5 3
-1580.3 0
-1580.1 1
-1579.9 2
-1579.7 2
-1579.5 0
-1579.3 2
-1579.1 2
-1578.9 0
-1578.7 0
-1578.5 0
-1578.3 0
-1578.1 0
-1577.9 1
-1577.7 0
-1577.5 1
-1577.3 0
-1577.1 1
-1576.9 0
-1576.7 0
-1576.5 1
-1576.3 2
-1576.1 1
-1575.9 0
-1575.7 2
-1575.5 0
-1575.3 0
-1575.1 2
-1574.9 0
-1574.7 0
-1574.5 0
-1574.3 0
-1574.1 0
-1573.9 0
-1573.7 1
-1573.5 0
-1573.3 0
-1573.1 2
-1572.9 0
-1572.7 3
-1572.5 4
-1572.3 2
-1572.1 0
-1571.9 0
-1571.7 0
-1571.5 1
-1571.3 2
-1571.1 3
-1570.9 0
-1570.7 0
-1570.5 0
-1570.3 4
-1570.1 0
-1569.9 0
-1569.7 0
-1569.5 0
-1569.3 2
-1569.1 2
-1568.9 0
-1568.7 0
-1568.5 1
-1568.3 2
-1568.1 1
-1567.9 0
-1567.7 2
-1567.5 2
-1567.3 0
-1567.1 0
-1566.9 0
-1566.7 0
-1566.5 1
-1566.3 4
-1566.1 0
-1565.9 1
-1565.7 0
-1565.5 1
-1565.3 1
-1565.1 1
-1564.9 6
-1564.7 2
-1564.5 2
-1564.3 0
-1564.1 2
-1563.9 0
-1563.7 3
-1563.5 0
-1563.3 2
-1563.1 3
-1562.9 1
-1562.7 0
-1562.5 2
-1562.3 1
-1562.1 1
-1561.9 0
-1561.7 1
-1561.5 4
-1561.3 2
-1561.1 0
-1560.9 0
-1560.7 3
-1560.5 2
-1560.3 2
-1560.1 4
-1559.9 2
-1559.7 3
-1559.5 5
-1559.3 2
-1559.1 4
-1558.9 6
-1558.7 6
-1558.5 10
-1558.3 14
-1558.1 10
-1557.9 18
-1557.7 16
-1557.5 21
-1557.3 31
-1557.1 38
-1556.9 29
-1556.7 54
-1556.5 48
-1556.3 65
-1556.1 62
-1555.9 67
-1555.7 72
-1555.5 82
-1555.3 101
-1555.1 112
-1554.9 136
-1554.7 136
-1554.5 152
-1554.3 152
-1554.1 190
-1553.9 190
-1553.7 235
-1553.5 206
-1553.3 247
-1553.1 270
-1552.9 258
-1552.7 309
-1552.5 329
-1552.3 321
-1552.1 373
-1551.9 357
-1551.7 374
-1551.5 395
-1551.3 405
-1551.1 487
-1550.9 485
-1550.7 467
-1550.5 522
-1550.3 503
-1550.1 553
-1549.9 573
-1549.7 549
-1549.5 555
-1549.3 593
-1549.1 571
-1548.9 603
-1548.7 590
-1548.5 643
-1548.3 662
-1548.1 604
-1547.9 625
-1547.7 643
-1547.5 659
-1547.3 625
-1547.1 660
-1546.9 641
-1546.7 684
-1546.5 612
-1546.3 641
-1546.1 672
-1545.9 696
-1545.7 612
-1545.5 667
-1545.3 685
-1545.1 657
-1544.9 613
-1544.7 582
-1544.5 584
-1544.3 649
-1544.1 631
-1543.9 574
-1543.7 570
-1543.5 644
-1543.3 572
-1543.1 609
-1542.9 637
-1542.7 586
-1542.5 530
-1542.3 567
-1542.1 583
-1541.9 555
-1541.7 569
-1541.5 556
-1541.3 519
-1541.1 526
-1540.9 535
-1540.7 526
-1540.5 492
-1540.3 519
-1540.1 489
-1539.9 515
-1539.7 511
-1539.5 491
-1539.3 490
-1539.1 452
-1538.9 529
-1538.7 474
-1538.5 543
-1538.3 484
-1538.1 455
-1537.9 482
-1537.7 504
-1537.5 496
-1537.3 488
-1537.1 493
-1536.9 440
-1536.7 463
-1536.5 451
-1536.3 455
-1536.1 436
-1535.9 444
-1535.7 418
-1535.5 486
-1535.3 438
-1535.1 465
-1534.9 449
-1534.7 491
-1534.5 445
-1534.3 443
-1534.1 419
-1533.9 455
-1533.7 442
-1533.5 456
-1533.3 453
-1533.1 435
-1532.9 432
-1532.7 456
-1532.5 446
-1532.3 445
-1532.1 415
-1531.9 431
-1531.7 436
-1531.5 433
-1531.3 412
-1531.1 408
-1530.9 440
-1530.7 437
-1530.5 381
-1530.3 415
-1530.1 424
-1529.9 429
-1529.7 457
-1529.5 409
-1529.3 394
-1529.1 407
-1528.9 382
-1528.7 419
-1528.5 411
-1528.3 426
-1528.1 439
-1527.9 421
-1527.7 386
-1527.5 374
-1527.3 412
-1527.1 385
-1526.9 418
-1526.7 447
-1526.5 416
-1526.3 387
-1526.1 379
-1525.9 393
-1525.7 426
-1525.5 402
-1525.3 418
-1525.1 412
-1524.9 383
-1524.7 449
-1524.5 380
-1524.3 413
-1524.1 395
-1523.9 419
-1523.7 394
-1523.5 382
-1523.3 470
-1523.1 394
-1522.9 447
-1522.7 363
-1522.5 421
-1522.3 435
-1522.1 379
-1521.9 446
-1521.7 393
-1521.5 413
-1521.3 399
-1521.1 418
-1520.9 387
-1520.7 407
-1520.5 427
-1520.3 417
-1520.1 397
-1519.9 438
-1519.7 410
-1519.5 410
-1519.3 405
-1519.1 388
-1518.9 374
-1518.7 421
-1518.5 394
-1518.3 391
-1518.1 359
-1517.9 378
-1517.7 392
-1517.5 410
-1517.3 385
-1517.1 373
-1516.9 408
-1516.7 399
-1516.5 389
-1516.3 408
-1516.1 392
-1515.9 395
-1515.7 416
-1515.5 365
-1515.3 368
-1515.1 365
-1514.9 386
-1514.7 355
-1514.5 358
-1514.3 413
-1514.1 378
-1513.9 404
-1513.7 350
-1513.5 331
-1513.3 342
-1513.1 351
-1512.9 336
-1512.7 381
-1512.5 361
-1512.3 353
-1512.1 353
-1511.9 389
-1511.7 345
-1511.5 342
-1511.3 369
-1511.1 328
-1510.9 375
-1510.7 380
-1510.5 369
-1510.3 356
-1510.1 356
-1509.9 388
-1509.7 358
-1509.5 361
-1509.3 330
-1509.1 363
-1508.9 390
-1508.7 363
-1508.5 385
-1508.3 373
-1508.1 355
-1507.9 412
-1507.7 394
-1507.5 398
-1507.3 393
-1507.1 412
-1506.9 386
-1506.7 426
-1506.5 439
-1506.3 381
-1506.1 401
-1505.9 383
-1505.7 388
-1505.5 398
-1505.3 383
-1505.1 419
-1504.9 425
-1504.7 392
-1504.5 402
-1504.3 362
-1504.1 418
-1503.9 387
-1503.7 358
-1503.5 364
-1503.3 394
-1503.1 400
-1502.9 438
-1502.7 367
-1502.5 379
-1502.3 353
-1502.1 384
-1501.9 401
-1501.7 382
-1501.5 386
-1501.3 363
-1501.1 385
-1500.9 371
-1500.7 344
-1500.5 374
-1500.3 363
-1500.1 333
-1499.9 375
-1499.7 348
-1499.5 324
-1499.3 358
-1499.1 351
-1498.9 384
-1498.7 356
-1498.5 342
-1498.3 321
-1498.1 350
-1497.9 360
-1497.7 341
-1497.5 309
-1497.3 396
-1497.1 363
-1496.9 342
-1496.7 372
-1496.5 347
-1496.3 353
-1496.1 368
-1495.9 374
-1495.7 353
-1495.5 393
-1495.3 348
-1495.1 369
-1494.9 345
-1494.7 353
-1494.5 333
-1494.3 366
-1494.1 351
-1493.9 344
-1493.7 341
-1493.5 349
-1493.3 347
-1493.1 344
-1492.9 342
-1492.7 353
-1492.5 333
-1492.3 364
-1492.1 342
-1491.9 337
-1491.7 316
-1491.5 397
-1491.3 378
-1491.1 374
-1490.9 402
-1490.7 364
-1490.5 401
-1490.3 376
-1490.1 356
-1489.9 386
-1489.7 374
-1489.5 380
-1489.3 350
-1489.1 353
-1488.9 397
-1488.7 400
-1488.5 396
-1488.3 373
-1488.1 347
-1487.9 371
-1487.7 400
-1487.5 399
-1487.3 405
-1487.1 373
-1486.9 379
-1486.7 369
-1486.5 401
-1486.3 387
-1486.1 366
-1485.9 359
-1485.7 383
-1485.5 391
-1485.3 367
-1485.1 376
-1484.9 369
-1484.7 380
-1484.5 378
-1484.3 392
-1484.1 352
-1483.9 391
-1483.7 377
-1483.5 345
-1483.3 375
-1483.1 376
-1482.9 379
-1482.7 350
-1482.5 374
-1482.3 390
-1482.1 402
-1481.9 367
-1481.7 355
-1481.5 379
-1481.3 372
-1481.1 351
-1480.9 380
-1480.7 378
-1480.5 354
-1480.3 367
-1480.1 360
-1479.9 368
-1479.7 359
-1479.5 350
-1479.3 381
-1479.1 362
-1478.9 356
-1478.7 366
-1478.5 379
-1478.3 344
-1478.1 349
-1477.9 336
-1477.7 355
-1477.5 347
-1477.3 363
-1477.1 355
-1476.9 378
-1476.7 321
-1476.5 371
-1476.3 351
-1476.1 341
-1475.9 349
-1475.7 381
-1475.5 357
-1475.3 352
-1475.1 357
-1474.9 330
-1474.7 323
-1474.5 381
-1474.3 349
-1474.1 356
-1473.9 378
-1473.7 367
-1473.5 329
-1473.3 365
-1473.1 379
-1472.9 370
-1472.7 382
-1472.5 363
-1472.3 375
-1472.1 387
-1471.9 384
-1471.7 370
-1471.5 346
-1471.3 360
-1471.1 398
-1470.9 386
-1470.7 378
-1470.5 353
-1470.3 360
-1470.1 383
-1469.9 379
-1469.7 389
-1469.5 360
-1469.3 381
-1469.1 364
-1468.9 370
-1468.7 358
-1468.5 410
-1468.3 429
-1468.1 374
-1467.9 384
-1467.7 401
-1467.5 373
-1467.3 365
-1467.1 361
-1466.9 392
-1466.7 328
-1466.5 369
-1466.3 369
-1466.1 364
-1465.9 367
-1465.7 371
-1465.5 348
-1465.3 363
-1465.1 358
-1464.9 395
-1464.7 391
-1464.5 367
-1464.3 363
-1464.1 364
-1463.9 363
-1463.7 359
-1463.5 367
-1463.3 374
-1463.1 359
-1462.9 382
-1462.7 347
-1462.5 376
-1462.3 363
-1462.1 353
-1461.9 355
-1461.7 368
-1461.5 344
-1461.3 407
-1461.1 372
-1460.9 364
-1460.7 375
-1460.5 360
-1460.3 341
-1460.1 310
-1459.9 372
-1459.7 329
-1459.5 343
-1459.3 338
-1459.1 359
-1458.9 335
-1458.7 328
-1458.5 354
-1458.3 368
-1458.1 395
-1457.9 350
-1457.7 370
-1457.5 326
-1457.3 331
-1457.1 349
-1456.9 375
-1456.7 327
-1456.5 352
-1456.3 364
-1456.1 343
-1455.9 347
-1455.7 345
-1455.5 349
-1455.3 349
-1455.1 386
-1454.9 396
-1454.7 352
-1454.5 387
-1454.3 379
-1454.1 387
-1453.9 373
-1453.7 393
-1453.5 396
-1453.3 377
-1453.1 363
-1452.9 393
-1452.7 358
-1452.5 376
-1452.3 407
-1452.1 371
-1451.9 413
-1451.7 387
-1451.5 400
-1451.3 407
-1451.1 399
-1450.9 413
-1450.7 385
-1450.5 427
-1450.3 386
-1450.1 375
-1449.9 393
-1449.7 384
-1449.5 405
-1449.3 407
-1449.1 378
-1448.9 389
-1448.7 399
-1448.5 349
-1448.3 395
-1448.1 372
-1447.9 397
-1447.7 403
-1447.5 370
-1447.3 348
-1447.1 386
-1446.9 385
-1446.7 380
-1446.5 381
-1446.3 367
-1446.1 379
-1445.9 360
-1445.7 378
-1445.5 330
-1445.3 339
-1445.1 366
-1444.9 406
-1444.7 335
-1444.5 345
-1444.3 339
-1444.1 362
-1443.9 340
-1443.7 362
-1443.5 338
-1443.3 340
-1443.1 348
-1442.9 366
-1442.7 343
-1442.5 358
-1442.3 360
-1442.1 367
-1441.9 387
-1441.7 363
-1441.5 364
-1441.3 347
-1441.1 353
-1440.9 358
-1440.7 352
-1440.5 320
-1440.3 377
-1440.1 289
-1439.9 356
-1439.7 353
-1439.5 352
-1439.3 349
-1439.1 382
-1438.9 375
-1438.7 353
-1438.5 359
-1438.3 378
-1438.1 346
-1437.9 338
-1437.7 346
-1437.5 349
-1437.3 365
-1437.1 339
-1436.9 361
-1436.7 366
-1436.5 401
-1436.3 375
-1436.1 391
-1435.9 436
-1435.7 343
-1435.5 371
-1435.3 373
-1435.1 349
-1434.9 356
-1434.7 371
-1434.5 392
-1434.3 364
-1434.1 386
-1433.9 356
-1433.7 376
-1433.5 362
-1433.3 365
-1433.1 364
-1432.9 323
-1432.7 364
-1432.5 397
-1432.3 392
-1432.1 382
-1431.9 354
-1431.7 365
-1431.5 382
-1431.3 389
-1431.1 387
-1430.9 397
-1430.7 384
-1430.5 397
-1430.3 360
-1430.1 361
-1429.9 373
-1429.7 381
-1429.5 358
-1429.3 393
-1429.1 364
-1428.9 361
-1428.7 368
-1428.5 313
-1428.3 390
-1428.1 367
-1427.9 388
-1427.7 371
-1427.5 394
-1427.3 376
-1427.1 353
-1426.9 374
-1426.7 360
-1426.5 383
-1426.3 372
-1426.1 359
-1425.9 378
-1425.7 375
-1425.5 370
-1425.3 348
-1425.1 356
-1424.9 393
-1424.7 363
-1424.5 384
-1424.3 368
-1424.1 339
-1423.9 376
-1423.7 385
-1423.5 367
-1423.3 348
-1423.1 365
-1422.9 354
-1422.7 354
-1422.5 350
-1422.3 326
-1422.1 371
-1421.9 354
-1421.7 378
-1421.5 341
-1421.3 331
-1421.1 356
-1420.9 381
-1420.7 356
-1420.5 346
-1420.3 366
-1420.1 337
-1419.9 339
-1419.7 335
-1419.5 369
-1419.3 345
-1419.1 341
-1418.9 377
-1418.7 383
-1418.5 384
-1418.3 375
-1418.1 347
-1417.9 374
-1417.7 372
-1417.5 352
-1417.3 390
-1417.1 374
-1416.9 356
-1416.7 362
-1416.5 392
-1416.3 345
-1416.1 372
-1415.9 388
-1415.7 392
-1415.5 399
-1415.3 384
-1415.1 376
-1414.9 382
-1414.7 369
-1414.5 404
-1414.3 407
-1414.1 415
-1413.9 385
-1413.7 386
-1413.5 366
-1413.3 404
-1413.1 398
-1412.9 325
-1412.7 373
-1412.5 388
-1412.3 394
-1412.1 359
-1411.9 375
-1411.7 354
-1411.5 364
-1411.3 378
-1411.1 360
-1410.9 390
-1410.7 387
-1410.5 325
-1410.3 359
-1410.1 409
-1409.9 355
-1409.7 354
-1409.5 362
-1409.3 353
-1409.1 360
-1408.9 335
-1408.7 369
-1408.5 368
-1408.3 354
-1408.1 371
-1407.9 339
-1407.7 342
-1407.5 341
-1407.3 350
-1407.1 355
-1406.9 324
-1406.7 377
-1406.5 345
-1406.3 377
-1406.1 346
-1405.9 380
-1405.7 333
-1405.5 356
-1405.3 348
-1405.1 359
-1404.9 388
-1404.7 328
-1404.5 340
-1404.3 383
-1404.1 338
-1403.9 378
-1403.7 364
-1403.5 362
-1403.3 373
-1403.1 386
-1402.9 373
-1402.7 352
-1402.5 369
-1402.3 344
-1402.1 363
-1401.9 359
-1401.7 356
-1401.5 346
-1401.3 342
-1401.1 368
-1400.9 368
-1400.7 365
-1400.5 353
-1400.3 371
-1400.1 355
-1399.9 364
-1399.7 374
-1399.5 362
-1399.3 382
-1399.1 382
-1398.9 350
-1398.7 384
-1398.5 365
-1398.3 343
-1398.1 375
-1397.9 356
-1397.7 360
-1397.5 396
-1397.3 368
-1397.1 365
-1396.9 367
-1396.7 357
-1396.5 408
-1396.3 392
-1396.1 386
-1395.9 362
-1395.7 370
-1395.5 379
-1395.3 368
-1395.1 378
-1394.9 377
-1394.7 414
-1394.5 376
-1394.3 366
-1394.1 366
-1393.9 359
-1393.7 389
-1393.5 361
-1393.3 334
-1393.1 404
-1392.9 326
-1392.7 372
-1392.5 388
-1392.3 355
-1392.1 374
-1391.9 350
-1391.7 326
-1391.5 399
-1391.3 352
-1391.1 348
-1390.9 331
-1390.7 345
-1390.5 346
-1390.3 371
-1390.1 383
-1389.9 355
-1389.7 372
-1389.5 347
-1389.3 391
-1389.1 379
-1388.9 333
-1388.7 375
-1388.5 355
-1388.3 341
-1388.1 333
-1387.9 350
-1387.7 367
-1387.5 395
-1387.3 354
-1387.1 357
-1386.9 337
-1386.7 397
-1386.5 357
-1386.3 342
-1386.1 348
-1385.9 355
-1385.7 388
-1385.5 321
-1385.3 359
-1385.1 346
-1384.9 383
-1384.7 321
-1384.5 364
-1384.3 376
-1384.1 388
-1383.9 335
-1383.7 368
-1383.5 375
-1383.3 336
-1383.1 375
-1382.9 354
-1382.7 366
-1382.5 351
-1382.3 398
-1382.1 351
-1381.9 362
-1381.7 365
-1381.5 370
-1381.3 348
-1381.1 342
-1380.9 350
-1380.7 372
-1380.5 386
-1380.3 378
-1380.1 368
-1379.9 380
-1379.7 348
-1379.5 361
-1379.3 370
-1379.1 330
-1378.9 365
-1378.7 374
-1378.5 360
-1378.3 376
-1378.1 378
-1377.9 382
-1377.7 354
-1377.5 374
-1377.3 386
-1377.1 369
-1376.9 352
-1376.7 348
-1376.5 401
-1376.3 380
-1376.1 384
-1375.9 374
-1375.7 388
-1375.5 362
-1375.3 362
-1375.1 395
-1374.9 361
-1374.7 372
-1374.5 359
-1374.3 371
-1374.1 353
-1373.9 370
-1373.7 356
-1373.5 350
-1373.3 436
-1373.1 363
-1372.9 371
-1372.7 388
-1372.5 402
-1372.3 352
-1372.1 347
-1371.9 345
-1371.7 332
-1371.5 348
-1371.3 335
-1371.1 380
-1370.9 347
-1370.7 343
-1370.5 375
-1370.3 320
-1370.1 347
-1369.9 378
-1369.7 321
-1369.5 365
-1369.3 338
-1369.1 367
-1368.9 340
-1368.7 343
-1368.5 350
-1368.3 356
-1368.1 366
-1367.9 351
-1367.7 341
-1367.5 356
-1367.3 346
-1367.1 352
-1366.9 357
-1366.7 361
-1366.5 350
-1366.3 338
-1366.1 369
-1365.9 355
-1365.7 370
-1365.5 392
-1365.3 353
-1365.1 364
-1364.9 395
-1364.7 411
-1364.5 377
-1364.3 386
-1364.1 377
-1363.9 362
-1363.7 372
-1363.5 388
-1363.3 355
-1363.1 399
-1362.9 350
-1362.7 364
-1362.5 377
-1362.3 385
-1362.1 364
-1361.9 392
-1361.7 368
-1361.5 378
-1361.3 456
-1361.1 359
-1360.9 346
-1360.7 327
-1360.5 399
-1360.3 388
-1360.1 388
-1359.9 373
-1359.7 362
-1359.5 322
-1359.3 360
-1359.1 377
-1358.9 386
-1358.7 384
-1358.5 404
-1358.3 335
-1358.1 406
-1357.9 384
-1357.7 353
-1357.5 400
-1357.3 390
-1357.1 389
-1356.9 377
-1356.7 397
-1356.5 381
-1356.3 396
-1356.1 372
-1355.9 378
-1355.7 369
-1355.5 377
-1355.3 388
-1355.1 382
-1354.9 366
-1354.7 352
-1354.5 357
-1354.3 370
-1354.1 395
-1353.9 375
-1353.7 382
-1353.5 395
-1353.3 343
-1353.1 350
-1352.9 367
-1352.7 377
-1352.5 344
-1352.3 344
-1352.1 358
-1351.9 332
-1351.7 364
-1351.5 378
-1351.3 382
-1351.1 339
-1350.9 396
-1350.7 335
-1350.5 355
-1350.3 339
-1350.1 323
-1349.9 342
-1349.7 351
-1349.5 369
-1349.3 350
-1349.1 354
-1348.9 353
-1348.7 341
-1348.5 345
-1348.3 348
-1348.1 307
-1347.9 349
-1347.7 351
-1347.5 374
-1347.3 345
-1347.1 358
-1346.9 378
-1346.7 345
-1346.5 315
-1346.3 371
-1346.1 367
-1345.9 328
-1345.7 322
-1345.5 335
-1345.3 337
-1345.1 348
-1344.9 311
-1344.7 296
-1344.5 333
-1344.3 355
-1344.1 324
-1343.9 317
-1343.7 298
-1343.5 312
-1343.3 337
-1343.1 328
-1342.9 303
-1342.7 321
-1342.5 296
-1342.3 315
-1342.1 321
-1341.9 298
-1341.7 313
-1341.5 297
-1341.3 317
-1341.1 315
-1340.9 304
-1340.7 270
-1340.5 301
-1340.3 274
-1340.1 296
-1339.9 291
-1339.7 292
-1339.5 266
-1339.3 265
-1339.1 270
-1338.9 273
-1338.7 238
-1338.5 242
-1338.3 284
-1338.1 238
-1337.9 234
-1337.7 257
-1337.5 229
-1337.3 247
-1337.1 257
-1336.9 251
-1336.7 236
-1336.5 223
-1336.3 203
-1336.1 216
-1335.9 225
-1335.7 220
-1335.5 204
-1335.3 207
-1335.1 188
-1334.9 195
-1334.7 211
-1334.5 189
-1334.3 168
-1334.1 188
-1333.9 204
-1333.7 182
-1333.5 184
-1333.3 194
-1333.1 182
-1332.9 167
-1332.7 178
-1332.5 144
-1332.3 162
-1332.1 155
-1331.9 157
-1331.7 164
-1331.5 164
-1331.3 145
-1331.1 173
-1330.9 132
-1330.7 138
-1330.5 167
-1330.3 136
-1330.1 152
-1329.9 141
-1329.7 137
-1329.5 139
-1329.3 132
-1329.1 133
-1328.9 143
-1328.7 111
-1328.5 125
-1328.3 120
-1328.1 131
-1327.9 124
-1327.7 119
-1327.5 133
-1327.3 127
-1327.1 98
-1326.9 105
-1326.7 106
-1326.5 102
-1326.3 93
-1326.1 112
-1325.9 116
-1325.7 129
-1325.5 102
-1325.3 99
-1325.1 97
-1324.9 91
-1324.7 89
-1324.5 90
-1324.3 81
-1324.1 87
-1323.9 94
-1323.7 96
-1323.5 84
-1323.3 75
-1323.1 71
-1322.9 79
-1322.7 85
-1322.5 82
-1322.3 82
-1322.1 78
-1321.9 87
-1321.7 79
-1321.5 81
-1321.3 86
-1321.1 97
-1320.9 72
-1320.7 67
-1320.5 74
-1320.3 46
-1320.1 51
-1319.9 61
-1319.7 63
-1319.5 76
-1319.3 46
-1319.1 52
-1318.9 53
-1318.7 57
-1318.5 60
-1318.3 67
-1318.1 32
-1317.9 63
-1317.7 56
-1317.5 56
-1317.3 64
-1317.1 45
-1316.9 43
-1316.7 47
-1316.5 49
-1316.3 49
-1316.1 30
-1315.9 48
-1315.7 42
-1315.5 48
-1315.3 31
-1315.1 37
-1314.9 38
-1314.7 32
-1314.5 32
-1314.3 28
-1314.1 31
-1313.9 38
-1313.7 18
-1313.5 39
-1313.3 24
-1313.1 21
-1312.9 35
-1312.7 27
-1312.5 27
-1312.3 18
-1312.1 19
-1311.9 25
-1311.7 18
-1311.5 13
-1311.3 22
-1311.1 12
-1310.9 21
-1310.7 19
-1310.5 21
-1310.3 13
-1310.1 17
-1309.9 18
-1309.7 13
-1309.5 15
-1309.3 10
-1309.1 15
-1308.9 8
-1308.7 11
-1308.5 16
-1308.3 13
-1308.1 10
-1307.9 10
-1307.7 10
-1307.5 5
-1307.3 11
-1307.1 9
-1306.9 7
-1306.7 6
-1306.5 8
-1306.3 7
-1306.1 12
-1305.9 9
-1305.7 8
-1305.5 13
-1305.3 5
-1305.1 5
-1304.9 8
-1304.7 8
-1304.5 5
-1304.3 6
-1304.1 4
-1303.9 5
-1303.7 4
-1303.5 5
-1303.3 6
-1303.1 6
-1302.9 8
-1302.7 2
-1302.5 10
-1302.3 3
-1302.1 4
-1301.9 6
-1301.7 3
-1301.5 5
-1301.3 6
-1301.1 2
-1300.9 3
-1300.7 1
-1300.5 3
-1300.3 3
-1300.1 4
