-1589.9 0
-1589.7 1
-1589.5 2
-1589.3 1
-1589.1 0
-1588.9 0
-1588.7 1
-1588.5 5
-1588.3 2
-1588.1 1
-1587.9 0
-1587.7 0
-1587.5 0
-1587.3 1
-1587.1 1
-1586.9 4
-1586.7 2
-1586.5 0
-1586.3 1
-1586.1 1
-1585.9 2
-1585.7 3
-1585.5 1
-1585.3 2
-1585.1 1
-1584.9 5
-1584.7 1
-1584.5 1
-1584.3 2
-1584.1 2
-1583.9 1
-1583.7 2
-1583.5 2
-1583.3 1
-1583.1 5
-1582.9 2
-1582.7 1
-1582.5 1
-1582.3 1
-1582.1 1
-1581.9 1
-1581.7 0
-1581.5 4
-1581.3 1
-1581.1 1
-1580.9 1
-1580.7 2
-1580.5 1
-1580.3 0
-1580.1 4
-1579.9 1
-1579.7 2
-1579.5 1
-1579.3 0
-1579.1 7
-1578.9 4
-1578.7 5
-1578.5 2
-1578.3 2
-1578.1 1
-1577.9 3
-1577.7 4
-1577.5 4
-1577.3 3
-1577.1 2
-1576.9 2
-1576.7 2
-1576.5 3
-1576.3 1
-1576.1 1
-1575.9 3
-1575.7 2
-1575.5 3
-1575.3 4
-1575.1 1
-1574.9 5
-1574.7 2
-1574.5 3
-1574.3 8
-1574.1 5
-1573.9 1
-1573.7 2
-1573.5 5
-1573.3 6
-1573.1 11
-1572.9 7
-1572.7 10
-1572.5 10
-1572.3 9
-1572.1 8
-1571.9 18
-1571.7 14
-1571.5 22
-1571.3 22
-1571.1 20
-1570.9 31
-1570.7 29
-1570.5 37
-1570.3 34
-1570.1 39
-1569.9 45
-1569.7 65
-1569.5 64
-1569.3 58
-1569.1 72
-1568.9 81
-1568.7 78
-1568.5 89
-1568.3 94
-1568.1 117
-1567.9 113
-1567.7 125
-1567.5 136
-1567.3 143
-1567.1 146
-1566.9 165
-1566.7 174
-1566.5 172
-1566.3 221
-1566.1 204
-1565.9 200
-1565.7 263
-1565.5 254
-1565.3 250
-1565.1 286
-1564.9 262
-1564.7 303
-1564.5 316
-1564.3 348
-1564.1 375
-1563.9 376
-1563.7 391
-1563.5 373
-1563.3 425
-1563.1 425
-1562.9 425
-1562.7 446
-1562.5 497
-1562.3 464
-1562.1 481
-1561.9 477
-1561.7 499
-1561.5 483
-1561.3 551
-1561.1 532
-1560.9 527
-1560.7 579
-1560.5 550
-1560.3 627
-1560.1 593
-1559.9 636
-1559.7 637
-1559.5 638
-1559.3 587
-1559.1 646
-1558.9 610
-1558.7 598
-1558.5 572
-1558.3 604
-1558.1 645
-1557.9 593
-1557.7 625
-1557.5 623
-1557.3 637
-1557.1 590
-1556.9 656
-1556.7 630
-1556.5 634
-1556.3 521
-1556.1 569
-1555.9 626
-1555.7 607
-1555.5 595
-1555.3 609
-1555.1 613
-1554.9 576
-1554.7 609
-1554.5 604
-1554.3 546
-1554.1 602
-1553.9 546
-1553.7 571
-1553.5 532
-1553.3 574
-1553.1 622
-1552.9 604
-1552.7 559
-1552.5 553
-1552.3 610
-1552.1 510
-1551.9 467
-1551.7 486
-1551.5 520
-1551.3 550
-1551.1 512
-1550.9 526
-1550.7 488
-1550.5 494
-1550.3 512
-1550.1 498
-1549.9 470
-1549.7 529
-1549.5 496
-1549.3 499
-1549.1 502
-1548.9 452
-1548.7 487
-1548.5 511
-1548.3 491
-1548.1 481
-1547.9 515
-1547.7 477
-1547.5 451
-1547.3 467
-1547.1 447
-1546.9 447
-1546.7 462
-1546.5 479
-1546.3 446
-1546.1 453
-1545.9 451
-1545.7 456
-1545.5 495
-1545.3 450
-1545.1 481
-1544.9 460
-1544.7 425
-1544.5 389
-1544.3 445
-1544.1 447
-1543.9 458
-1543.7 427
-1543.5 497
-1543.3 393
-1543.1 442
-1542.9 423
-1542.7 423
-1542.5 374
-1542.3 430
-1542.1 432
-1541.9 449
-1541.7 394
-1541.5 369
-1541.3 468
-1541.1 422
-1540.9 384
-1540.7 458
-1540.5 432
-1540.3 413
-1540.1 396
-1539.9 384
-1539.7 407
-1539.5 413
-1539.3 432
-1539.1 402
-1538.9 400
-1538.7 387
-1538.5 411
-1538.3 463
-1538.1 423
-1537.9 414
-1537.7 441
-1537.5 380
-1537.3 457
-1537.1 441
-1536.9 421
-1536.7 380
-1536.5 399
-1536.3 434
-1536.1 427
-1535.9 421
-1535.7 428
-1535.5 395
-1535.3 402
-1535.1 422
-1534.9 451
-1534.7 356
-1534.5 375
-1534.3 366
-1534.1 380
-1533.9 403
-1533.7 381
-1533.5 399
-1533.3 404
-1533.1 398
-1532.9 389
-1532.7 418
-1532.5 425
-1532.3 417
-1532.1 388
-1531.9 410
-1531.7 428
-1531.5 383
-1531.3 379
-1531.1 408
-1530.9 392
-1530.7 380
-1530.5 433
-1530.3 403
-1530.1 388
-1529.9 388
-1529.7 382
-1529.5 423
-1529.3 403
-1529.1 392
-1528.9 356
-1528.7 400
-1528.5 376
-1528.3 405
-1528.1 398
-1527.9 379
-1527.7 364
-1527.5 369
-1527.3 360
-1527.1 363
-1526.9 416
-1526.7 393
-1526.5 412
-1526.3 410
-1526.1 405
-1525.9 386
-1525.7 406
-1525.5 405
-1525.3 350
-1525.1 393
-1524.9 359
-1524.7 415
-1524.5 387
-1524.3 385
-1524.1 387
-1523.9 383
-1523.7 408
-1523.5 396
-1523.3 397
-1523.1 382
-1522.9 384
-1522.7 351
-1522.5 376
-1522.3 372
-1522.1 374
-1521.9 397
-1521.7 354
-1521.5 408
-1521.3 385
-1521.1 390
-1520.9 371
-1520.7 362
-1520.5 398
-1520.3 410
-1520.1 366
-1519.9 409
-1519.7 352
-1519.5 365
-1519.3 374
-1519.1 358
-1518.9 375
-1518.7 396
-1518.5 414
-1518.3 410
-1518.1 377
-1517.9 385
-1517.7 379
-1517.5 375
-1517.3 354
-1517.1 371
-1516.9 359
-1516.7 404
-1516.5 362
-1516.3 383
-1516.1 383
-1515.9 379
-1515.7 405
-1515.5 375
-1515.3 366
-1515.1 352
-1514.9 359
-1514.7 359
-1514.5 415
-1514.3 383
-1514.1 357
-1513.9 387
-1513.7 396
-1513.5 393
-1513.3 393
-1513.1 406
-1512.9 337
-1512.7 405
-1512.5 397
-1512.3 401
-1512.1 380
-1511.9 371
-1511.7 393
-1511.5 375
-1511.3 404
-1511.1 400
-1510.9 390
-1510.7 393
-1510.5 378
-1510.3 404
-1510.1 389
-1509.9 399
-1509.7 421
-1509.5 356
-1509.3 390
-1509.1 398
-1508.9 398
-1508.7 351
-1508.5 337
-1508.3 388
-1508.1 361
-1507.9 357
-1507.7 347
-1507.5 375
-1507.3 385
-1507.1 378
-1506.9 353
-1506.7 383
-1506.5 353
-1506.3 393
-1506.1 402
-1505.9 395
-1505.7 348
-1505.5 361
-1505.3 364
-1505.1 385
-1504.9 389
-1504.7 366
-1504.5 351
-1504.3 377
-1504.1 364
-1503.9 390
-1503.7 386
-1503.5 358
-1503.3 384
-1503.1 362
-1502.9 394
-1502.7 343
-1502.5 379
-1502.3 374
-1502.1 401
-1501.9 343
-1501.7 399
-1501.5 324
-1501.3 367
-1501.1 413
-1500.9 385
-1500.7 377
-1500.5 373
-1500.3 416
-1500.1 388
-1499.9 401
-1499.7 396
-1499.5 377
-1499.3 432
-1499.1 405
-1498.9 374
-1498.7 412
-1498.5 334
-1498.3 398
-1498.1 342
-1497.9 378
-1497.7 377
-1497.5 379
-1497.3 378
-1497.1 364
-1496.9 383
-1496.7 430
-1496.5 380
-1496.3 361
-1496.1 374
-1495.9 389
-1495.7 382
-1495.5 377
-1495.3 366
-1495.1 369
-1494.9 379
-1494.7 341
-1494.5 400
-1494.3 381
-1494.1 381
-1493.9 391
-1493.7 374
-1493.5 351
-1493.3 355
-1493.1 339
-1492.9 351
-1492.7 365
-1492.5 378
-1492.3 338
-1492.1 336
-1491.9 347
-1491.7 384
-1491.5 375
-1491.3 344
-1491.1 375
-1490.9 360
-1490.7 371
-1490.5 356
-1490.3 338
-1490.1 374
-1489.9 347
-1489.7 356
-1489.5 408
-1489.3 386
-1489.1 357
-1488.9 366
-1488.7 319
-1488.5 346
-1488.3 361
-1488.1 375
-1487.9 356
-1487.7 373
-1487.5 409
-1487.3 385
-1487.1 394
-1486.9 381
-1486.7 362
-1486.5 375
-1486.3 381
-1486.1 356
-1485.9 376
-1485.7 365
-1485.5 389
-1485.3 378
-1485.1 385
-1484.9 408
-1484.7 387
-1484.5 361
-1484.3 379
-1484.1 376
-1483.9 392
-1483.7 370
-1483.5 384
-1483.3 360
-1483.1 356
-1482.9 404
-1482.7 370
-1482.5 418
-1482.3 374
-1482.1 376
-1481.9 384
-1481.7 364
-1481.5 422
-1481.3 365
-1481.1 359
-1480.9 361
-1480.7 400
-1480.5 341
-1480.3 353
-1480.1 401
-1479.9 417
-1479.7 365
-1479.5 354
-1479.3 397
-1479.1 398
-1478.9 380
-1478.7 365
-1478.5 363
-1478.3 360
-1478.1 383
-1477.9 365
-1477.7 411
-1477.5 393
-1477.3 384
-1477.1 360
-1476.9 370
-1476.7 394
-1476.5 370
-1476.3 397
-1476.1 368
-1475.9 384
-1475.7 359
-1475.5 378
-1475.3 347
-1475.1 363
-1474.9 391
-1474.7 357
-1474.5 383
-1474.3 374
-1474.1 380
-1473.9 372
-1473.7 354
-1473.5 362
-1473.3 369
-1473.1 405
-1472.9 380
-1472.7 390
-1472.5 329
-1472.3 389
-1472.1 387
-1471.9 372
-1471.7 398
-1471.5 362
-1471.3 377
-1471.1 330
-1470.9 388
-1470.7 383
-1470.5 382
-1470.3 337
-1470.1 371
-1469.9 369
-1469.7 386
-1469.5 344
-1469.3 345
-1469.1 379
-1468.9 385
-1468.7 384
-1468.5 405
-1468.3 377
-1468.1 412
-1467.9 361
-1467.7 364
-1467.5 355
-1467.3 359
-1467.1 361
-1466.9 365
-1466.7 387
-1466.5 380
-1466.3 414
-1466.1 400
-1465.9 400
-1465.7 353
-1465.5 383
-1465.3 350
-1465.1 397
-1464.9 368
-1464.7 311
-1464.5 358
-1464.3 386
-1464.1 388
-1463.9 365
-1463.7 400
-1463.5 362
-1463.3 320
-1463.1 376
-1462.9 363
-1462.7 369
-1462.5 357
-1462.3 378
-1462.1 374
-1461.9 352
-1461.7 379
-1461.5 361
-1461.3 393
-1461.1 376
-1460.9 399
-1460.7 354
-1460.5 378
-1460.3 382
-1460.1 331
-1459.9 373
-1459.7 355
-1459.5 374
-1459.3 355
-1459.1 373
-1458.9 381
-1458.7 335
-1458.5 365
-1458.3 386
-1458.1 358
-1457.9 374
-1457.7 382
-1457.5 364
-1457.3 398
-1457.1 343
-1456.9 361
-1456.7 392
-1456.5 388
-1456.3 397
-1456.1 350
-1455.9 376
-1455.7 394
-1455.5 389
-1455.3 401
-1455.1 346
-1454.9 402
-1454.7 384
-1454.5 402
-1454.3 413
-1454.1 395
-1453.9 381
-1453.7 352
-1453.5 382
-1453.3 363
-1453.1 403
-1452.9 360
-1452.7 362
-1452.5 366
-1452.3 384
-1452.1 386
-1451.9 378
-1451.7 374
-1451.5 398
-1451.3 379
-1451.1 382
-1450.9 388
-1450.7 366
-1450.5 433
-1450.3 396
-1450.1 410
-1449.9 397
-1449.7 341
-1449.5 361
-1449.3 358
-1449.1 382
-1448.9 368
-1448.7 363
-1448.5 368
-1448.3 355
-1448.1 351
-1447.9 329
-1447.7 364
-1447.5 386
-1447.3 366
-1447.1 382
-1446.9 393
-1446.7 379
-1446.5 404
-1446.3 399
-1446.1 383
-1445.9 366
-1445.7 385
-1445.5 383
-1445.3 385
-1445.1 352
-1444.9 349
-1444.7 378
-1444.5 392
-1444.3 370
-1444.1 357
-1443.9 366
-1443.7 388
-1443.5 383
-1443.3 372
-1443.1 361
-1442.9 335
-1442.7 392
-1442.5 352
-1442.3 372
-1442.1 373
-1441.9 365
-1441.7 351
-1441.5 409
-1441.3 402
-1441.1 354
-1440.9 349
-1440.7 380
-1440.5 382
-1440.3 328
-1440.1 374
-1439.9 361
-1439.7 376
-1439.5 376
-1439.3 374
-1439.1 365
-1438.9 366
-1438.7 349
-1438.5 375
-1438.3 402
-1438.1 359
-1437.9 384
-1437.7 389
-1437.5 379
-1437.3 364
-1437.1 379
-1436.9 372
-1436.7 358
-1436.5 351
-1436.3 376
-1436.1 377
-1435.9 378
-1435.7 388
-1435.5 377
-1435.3 394
-1435.1 365
-1434.9 383
-1434.7 385
-1434.5 363
-1434.3 391
-1434.1 380
-1433.9 357
-1433.7 396
-1433.5 358
-1433.3 366
-1433.1 377
-1432.9 371
-1432.7 374
-1432.5 379
-1432.3 404
-1432.1 382
-1431.9 333
-1431.7 403
-1431.5 388
-1431.3 374
-1431.1 354
-1430.9 382
-1430.7 350
-1430.5 331
-1430.3 343
-1430.1 354
-1429.9 375
-1429.7 376
-1429.5 370
-1429.3 351
-1429.1 369
-1428.9 371
-1428.7 375
-1428.5 376
-1428.3 359
-1428.1 419
-1427.9 370
-1427.7 411
-1427.5 368
-1427.3 377
-1427.1 389
-1426.9 377
-1426.7 368
-1426.5 346
-1426.3 344
-1426.1 355
-1425.9 420
-1425.7 381
-1425.5 357
-1425.3 405
-1425.1 385
-1424.9 374
-1424.7 394
-1424.5 379
-1424.3 369
-1424.1 366
-1423.9 371
-1423.7 388
-1423.5 355
-1423.3 389
-1423.1 366
-1422.9 399
-1422.7 368
-1422.5 417
-1422.3 348
-1422.1 423
-1421.9 375
-1421.7 411
-1421.5 357
-1421.3 380
-1421.1 366
-1420.9 388
-1420.7 382
-1420.5 430
-1420.3 368
-1420.1 393
-1419.9 358
-1419.7 374
-1419.5 380
-1419.3 389
-1419.1 357
-1418.9 340
-1418.7 388
-1418.5 394
-1418.3 376
-1418.1 345
-1417.9 380
-1417.7 364
-1417.5 344
-1417.3 397
-1417.1 387
-1416.9 361
-1416.7 393
-1416.5 391
-1416.3 371
-1416.1 345
-1415.9 366
-1415.7 350
-1415.5 390
-1415.3 370
-1415.1 369
-1414.9 401
-1414.7 387
-1414.5 438
-1414.3 369
-1414.1 358
-1413.9 381
-1413.7 401
-1413.5 365
-1413.3 371
-1413.1 389
-1412.9 352
-1412.7 336
-1412.5 370
-1412.3 386
-1412.1 394
-1411.9 342
-1411.7 353
-1411.5 399
-1411.3 367
-1411.1 341
-1410.9 335
-1410.7 371
-1410.5 365
-1410.3 384
-1410.1 409
-1409.9 346
-1409.7 369
-1409.5 360
-1409.3 348
-1409.1 384
-1408.9 373
-1408.7 367
-1408.5 364
-1408.3 376
-1408.1 361
-1407.9 365
-1407.7 363
-1407.5 342
-1407.3 348
-1407.1 366
-1406.9 368
-1406.7 358
-1406.5 417
-1406.3 379
-1406.1 380
-1405.9 369
-1405.7 356
-1405.5 353
-1405.3 328
-1405.1 417
-1404.9 339
-1404.7 357
-1404.5 355
-1404.3 396
-1404.1 362
-1403.9 372
-1403.7 374
-1403.5 378
-1403.3 352
-1403.1 373
-1402.9 379
-1402.7 380
-1402.5 343
-1402.3 347
-1402.1 340
-1401.9 353
-1401.7 375
-1401.5 342
-1401.3 400
-1401.1 382
-1400.9 388
-1400.7 357
-1400.5 378
-1400.3 366
-1400.1 362
-1399.9 374
-1399.7 350
-1399.5 372
-1399.3 385
-1399.1 382
-1398.9 364
-1398.7 380
-1398.5 404
-1398.3 389
-1398.1 361
-1397.9 361
-1397.7 381
-1397.5 379
-1397.3 361
-1397.1 365
-1396.9 362
-1396.7 391
-1396.5 376
-1396.3 397
-1396.1 369
-1395.9 329
-1395.7 363
-1395.5 355
-1395.3 410
-1395.1 353
-1394.9 387
-1394.7 382
-1394.5 372
-1394.3 355
-1394.1 403
-1393.9 358
-1393.7 367
-1393.5 378
-1393.3 348
-1393.1 379
-1392.9 338
-1392.7 388
-1392.5 383
-1392.3 369
-1392.1 369
-1391.9 385
-1391.7 346
-1391.5 339
-1391.3 367
-1391.1 378
-1390.9 374
-1390.7 401
-1390.5 367
-1390.3 347
-1390.1 356
-1389.9 338
-1389.7 390
-1389.5 382
-1389.3 332
-1389.1 374
-1388.9 344
-1388.7 362
-1388.5 357
-1388.3 383
-1388.1 375
-1387.9 345
-1387.7 357
-1387.5 366
-1387.3 390
-1387.1 373
-1386.9 381
-1386.7 392
-1386.5 345
-1386.3 355
-1386.1 327
-1385.9 370
-1385.7 393
-1385.5 368
-1385.3 387
-1385.1 374
-1384.9 372
-1384.7 364
-1384.5 379
-1384.3 353
-1384.1 343
-1383.9 372
-1383.7 348
-1383.5 348
-1383.3 359
-1383.1 345
-1382.9 351
-1382.7 410
-1382.5 383
-1382.3 394
-1382.1 383
-1381.9 385
-1381.7 386
-1381.5 342
-1381.3 371
-1381.1 404
-1380.9 355
-1380.7 368
-1380.5 366
-1380.3 367
-1380.1 389
-1379.9 399
-1379.7 372
-1379.5 378
-1379.3 385
-1379.1 375
-1378.9 379
-1378.7 351
-1378.5 366
-1378.3 388
-1378.1 367
-1377.9 349
-1377.7 366
-1377.5 386
-1377.3 393
-1377.1 344
-1376.9 364
-1376.7 365
-1376.5 341
-1376.3 359
-1376.1 353
-1375.9 347
-1375.7 381
-1375.5 403
-1375.3 349
-1375.1 403
-1374.9 362
-1374.7 344
-1374.5 356
-1374.3 368
-1374.1 327
-1373.9 387
-1373.7 394
-1373.5 411
-1373.3 339
-1373.1 392
-1372.9 373
-1372.7 345
-1372.5 371
-1372.3 361
-1372.1 335
-1371.9 356
-1371.7 371
-1371.5 354
-1371.3 359
-1371.1 365
-1370.9 418
-1370.7 373
-1370.5 387
-1370.3 400
-1370.1 368
-1369.9 374
-1369.7 390
-1369.5 385
-1369.3 379
-1369.1 385
-1368.9 409
-1368.7 359
-1368.5 349
-1368.3 351
-1368.1 383
-1367.9 360
-1367.7 378
-1367.5 364
-1367.3 376
-1367.1 357
-1366.9 401
-1366.7 394
-1366.5 376
-1366.3 362
-1366.1 368
-1365.9 371
-1365.7 370
-1365.5 357
-1365.3 337
-1365.1 367
-1364.9 352
-1364.7 366
-1364.5 397
-1364.3 376
-1364.1 359
-1363.9 369
-1363.7 323
-1363.5 400
-1363.3 390
-1363.1 329
-1362.9 414
-1362.7 346
-1362.5 391
-1362.3 385
-1362.1 379
-1361.9 332
-1361.7 353
-1361.5 369
-1361.3 334
-1361.1 336
-1360.9 334
-1360.7 333
-1360.5 370
-1360.3 334
-1360.1 359
-1359.9 335
-1359.7 337
-1359.5 331
-1359.3 332
-1359.1 321
-1358.9 331
-1358.7 323
-1358.5 323
-1358.3 334
-1358.1 334
-1357.9 328
-1357.7 302
-1357.5 330
-1357.3 326
-1357.1 309
-1356.9 333
-1356.7 318
-1356.5 290
-1356.3 299
-1356.1 303
-1355.9 317
-1355.7 285
-1355.5 307
-1355.3 303
-1355.1 323
-1354.9 292
-1354.7 278
-1354.5 302
-1354.3 296
-1354.1 287
-1353.9 325
-1353.7 268
-1353.5 281
-1353.3 271
-1353.1 263
-1352.9 256
-1352.7 269
-1352.5 247
-1352.3 277
-1352.1 264
-1351.9 232
-1351.7 238
-1351.5 234
-1351.3 217
-1351.1 248
-1350.9 246
-1350.7 254
-1350.5 225
-1350.3 220
-1350.1 205
-1349.9 196
-1349.7 220
-1349.5 222
-1349.3 225
-1349.1 169
-1348.9 219
-1348.7 230
-1348.5 191
-1348.3 199
-1348.1 184
-1347.9 204
-1347.7 178
-1347.5 188
-1347.3 192
-1347.1 188
-1346.9 167
-1346.7 168
-1346.5 186
-1346.3 186
-1346.1 159
-1345.9 140
-1345.7 149
-1345.5 163
-1345.3 164
-1345.1 165
-1344.9 149
-1344.7 132
-1344.5 147
-1344.3 153
-1344.1 132
-1343.9 140
-1343.7 129
-1343.5 135
-1343.3 136
-1343.1 132
-1342.9 136
-1342.7 132
-1342.5 116
-1342.3 137
-1342.1 124
-1341.9 131
-1341.7 113
-1341.5 123
-1341.3 109
-1341.1 124
-1340.9 130
-1340.7 124
-1340.5 107
-1340.3 99
-1340.1 106
-1339.9 99
-1339.7 107
-1339.5 99
-1339.3 104
-1339.1 93
-1338.9 104
-1338.7 102
-1338.5 64
-1338.3 80
-1338.1 85
-1337.9 86
-1337.7 78
-1337.5 91
-1337.3 90
-1337.1 66
-1336.9 73
-1336.7 75
-1336.5 77
-1336.3 84
-1336.1 64
-1335.9 72
-1335.7 76
-1335.5 65
-1335.3 65
-1335.1 59
-1334.9 52
-1334.7 67
-1334.5 67
-1334.3 52
-1334.1 57
-1333.9 58
-1333.7 54
-1333.5 49
-1333.3 50
-1333.1 51
-1332.9 46
-1332.7 38
-1332.5 51
-1332.3 47
-1332.1 60
-1331.9 49
-1331.7 31
-1331.5 47
-1331.3 47
-1331.1 39
-1330.9 26
-1330.7 33
-1330.5 28
-1330.3 36
-1330.1 34
-1329.9 31
-1329.7 33
-1329.5 30
-1329.3 34
-1329.1 33
-1328.9 18
-1328.7 26
-1328.5 25
-1328.3 32
-1328.1 20
-1327.9 20
-1327.7 25
-1327.5 26
-1327.3 20
-1327.1 19
-1326.9 21
-1326.7 21
-1326.5 21
-1326.3 16
-1326.1 19
-1325.9 25
-1325.7 23
-1325.5 12
-1325.3 22
-1325.1 9
-1324.9 17
-1324.7 15
-1324.5 14
-1324.3 18
-1324.1 13
-1323.9 7
-1323.7 15
-1323.5 17
-1323.3 11
-1323.1 7
-1322.9 10
-1322.7 11
-1322.5 16
-1322.3 6
-1322.1 9
-1321.9 7
-1321.7 2
-1321.5 8
-1321.3 5
-1321.1 5
-1320.9 9
-1320.7 10
-1320.5 12
-1320.3 11
-1320.1 10
-1319.9 6
-1319.7 12
-1319.5 10
-1319.3 2
-1319.1 3
-1318.9 8
-1318.7 7
-1318.5 2
-1318.3 7
-1318.1 4
-1317.9 5
-1317.7 9
-1317.5 6
-1317.3 2
-1317.1 4
-1316.9 6
-1316.7 2
-1316.5 4
-1316.3 6
-1316.1 6
-1315.9 5
-1315.7 5
-1315.5 5
-1315.3 6
-1315.1 4
-1314.9 5
-1314.7 5
-1314.5 1
-1314.3 3
-1314.1 2
-1313.9 4
-1313.7 8
-1313.5 5
-1313.3 2
-1313.1 2
-1312.9 2
-1312.7 7
-1312.5 4
-1312.3 4
-1312.1 2
-1311.9 4
-1311.7 6
-1311.5 2
-1311.3 4
-1311.1 7
-1310.9 5
-1310.7 4
-1310.5 3
-1310.3 4
-1310.1 7
-1309.9 5
-1309.7 6
-1309.5 5
-1309.3 4
-1309.1 12
-1308.9 4
-1308.7 5
-1308.5 6
-1308.3 6
-1308.1 6
-1307.9 2
-1307.7 5
-1307.5 2
-1307.3 3
-1307.1 4
-1306.9 4
-1306.7 6
-1306.5 3
-1306.3 1
-1306.1 3
-1305.9 2
-1305.7 2
-1305.5 0
-1305.3 6
-1305.1 2
-1304.9 1
-1304.7 4
-1304.5 6
-1304.3 6
-1304.1 4
-1303.9 9
-1303.7 5
-1303.5 7
-1303.3 2
-1303.1 10
-1302.9 5
-1302.7 2
-1302.5 2
-1302.3 3
-1302.1 4
-1301.9 3
-1301.7 6
-1301.5 4
-1301.3 5
-1301.1 5
-1300.9 4
-1300.7 4
-1300.5 2
-1300.3 3
-1300.1 3
