a: -0.38677
ax: -7.3635e-06
axx: -1.24606e-08
x: 2.18296e-05
xx: 3.85474e-09