#offset:0.00199876
x: 2.23044e-05
a: -0.448339
xx: -8.10124e-09
xa: -6.83917e-05
aa: 0.451159
xxx: 1.37484e-11
xxa: 1.25818e-08
xaa: 0.000106658
aaa: -1.07705
xxxx: 7.30867e-14
xxxa: 9.89487e-11
xxaa: -6.42839e-07
xaaa: -0.00513568
aaaa: 45.5167
y: 1.12001e-05
yy: -1.40216e-07
b: -0.0539226
bb: -5.04979
