#offset:0.00435911
offset: 0.0026275083
y: 0.00115875
b: -3.61057
x: -2.24409e-05
yx: 1.47576e-07
ya: 0.00750655
bx: 0.0034867
ba: -6.77653
xx: 2.06041e-09
yyy: 3.60685e-08
yyb: -1.57005e-05
ybb: 2.23596
yxx: 4.84899e-10
yxa: -6.00161e-06
yaa: 0.167954
bbb: 4536.46
bxx: 3.37439e-06
bxa: 0.00946461
baa: -688.792
xxx: 8.21172e-11
xxxx: 3.03048e-14
