#offset -0.000179659
y: 0.00161404
yx: 1.05454e-06
yxx: 3.02562e-10