#offset -0.000179659
x: 1.18489e-06
xx: 1.49661e-08 
a: -0.0446087
ax: 1.01172e-05
axx: 2.5681e-07
aa: -0.295805 
aax: 0.000151243
aaxx: 2.51056e-06
y: 0.00167947
yx: -5.64138e-07
yxx: -2.8821e-10
ya: 0.0338271
yax: -2.62135e-05
yaxx: -6.05063e-08
yaa: 0.519948
yaax: 0.000678175
yaaxx: 3.37608e-07