x: -4.6384341e-05 #1/D
xa: 4.8609398e-05 #1.04797/D
xxa: 2.6199731e-08 #0.00056484/D
aa: -0.24644696 #-5313.15/D
xaa: -0.00011970314 #-2.58068/D
xxaa: -2.8849297e-07 #-0.00621962/D
