x: -4.64226e-05 #1/D
xa: 5.5210862e-05 
xxa: 4.1325491e-08
aa: -0.28568236
xaa: -0.00018353128
xxaa: -3.9509764e-07
xx: -5.24869e-09