offset: 20.0
x: -0.00238225
a: 14.6925
ax: -0.00436566
axx: -2.63341e-06
aa: 19.1696
aax: 0.0213612
aaxx: 1.09373e-05
aaxxx: -8.47709e-08

