1299
-209.5 4.74529e-07
-209.3 7.90882e-07
-209.1 1.10724e-06
-208.9 1.42359e-06
-208.7 2.05629e-06
-208.5 2.21447e-06
-208.3 2.84718e-06
-208.1 3.32171e-06
-207.9 3.47988e-06
-207.7 4.11259e-06
-207.5 4.42894e-06
-207.3 4.58712e-06
-207.1 4.90347e-06
-206.9 5.85253e-06
-206.7 6.64341e-06
-206.5 7.4343e-06
-206.3 7.75065e-06
-206.1 8.38335e-06
-205.9 8.85788e-06
-205.7 9.17424e-06
-205.5 9.49059e-06
-205.3 9.64877e-06
-205.1 1.01233e-05
-204.9 1.0756e-05
-204.7 1.13887e-05
-204.5 1.20214e-05
-204.3 1.39195e-05
-204.1 1.56595e-05
-203.9 1.86648e-05
-203.7 2.26192e-05
-203.5 2.73645e-05
-203.3 3.44825e-05
-203.1 4.3024e-05
-202.9 5.56781e-05
-202.7 6.75414e-05
-202.5 8.39917e-05
-202.3 0.000106611
-202.1 0.000132077
-201.9 0.0001683
-201.7 0.000215278
-201.5 0.000271115
-201.3 0.000360484
-201.1 0.000479749
-200.9 0.000622266
-200.7 0.000801797
-200.5 0.00102894
-200.3 0.00128234
-200.1 0.00155313
-199.9 0.00185146
-199.7 0.00215705
-199.5 0.00246645
-199.3 0.0027915
-199.1 0.00313506
-198.9 0.00350472
-198.7 0.00390917
-198.5 0.00433166
-198.3 0.00480477
-198.1 0.00536108
-197.9 0.00599536
-197.7 0.00675255
-197.5 0.0076347
-197.3 0.00869686
-197.1 0.0099134
-196.9 0.0113159
-196.7 0.0128798
-196.5 0.0146351
-196.3 0.0165361
-196.1 0.018552
-195.9 0.0206778
-195.7 0.0228924
-195.5 0.0251407
-195.3 0.0274526
-195.1 0.0297694
-194.9 0.0320904
-194.7 0.0343798
-194.5 0.0366402
-194.3 0.038845
-194.1 0.041031
-193.9 0.0431585
-193.7 0.045263
-193.5 0.0473264
-193.3 0.0493617
-193.1 0.0513267
-192.9 0.0532555
-192.7 0.0551609
-192.5 0.0570797
-192.3 0.0589068
-192.1 0.0607618
-191.9 0.0625759
-191.7 0.0643842
-191.5 0.0661382
-191.3 0.0679167
-191.1 0.0696779
-190.9 0.0713974
-190.7 0.0731291
-190.5 0.0748535
-190.3 0.0765421
-190.1 0.0782273
-189.9 0.0798866
-189.7 0.0815425
-189.5 0.0831819
-189.3 0.0848541
-189.1 0.0864754
-188.9 0.0881195
-188.7 0.0897895
-188.5 0.0914221
-188.3 0.0930228
-188.1 0.0946583
-187.9 0.0962419
-187.7 0.0978235
-187.5 0.0993869
-187.3 0.100961
-187.1 0.102524
-186.9 0.104112
-186.7 0.105671
-186.5 0.107236
-186.3 0.108803
-186.1 0.110357
-185.9 0.111916
-185.7 0.113457
-185.5 0.115003
-185.3 0.11654
-185.1 0.118066
-184.9 0.119567
-184.7 0.121058
-184.5 0.122542
-184.3 0.124039
-184.1 0.125513
-183.9 0.126963
-183.7 0.128402
-183.5 0.129812
-183.3 0.131214
-183.1 0.132615
-182.9 0.134026
-182.7 0.135383
-182.5 0.136744
-182.3 0.138059
-182.1 0.139386
-181.9 0.140706
-181.7 0.141976
-181.5 0.143244
-181.3 0.144508
-181.1 0.14574
-180.9 0.146972
-180.7 0.148186
-180.5 0.149391
-180.3 0.150548
-180.1 0.151722
-179.9 0.152864
-179.7 0.153991
-179.5 0.155113
-179.3 0.156229
-179.1 0.157317
-178.9 0.158401
-178.7 0.159492
-178.5 0.160584
-178.3 0.161652
-178.1 0.162738
-177.9 0.163776
-177.7 0.164815
-177.5 0.165872
-177.3 0.166916
-177.1 0.167958
-176.9 0.168985
-176.7 0.170014
-176.5 0.171013
-176.3 0.172006
-176.1 0.173008
-175.9 0.174015
-175.7 0.175021
-175.5 0.175993
-175.3 0.176985
-175.1 0.177966
-174.9 0.178949
-174.7 0.179921
-174.5 0.18089
-174.3 0.181846
-174.1 0.182791
-173.9 0.183721
-173.7 0.184679
-173.5 0.185628
-173.3 0.186569
-173.1 0.187501
-172.9 0.188446
-172.7 0.189407
-172.5 0.190342
-172.3 0.191255
-172.1 0.192181
-171.9 0.193109
-171.7 0.194046
-171.5 0.194969
-171.3 0.195891
-171.1 0.19681
-170.9 0.197734
-170.7 0.19865
-170.5 0.199539
-170.3 0.200452
-170.1 0.201365
-169.9 0.202259
-169.7 0.203143
-169.5 0.204046
-169.3 0.204953
-169.1 0.20585
-168.9 0.206746
-168.7 0.207636
-168.5 0.208513
-168.3 0.209397
-168.1 0.21028
-167.9 0.211163
-167.7 0.212046
-167.5 0.21294
-167.3 0.213823
-167.1 0.214719
-166.9 0.2156
-166.7 0.216474
-166.5 0.217361
-166.3 0.218243
-166.1 0.219125
-165.9 0.220004
-165.7 0.220876
-165.5 0.22176
-165.3 0.222642
-165.1 0.22351
-164.9 0.224371
-164.7 0.225257
-164.5 0.226144
-164.3 0.22701
-164.1 0.227878
-163.9 0.228731
-163.7 0.229629
-163.5 0.2305
-163.3 0.231362
-163.1 0.232231
-162.9 0.23308
-162.7 0.233952
-162.5 0.234831
-162.3 0.2357
-162.1 0.236555
-161.9 0.237424
-161.7 0.238277
-161.5 0.239133
-161.3 0.239985
-161.1 0.240839
-160.9 0.241689
-160.7 0.242556
-160.5 0.243385
-160.3 0.244249
-160.1 0.24511
-159.9 0.245948
-159.7 0.246783
-159.5 0.247639
-159.3 0.248496
-159.1 0.249349
-158.9 0.250193
-158.7 0.251036
-158.5 0.251895
-158.3 0.25273
-158.1 0.253556
-157.9 0.254414
-157.7 0.255254
-157.5 0.256099
-157.3 0.256937
-157.1 0.257763
-156.9 0.258572
-156.7 0.259392
-156.5 0.260209
-156.3 0.261009
-156.1 0.261832
-155.9 0.26265
-155.7 0.263457
-155.5 0.264261
-155.3 0.265056
-155.1 0.265847
-154.9 0.266645
-154.7 0.267439
-154.5 0.26822
-154.3 0.269011
-154.1 0.269782
-153.9 0.270552
-153.7 0.271329
-153.5 0.272093
-153.3 0.272858
-153.1 0.273628
-152.9 0.274394
-152.7 0.275174
-152.5 0.275952
-152.3 0.276714
-152.1 0.27747
-151.9 0.278261
-151.7 0.279018
-151.5 0.279775
-151.3 0.280528
-151.1 0.281286
-150.9 0.282058
-150.7 0.28281
-150.5 0.283582
-150.3 0.284331
-150.1 0.285106
-149.9 0.285873
-149.7 0.286651
-149.5 0.287417
-149.3 0.288197
-149.1 0.288964
-148.9 0.289737
-148.7 0.290516
-148.5 0.291302
-148.3 0.292086
-148.1 0.292885
-147.9 0.293667
-147.7 0.294457
-147.5 0.295252
-147.3 0.296057
-147.1 0.296872
-146.9 0.297681
-146.7 0.298458
-146.5 0.299271
-146.3 0.300096
-146.1 0.300913
-145.9 0.301744
-145.7 0.302576
-145.5 0.303389
-145.3 0.304222
-145.1 0.305057
-144.9 0.305863
-144.7 0.3067
-144.5 0.307544
-144.3 0.308398
-144.1 0.309234
-143.9 0.310091
-143.7 0.310934
-143.5 0.311771
-143.3 0.312617
-143.1 0.313448
-142.9 0.314282
-142.7 0.315137
-142.5 0.315996
-142.3 0.316856
-142.1 0.317737
-141.9 0.318587
-141.7 0.319469
-141.5 0.320346
-141.3 0.321198
-141.1 0.322082
-140.9 0.322955
-140.7 0.323812
-140.5 0.324673
-140.3 0.325537
-140.1 0.326407
-139.9 0.327293
-139.7 0.328183
-139.5 0.329036
-139.3 0.329908
-139.1 0.330784
-138.9 0.331684
-138.7 0.332569
-138.5 0.333448
-138.3 0.334325
-138.1 0.335184
-137.9 0.336076
-137.7 0.33695
-137.5 0.337845
-137.3 0.338731
-137.1 0.339623
-136.9 0.340516
-136.7 0.341386
-136.5 0.342273
-136.3 0.343157
-136.1 0.344039
-135.9 0.344914
-135.7 0.345811
-135.5 0.346685
-135.3 0.347578
-135.1 0.348476
-134.9 0.349365
-134.7 0.350248
-134.5 0.351129
-134.3 0.351986
-134.1 0.35287
-133.9 0.353751
-133.7 0.354646
-133.5 0.355512
-133.3 0.356406
-133.1 0.357274
-132.9 0.35813
-132.7 0.358993
-132.5 0.359874
-132.3 0.360763
-132.1 0.361631
-131.9 0.362517
-131.7 0.363401
-131.5 0.364284
-131.3 0.365179
-131.1 0.366082
-130.9 0.366953
-130.7 0.367833
-130.5 0.3687
-130.3 0.369579
-130.1 0.370449
-129.9 0.371326
-129.7 0.372189
-129.5 0.373055
-129.3 0.373916
-129.1 0.374811
-128.9 0.375667
-128.7 0.376529
-128.5 0.377388
-128.3 0.378266
-128.1 0.379135
-127.9 0.380003
-127.7 0.380852
-127.5 0.381735
-127.3 0.382617
-127.1 0.38348
-126.9 0.384341
-126.7 0.385231
-126.5 0.38611
-126.3 0.38698
-126.1 0.387852
-125.9 0.388734
-125.7 0.389621
-125.5 0.390466
-125.3 0.391326
-125.1 0.392169
-124.9 0.393027
-124.7 0.393885
-124.5 0.394752
-124.3 0.395613
-124.1 0.396481
-123.9 0.397337
-123.7 0.398204
-123.5 0.399052
-123.3 0.399916
-123.1 0.400756
-122.9 0.401605
-122.7 0.402458
-122.5 0.403304
-122.3 0.404164
-122.1 0.405015
-121.9 0.405857
-121.7 0.406699
-121.5 0.407568
-121.3 0.408404
-121.1 0.409254
-120.9 0.410093
-120.7 0.410946
-120.5 0.411784
-120.3 0.412648
-120.1 0.413471
-119.9 0.414311
-119.7 0.415171
-119.5 0.416
-119.3 0.416845
-119.1 0.417662
-118.9 0.418507
-118.7 0.419319
-118.5 0.42015
-118.3 0.420976
-118.1 0.421818
-117.9 0.422638
-117.7 0.423483
-117.5 0.424318
-117.3 0.425145
-117.1 0.425971
-116.9 0.4268
-116.7 0.427649
-116.5 0.428481
-116.3 0.429321
-116.1 0.430148
-115.9 0.430973
-115.7 0.431805
-115.5 0.432641
-115.3 0.433481
-115.1 0.434316
-114.9 0.435142
-114.7 0.435968
-114.5 0.436794
-114.3 0.437613
-114.1 0.438445
-113.9 0.439266
-113.7 0.440102
-113.5 0.440894
-113.3 0.441713
-113.1 0.442558
-112.9 0.443382
-112.7 0.4442
-112.5 0.445045
-112.3 0.445882
-112.1 0.446709
-111.9 0.447529
-111.7 0.448322
-111.5 0.449141
-111.3 0.449957
-111.1 0.450776
-110.9 0.451594
-110.7 0.452433
-110.5 0.453267
-110.3 0.45409
-110.1 0.454927
-109.9 0.455759
-109.7 0.456594
-109.5 0.45744
-109.3 0.458261
-109.1 0.459102
-108.9 0.45994
-108.7 0.460774
-108.5 0.4616
-108.3 0.462419
-108.1 0.463237
-107.9 0.464032
-107.7 0.464854
-107.5 0.465692
-107.3 0.466486
-107.1 0.467294
-106.9 0.468119
-106.7 0.468934
-106.5 0.469744
-106.3 0.470564
-106.1 0.471383
-105.9 0.472184
-105.7 0.472984
-105.5 0.473788
-105.3 0.474596
-105.1 0.475418
-104.9 0.476222
-104.7 0.477028
-104.5 0.477843
-104.3 0.478662
-104.1 0.479494
-103.9 0.480327
-103.7 0.481138
-103.5 0.481945
-103.3 0.482751
-103.1 0.483573
-102.9 0.484382
-102.7 0.485194
-102.5 0.486007
-102.3 0.486828
-102.1 0.487638
-101.9 0.488442
-101.7 0.489226
-101.5 0.490029
-101.3 0.490848
-101.1 0.491639
-100.9 0.492453
-100.7 0.493238
-100.5 0.494051
-100.3 0.494852
-100.1 0.495644
-99.9 0.496442
-99.7 0.497231
-99.5 0.498042
-99.3 0.498841
-99.1 0.499644
-98.9 0.50044
-98.7 0.501237
-98.5 0.502042
-98.3 0.502833
-98.1 0.503627
-97.9 0.504442
-97.7 0.505247
-97.5 0.506051
-97.3 0.506872
-97.1 0.507671
-96.9 0.508471
-96.7 0.509267
-96.5 0.510087
-96.3 0.510868
-96.1 0.511671
-95.9 0.512473
-95.7 0.513287
-95.5 0.514098
-95.3 0.51492
-95.1 0.515703
-94.9 0.516512
-94.7 0.517312
-94.5 0.518123
-94.3 0.518899
-94.1 0.519709
-93.9 0.520507
-93.7 0.521302
-93.5 0.522096
-93.3 0.522891
-93.1 0.523688
-92.9 0.524467
-92.7 0.525262
-92.5 0.52606
-92.3 0.526842
-92.1 0.527628
-91.9 0.528424
-91.7 0.529213
-91.5 0.529986
-91.3 0.530768
-91.1 0.531564
-90.9 0.532345
-90.7 0.533141
-90.5 0.533938
-90.3 0.534724
-90.1 0.535526
-89.9 0.536313
-89.7 0.537089
-89.5 0.537894
-89.3 0.538686
-89.1 0.539478
-88.9 0.540293
-88.7 0.541113
-88.5 0.541909
-88.3 0.542728
-88.1 0.543533
-87.9 0.544318
-87.7 0.5451
-87.5 0.545903
-87.3 0.546685
-87.1 0.547483
-86.9 0.548278
-86.7 0.549088
-86.5 0.549893
-86.3 0.550699
-86.1 0.551494
-85.9 0.552281
-85.7 0.553079
-85.5 0.55388
-85.3 0.554676
-85.1 0.555483
-84.9 0.556275
-84.7 0.557072
-84.5 0.557865
-84.3 0.558676
-84.1 0.559487
-83.9 0.560278
-83.7 0.56106
-83.5 0.561859
-83.3 0.562662
-83.1 0.56348
-82.9 0.564297
-82.7 0.565116
-82.5 0.565918
-82.3 0.566713
-82.1 0.567513
-81.9 0.568322
-81.7 0.569142
-81.5 0.569951
-81.3 0.570793
-81.1 0.571608
-80.9 0.572455
-80.7 0.573269
-80.5 0.574091
-80.3 0.574901
-80.1 0.575718
-79.9 0.576556
-79.7 0.57738
-79.5 0.578197
-79.3 0.579026
-79.1 0.579829
-78.9 0.58064
-78.7 0.581468
-78.5 0.582298
-78.3 0.583127
-78.1 0.583953
-77.9 0.584774
-77.7 0.585595
-77.5 0.586416
-77.3 0.587262
-77.1 0.588102
-76.9 0.588936
-76.7 0.589767
-76.5 0.590578
-76.3 0.591412
-76.1 0.592246
-75.9 0.593063
-75.7 0.593905
-75.5 0.594739
-75.3 0.59555
-75.1 0.596393
-74.9 0.597234
-74.7 0.598058
-74.5 0.598904
-74.3 0.599746
-74.1 0.600578
-73.9 0.601413
-73.7 0.602248
-73.5 0.603092
-73.3 0.603915
-73.1 0.604765
-72.9 0.605595
-72.7 0.606436
-72.5 0.607257
-72.3 0.608072
-72.1 0.608911
-71.9 0.609734
-71.7 0.610568
-71.5 0.611414
-71.3 0.612246
-71.1 0.613088
-70.9 0.613919
-70.7 0.614758
-70.5 0.615586
-70.3 0.616422
-70.1 0.617239
-69.9 0.618046
-69.7 0.618829
-69.5 0.619659
-69.3 0.620461
-69.1 0.621297
-68.9 0.622121
-68.7 0.622948
-68.5 0.623781
-68.3 0.624612
-68.1 0.625435
-67.9 0.626262
-67.7 0.627071
-67.5 0.627903
-67.3 0.628724
-67.1 0.629549
-66.9 0.630373
-66.7 0.631219
-66.5 0.632037
-66.3 0.632878
-66.1 0.633707
-65.9 0.634545
-65.7 0.635386
-65.5 0.636224
-65.3 0.637057
-65.1 0.637879
-64.9 0.638707
-64.7 0.639529
-64.5 0.64036
-64.3 0.641213
-64.1 0.642037
-63.9 0.642859
-63.7 0.64369
-63.5 0.644524
-63.3 0.645336
-63.1 0.646167
-62.9 0.646993
-62.7 0.647818
-62.5 0.648638
-62.3 0.649466
-62.1 0.650286
-61.9 0.651115
-61.7 0.651942
-61.5 0.652765
-61.3 0.653588
-61.1 0.654394
-60.9 0.655225
-60.7 0.656071
-60.5 0.656899
-60.3 0.657714
-60.1 0.658537
-59.9 0.659367
-59.7 0.66018
-59.5 0.661008
-59.3 0.661837
-59.1 0.66265
-58.9 0.663478
-58.7 0.664301
-58.5 0.66511
-58.3 0.665914
-58.1 0.666749
-57.9 0.66756
-57.7 0.668388
-57.5 0.669217
-57.3 0.670047
-57.1 0.670869
-56.9 0.671702
-56.7 0.672526
-56.5 0.67335
-56.3 0.674171
-56.1 0.674996
-55.9 0.675814
-55.7 0.676603
-55.5 0.677417
-55.3 0.678231
-55.1 0.679045
-54.9 0.679871
-54.7 0.680687
-54.5 0.681509
-54.3 0.68234
-54.1 0.683152
-53.9 0.683954
-53.7 0.684758
-53.5 0.685574
-53.3 0.686406
-53.1 0.687223
-52.9 0.688028
-52.7 0.688836
-52.5 0.689671
-52.3 0.690494
-52.1 0.691298
-51.9 0.692111
-51.7 0.692933
-51.5 0.693727
-51.3 0.69455
-51.1 0.69537
-50.9 0.69618
-50.7 0.697015
-50.5 0.697822
-50.3 0.698635
-50.1 0.699437
-49.9 0.700257
-49.7 0.701081
-49.5 0.70191
-49.3 0.70272
-49.1 0.703532
-48.9 0.704349
-48.7 0.70516
-48.5 0.705977
-48.3 0.706774
-48.1 0.707586
-47.9 0.708397
-47.7 0.709233
-47.5 0.710052
-47.3 0.710859
-47.1 0.711678
-46.9 0.712496
-46.7 0.713298
-46.5 0.714123
-46.3 0.714936
-46.1 0.715762
-45.9 0.716565
-45.7 0.71738
-45.5 0.718189
-45.3 0.718992
-45.1 0.7198
-44.9 0.720613
-44.7 0.721425
-44.5 0.722238
-44.3 0.723043
-44.1 0.723838
-43.9 0.724646
-43.7 0.725466
-43.5 0.726268
-43.3 0.72708
-43.1 0.727884
-42.9 0.728677
-42.7 0.729481
-42.5 0.730298
-42.3 0.731116
-42.1 0.731916
-41.9 0.732724
-41.7 0.733538
-41.5 0.734347
-41.3 0.735176
-41.1 0.735993
-40.9 0.736813
-40.7 0.737621
-40.5 0.73844
-40.3 0.739267
-40.1 0.740073
-39.9 0.740881
-39.7 0.74171
-39.5 0.742526
-39.3 0.743327
-39.1 0.744141
-38.9 0.744946
-38.7 0.745773
-38.5 0.746592
-38.3 0.747406
-38.1 0.748219
-37.9 0.749024
-37.7 0.749848
-37.5 0.75068
-37.3 0.751492
-37.1 0.752287
-36.9 0.753091
-36.7 0.753886
-36.5 0.754706
-36.3 0.755524
-36.1 0.756326
-35.9 0.757135
-35.7 0.757965
-35.5 0.758759
-35.3 0.759567
-35.1 0.76037
-34.9 0.761194
-34.7 0.762018
-34.5 0.76284
-34.3 0.763668
-34.1 0.764453
-33.9 0.765268
-33.7 0.766076
-33.5 0.766885
-33.3 0.767693
-33.1 0.768484
-32.9 0.769279
-32.7 0.770084
-32.5 0.770882
-32.3 0.771683
-32.1 0.772499
-31.9 0.773306
-31.7 0.774095
-31.5 0.77491
-31.3 0.775715
-31.1 0.776526
-30.9 0.777352
-30.7 0.778162
-30.5 0.778967
-30.3 0.779785
-30.1 0.780584
-29.9 0.781401
-29.7 0.782193
-29.5 0.78299
-29.3 0.7838
-29.1 0.784611
-28.9 0.785419
-28.7 0.786218
-28.5 0.787031
-28.3 0.787867
-28.1 0.788677
-27.9 0.789497
-27.7 0.790301
-27.5 0.791105
-27.3 0.791915
-27.1 0.792733
-26.9 0.793531
-26.7 0.794356
-26.5 0.795163
-26.3 0.795974
-26.1 0.796785
-25.9 0.7976
-25.7 0.798396
-25.5 0.799208
-25.3 0.799999
-25.1 0.800826
-24.9 0.801615
-24.7 0.802425
-24.5 0.803232
-24.3 0.804038
-24.1 0.804844
-23.9 0.805657
-23.7 0.806466
-23.5 0.807267
-23.3 0.808075
-23.1 0.808879
-22.9 0.809689
-22.7 0.810492
-22.5 0.811299
-22.3 0.812093
-22.1 0.812887
-21.9 0.813704
-21.7 0.814538
-21.5 0.815357
-21.3 0.816185
-21.1 0.816988
-20.9 0.817785
-20.7 0.818587
-20.5 0.819399
-20.3 0.820194
-20.1 0.820985
-19.9 0.821806
-19.7 0.822614
-19.5 0.823423
-19.3 0.824226
-19.1 0.825049
-18.9 0.825851
-18.7 0.82665
-18.5 0.827449
-18.3 0.82827
-18.1 0.829085
-17.9 0.829899
-17.7 0.830704
-17.5 0.83153
-17.3 0.832324
-17.1 0.833117
-16.9 0.833945
-16.7 0.83475
-16.5 0.835552
-16.3 0.83636
-16.1 0.837169
-15.9 0.837967
-15.7 0.838755
-15.5 0.839545
-15.3 0.840369
-15.1 0.841191
-14.9 0.841988
-14.7 0.842805
-14.5 0.843608
-14.3 0.844408
-14.1 0.845203
-13.9 0.845987
-13.7 0.846794
-13.5 0.847604
-13.3 0.848404
-13.1 0.84922
-12.9 0.85003
-12.7 0.850826
-12.5 0.851608
-12.3 0.852419
-12.1 0.853217
-11.9 0.854004
-11.7 0.854794
-11.5 0.855593
-11.3 0.856392
-11.1 0.857187
-10.9 0.857986
-10.7 0.858784
-10.5 0.859578
-10.3 0.860395
-10.1 0.861188
-9.9 0.861986
-9.7 0.862792
-9.5 0.86358
-9.3 0.864395
-9.1 0.865179
-8.9 0.865986
-8.7 0.866788
-8.5 0.867591
-8.3 0.86841
-8.1 0.869217
-7.9 0.870025
-7.7 0.870853
-7.5 0.871641
-7.3 0.872447
-7.1 0.873269
-6.9 0.874061
-6.7 0.874882
-6.5 0.875675
-6.3 0.876482
-6.1 0.877304
-5.9 0.878103
-5.7 0.878901
-5.5 0.879725
-5.3 0.880522
-5.1 0.881321
-4.9 0.882105
-4.7 0.882919
-4.5 0.883718
-4.3 0.884505
-4.1 0.885338
-3.9 0.886135
-3.7 0.886944
-3.5 0.887749
-3.3 0.888574
-3.1 0.889391
-2.9 0.890206
-2.7 0.89102
-2.5 0.891823
-2.3 0.89264
-2.1 0.893459
-1.9 0.894243
-1.7 0.895047
-1.5 0.895863
-1.3 0.896673
-1.1 0.897492
-0.899999 0.898299
-0.699999 0.899112
-0.499999 0.899908
-0.299999 0.900717
-0.0999994 0.901546
0.100001 0.902357
0.300001 0.903162
0.500001 0.90398
0.700001 0.904797
0.900001 0.905608
1.1 0.906425
1.3 0.907243
1.5 0.908065
1.7 0.908868
1.9 0.909696
2.1 0.910505
2.3 0.911317
2.5 0.91214
2.7 0.912946
2.9 0.91376
3.1 0.914602
3.3 0.915415
3.5 0.916216
3.7 0.917031
3.9 0.917826
4.1 0.918661
4.3 0.919469
4.5 0.920291
4.7 0.92111
4.9 0.921912
5.1 0.922728
5.3 0.923539
5.5 0.924357
5.7 0.925143
5.9 0.925957
6.1 0.926757
6.3 0.927578
6.5 0.928379
6.7 0.929195
6.9 0.929987
7.1 0.930761
7.3 0.931555
7.5 0.932345
7.7 0.933132
7.9 0.933922
8.1 0.934695
8.3 0.935486
8.5 0.936279
8.7 0.937075
8.9 0.937851
9.1 0.938618
9.3 0.93942
9.5 0.940198
9.7 0.940971
9.9 0.941755
10.1 0.942544
10.3 0.943323
10.5 0.944091
10.7 0.944865
10.9 0.945634
11.1 0.946412
11.3 0.947185
11.5 0.947964
11.7 0.948732
11.9 0.949496
12.1 0.950241
12.3 0.950989
12.5 0.951744
12.7 0.95249
12.9 0.95324
13.1 0.953996
13.3 0.954734
13.5 0.955485
13.7 0.956228
13.9 0.956953
14.1 0.957678
14.3 0.958414
14.5 0.959126
14.7 0.959828
14.9 0.960547
15.1 0.961252
15.3 0.961971
15.5 0.962673
15.7 0.963359
15.9 0.964055
16.1 0.964749
16.3 0.965441
16.5 0.966108
16.7 0.966771
16.9 0.96744
17.1 0.968082
17.3 0.968761
17.5 0.969421
17.7 0.970086
17.9 0.970716
18.1 0.971362
18.3 0.972
18.5 0.972633
18.7 0.973242
18.9 0.973856
19.1 0.974447
19.3 0.975044
19.5 0.975631
19.7 0.976226
19.9 0.976809
20.1 0.977365
20.3 0.977947
20.5 0.978501
20.7 0.979049
20.9 0.979602
21.1 0.980142
21.3 0.980681
21.5 0.981185
21.7 0.981699
21.9 0.9822
22.1 0.9827
22.3 0.98319
22.5 0.983678
22.7 0.984144
22.9 0.984613
23.1 0.985072
23.3 0.985509
23.5 0.985949
23.7 0.986382
23.9 0.986823
24.1 0.987249
24.3 0.987658
24.5 0.988072
24.7 0.988472
24.9 0.988847
25.1 0.989214
25.3 0.989579
25.5 0.989945
25.7 0.990293
25.9 0.990648
26.1 0.990993
26.3 0.991309
26.5 0.991639
26.7 0.991941
26.9 0.992255
27.1 0.992551
27.3 0.992834
27.5 0.993123
27.7 0.993393
27.9 0.993655
28.1 0.99391
28.3 0.994151
28.5 0.994381
28.7 0.99462
28.9 0.994857
29.1 0.995075
29.3 0.995293
29.5 0.995503
29.7 0.995696
29.9 0.995889
30.1 0.996074
30.3 0.996255
30.5 0.996432
30.7 0.9966
30.9 0.996758
31.1 0.996925
31.3 0.997075
31.5 0.997223
31.7 0.997355
31.9 0.997488
32.1 0.997619
32.3 0.997733
32.5 0.997852
32.7 0.997973
32.9 0.998083
33.1 0.998178
33.3 0.998275
33.5 0.998367
33.7 0.998453
33.9 0.99854
34.1 0.998625
34.3 0.998701
34.5 0.99878
34.7 0.998855
34.9 0.998917
35.1 0.998976
35.3 0.99904
35.5 0.999093
35.7 0.999149
35.9 0.999201
36.1 0.99925
36.3 0.999296
36.5 0.999336
36.7 0.999374
36.9 0.999411
37.1 0.999444
37.3 0.999475
37.5 0.999505
37.7 0.999531
37.9 0.999559
38.1 0.999582
38.3 0.999608
38.5 0.999635
38.7 0.999656
38.9 0.999673
39.1 0.999693
39.3 0.999713
39.5 0.99973
39.7 0.999744
39.9 0.999759
40.1 0.99977
40.3 0.999783
40.5 0.999794
40.7 0.999805
40.9 0.999817
41.1 0.999826
41.3 0.999836
41.5 0.999845
41.7 0.999853
41.9 0.999859
42.1 0.999866
42.3 0.999872
42.5 0.99988
42.7 0.999886
42.9 0.999893
43.1 0.999898
43.3 0.999903
43.5 0.999907
43.7 0.999912
43.9 0.999916
44.1 0.999922
44.3 0.999925
44.5 0.999928
44.7 0.999931
44.9 0.999934
45.1 0.999938
45.3 0.99994
45.5 0.999943
45.7 0.999947
45.9 0.99995
46.1 0.999951
46.3 0.999954
46.5 0.999958
46.7 0.999961
46.9 0.999964
47.1 0.999966
47.3 0.999969
47.5 0.999972
47.7 0.999974
47.9 0.999977
48.1 0.999979
48.3 0.999981
48.5 0.999984
48.7 0.999986
48.9 0.999988
49.1 0.999989
49.3 0.999991
49.5 0.999994
49.7 0.999996
49.9 0.999998
50.1 1
