1300
-209.7 4.78126e-07
-209.5 6.37501e-07
-209.3 9.56251e-07
-209.1 1.275e-06
-208.9 1.75313e-06
-208.7 1.75313e-06
-208.5 2.23125e-06
-208.3 3.02813e-06
-208.1 3.50625e-06
-207.9 4.30313e-06
-207.7 4.62188e-06
-207.5 5.73751e-06
-207.3 6.53438e-06
-207.1 6.69376e-06
-206.9 7.01251e-06
-206.7 7.33126e-06
-206.5 7.80939e-06
-206.3 8.28751e-06
-206.1 8.76564e-06
-205.9 9.24376e-06
-205.7 9.24376e-06
-205.5 9.56251e-06
-205.3 1.00406e-05
-205.1 1.03594e-05
-204.9 1.05188e-05
-204.7 1.08375e-05
-204.5 1.09969e-05
-204.3 1.21125e-05
-204.1 1.22719e-05
-203.9 1.275e-05
-203.7 1.30688e-05
-203.5 1.33875e-05
-203.3 1.41844e-05
-203.1 1.46625e-05
-202.9 1.49813e-05
-202.7 1.56188e-05
-202.5 1.64156e-05
-202.3 1.68938e-05
-202.1 1.70531e-05
-201.9 1.72125e-05
-201.7 1.76906e-05
-201.5 1.80094e-05
-201.3 1.84875e-05
-201.1 1.88063e-05
-200.9 1.88063e-05
-200.7 1.94438e-05
-200.5 1.97625e-05
-200.3 2.02407e-05
-200.1 2.04e-05
-199.9 2.10375e-05
-199.7 2.13563e-05
-199.5 2.15157e-05
-199.3 2.21532e-05
-199.1 2.27907e-05
-198.9 2.295e-05
-198.7 2.40657e-05
-198.5 2.66157e-05
-198.3 3.04407e-05
-198.1 3.87282e-05
-197.9 5.5622e-05
-197.7 7.84126e-05
-197.5 0.000119691
-197.3 0.000184557
-197.1 0.000290222
-196.9 0.00043876
-196.7 0.000638776
-196.5 0.000923101
-196.3 0.00127532
-196.1 0.00172842
-195.9 0.00226918
-195.7 0.00289664
-195.5 0.00366467
-195.3 0.00457216
-195.1 0.00561686
-194.9 0.00684325
-194.7 0.00828209
-194.5 0.00989051
-194.3 0.0116175
-194.1 0.0135209
-193.9 0.0155314
-193.7 0.0176322
-193.5 0.0198577
-193.3 0.0221018
-193.1 0.0243595
-192.9 0.0266627
-192.7 0.0289373
-192.5 0.0311802
-192.3 0.0333724
-192.1 0.0355485
-191.9 0.0376616
-191.7 0.0397648
-191.5 0.0418282
-191.3 0.0438569
-191.1 0.0458739
-190.9 0.0478696
-190.7 0.0498304
-190.5 0.051748
-190.3 0.0536425
-190.1 0.0555179
-189.9 0.0573574
-189.7 0.0592049
-189.5 0.0610123
-189.3 0.0628327
-189.1 0.0646533
-188.9 0.0664306
-188.7 0.0681955
-188.5 0.0699777
-188.3 0.0717177
-188.1 0.0734627
-187.9 0.0752173
-187.7 0.0769228
-187.5 0.0786346
-187.3 0.080324
-187.1 0.0820256
-186.9 0.083687
-186.7 0.0853567
-186.5 0.0869875
-186.3 0.0886574
-186.1 0.0902953
-185.9 0.0919259
-185.7 0.09354
-185.5 0.0951669
-185.3 0.0968087
-185.1 0.0984282
-184.9 0.100046
-184.7 0.101634
-184.5 0.103217
-184.3 0.104807
-184.1 0.106359
-183.9 0.107917
-183.7 0.109472
-183.5 0.111017
-183.3 0.112574
-183.1 0.114086
-182.9 0.115631
-182.7 0.117175
-182.5 0.118698
-182.3 0.12022
-182.1 0.121742
-181.9 0.123226
-181.7 0.12473
-181.5 0.126219
-181.3 0.127661
-181.1 0.129107
-180.9 0.130557
-180.7 0.131992
-180.5 0.133395
-180.3 0.134799
-180.1 0.136187
-179.9 0.137556
-179.7 0.138942
-179.5 0.140298
-179.3 0.141631
-179.1 0.14294
-178.9 0.144217
-178.7 0.145512
-178.5 0.146768
-178.3 0.148045
-178.1 0.149305
-177.9 0.150524
-177.7 0.15171
-177.5 0.152881
-177.3 0.154073
-177.1 0.155243
-176.9 0.156406
-176.7 0.157549
-176.5 0.158657
-176.3 0.159797
-176.1 0.160908
-175.9 0.162006
-175.7 0.163113
-175.5 0.164196
-175.3 0.16526
-175.1 0.166326
-174.9 0.167379
-174.7 0.16844
-174.5 0.169487
-174.3 0.170531
-174.1 0.171568
-173.9 0.172587
-173.7 0.173598
-173.5 0.174601
-173.3 0.175607
-173.1 0.176606
-172.9 0.177585
-172.7 0.178573
-172.5 0.179564
-172.3 0.180569
-172.1 0.181556
-171.9 0.182511
-171.7 0.183478
-171.5 0.184454
-171.3 0.185431
-171.1 0.186384
-170.9 0.187325
-170.7 0.188281
-170.5 0.189215
-170.3 0.19014
-170.1 0.191067
-169.9 0.192012
-169.7 0.192968
-169.5 0.193903
-169.3 0.194844
-169.1 0.195777
-168.9 0.196709
-168.7 0.19764
-168.5 0.198566
-168.3 0.199488
-168.1 0.200428
-167.9 0.201348
-167.7 0.202264
-167.5 0.20319
-167.3 0.204093
-167.1 0.205016
-166.9 0.205948
-166.7 0.206847
-166.5 0.207751
-166.3 0.208651
-166.1 0.20956
-165.9 0.210463
-165.7 0.211377
-165.5 0.212298
-165.3 0.213191
-165.1 0.214097
-164.9 0.214986
-164.7 0.215881
-164.5 0.216784
-164.3 0.217674
-164.1 0.218546
-163.9 0.21945
-163.7 0.220339
-163.5 0.221213
-163.3 0.222101
-163.1 0.222966
-162.9 0.223861
-162.7 0.224741
-162.5 0.225624
-162.3 0.226496
-162.1 0.227387
-161.9 0.228249
-161.7 0.229118
-161.5 0.229995
-161.3 0.230861
-161.1 0.231732
-160.9 0.232619
-160.7 0.233504
-160.5 0.234374
-160.3 0.235252
-160.1 0.236112
-159.9 0.237
-159.7 0.237875
-159.5 0.238748
-159.3 0.239617
-159.1 0.240488
-158.9 0.241365
-158.7 0.24223
-158.5 0.243088
-158.3 0.243957
-158.1 0.24481
-157.9 0.245684
-157.7 0.246527
-157.5 0.247384
-157.3 0.24825
-157.1 0.249104
-156.9 0.249971
-156.7 0.250836
-156.5 0.251692
-156.3 0.252542
-156.1 0.2534
-155.9 0.254249
-155.7 0.255073
-155.5 0.255904
-155.3 0.256753
-155.1 0.257565
-154.9 0.258392
-154.7 0.259227
-154.5 0.260066
-154.3 0.260883
-154.1 0.261707
-153.9 0.262508
-153.7 0.263315
-153.5 0.264127
-153.3 0.264922
-153.1 0.265735
-152.9 0.26654
-152.7 0.267345
-152.5 0.268145
-152.3 0.268943
-152.1 0.269739
-151.9 0.27051
-151.7 0.271296
-151.5 0.272088
-151.3 0.272869
-151.1 0.27366
-150.9 0.274454
-150.7 0.275226
-150.5 0.275975
-150.3 0.276734
-150.1 0.27749
-149.9 0.278252
-149.7 0.279014
-149.5 0.279801
-149.3 0.280558
-149.1 0.28133
-148.9 0.282109
-148.7 0.282872
-148.5 0.283648
-148.3 0.284414
-148.1 0.285185
-147.9 0.285939
-147.7 0.286716
-147.5 0.287475
-147.3 0.288264
-147.1 0.289044
-146.9 0.28984
-146.7 0.290611
-146.5 0.291402
-146.3 0.292199
-146.1 0.293001
-145.9 0.293788
-145.7 0.294587
-145.5 0.295383
-145.3 0.296176
-145.1 0.296983
-144.9 0.297789
-144.7 0.298599
-144.5 0.299407
-144.3 0.300224
-144.1 0.301045
-143.9 0.30187
-143.7 0.302679
-143.5 0.3035
-143.3 0.304332
-143.1 0.305174
-142.9 0.305993
-142.7 0.306843
-142.5 0.307669
-142.3 0.308503
-142.1 0.309363
-141.9 0.310208
-141.7 0.311057
-141.5 0.311894
-141.3 0.312742
-141.1 0.3136
-140.9 0.314431
-140.7 0.315262
-140.5 0.316137
-140.3 0.317004
-140.1 0.317865
-139.9 0.318709
-139.7 0.319548
-139.5 0.3204
-139.3 0.321257
-139.1 0.322131
-138.9 0.322998
-138.7 0.323871
-138.5 0.324742
-138.3 0.325608
-138.1 0.326474
-137.9 0.327339
-137.7 0.328212
-137.5 0.329106
-137.3 0.329969
-137.1 0.330851
-136.9 0.331734
-136.7 0.332618
-136.5 0.3335
-136.3 0.334381
-136.1 0.335279
-135.9 0.336156
-135.7 0.337041
-135.5 0.33793
-135.3 0.338799
-135.1 0.339681
-134.9 0.340566
-134.7 0.341454
-134.5 0.342334
-134.3 0.343222
-134.1 0.344102
-133.9 0.344967
-133.7 0.345851
-133.5 0.346738
-133.3 0.347633
-133.1 0.348525
-132.9 0.34939
-132.7 0.350259
-132.5 0.351137
-132.3 0.352016
-132.1 0.352904
-131.9 0.353782
-131.7 0.354663
-131.5 0.355559
-131.3 0.356439
-131.1 0.35734
-130.9 0.358233
-130.7 0.359113
-130.5 0.359991
-130.3 0.36086
-130.1 0.361741
-129.9 0.362624
-129.7 0.363506
-129.5 0.364368
-129.3 0.365254
-129.1 0.366132
-128.9 0.366989
-128.7 0.367875
-128.5 0.368763
-128.3 0.369651
-128.1 0.37053
-127.9 0.371406
-127.7 0.372254
-127.5 0.373123
-127.3 0.374021
-127.1 0.374906
-126.9 0.375782
-126.7 0.376674
-126.5 0.37754
-126.3 0.378431
-126.1 0.379286
-125.9 0.380159
-125.7 0.381023
-125.5 0.381893
-125.3 0.382756
-125.1 0.38362
-124.9 0.384488
-124.7 0.385353
-124.5 0.38622
-124.3 0.38709
-124.1 0.387958
-123.9 0.388821
-123.7 0.389702
-123.5 0.390572
-123.3 0.391439
-123.1 0.3923
-122.9 0.393166
-122.7 0.394038
-122.5 0.394908
-122.3 0.395781
-122.1 0.396643
-121.9 0.397487
-121.7 0.398354
-121.5 0.399205
-121.3 0.400078
-121.1 0.400941
-120.9 0.401781
-120.7 0.402643
-120.5 0.403471
-120.3 0.404338
-120.1 0.405199
-119.9 0.406034
-119.7 0.40689
-119.5 0.407729
-119.3 0.40859
-119.1 0.409445
-118.9 0.410296
-118.7 0.411157
-118.5 0.412004
-118.3 0.412872
-118.1 0.413724
-117.9 0.414577
-117.7 0.415417
-117.5 0.416261
-117.3 0.417126
-117.1 0.417986
-116.9 0.418842
-116.7 0.419701
-116.5 0.420551
-116.3 0.421399
-116.1 0.422247
-115.9 0.423105
-115.7 0.423955
-115.5 0.424789
-115.3 0.42564
-115.1 0.426508
-114.9 0.427372
-114.7 0.428229
-114.5 0.429068
-114.3 0.429912
-114.1 0.430747
-113.9 0.431603
-113.7 0.432443
-113.5 0.433273
-113.3 0.434113
-113.1 0.434949
-112.9 0.435805
-112.7 0.436642
-112.5 0.43748
-112.3 0.438313
-112.1 0.439146
-111.9 0.440008
-111.7 0.440887
-111.5 0.441736
-111.3 0.442575
-111.1 0.443437
-110.9 0.444286
-110.7 0.445145
-110.5 0.445982
-110.3 0.446819
-110.1 0.447644
-109.9 0.44849
-109.7 0.449333
-109.5 0.450201
-109.3 0.451045
-109.1 0.451889
-108.9 0.452751
-108.7 0.453591
-108.5 0.454436
-108.3 0.455271
-108.1 0.456086
-107.9 0.456922
-107.7 0.457739
-107.5 0.458575
-107.3 0.459412
-107.1 0.460247
-106.9 0.461062
-106.7 0.461892
-106.5 0.462724
-106.3 0.463544
-106.1 0.46437
-105.9 0.465213
-105.7 0.466035
-105.5 0.466861
-105.3 0.467706
-105.1 0.468517
-104.9 0.469357
-104.7 0.470176
-104.5 0.470989
-104.3 0.47183
-104.1 0.472628
-103.9 0.473435
-103.7 0.474259
-103.5 0.475094
-103.3 0.475916
-103.1 0.476769
-102.9 0.477611
-102.7 0.478411
-102.5 0.479245
-102.3 0.480056
-102.1 0.480867
-101.9 0.4817
-101.7 0.48253
-101.5 0.483364
-101.3 0.48421
-101.1 0.485022
-100.9 0.485834
-100.7 0.486651
-100.5 0.487474
-100.3 0.488304
-100.1 0.489119
-99.9 0.489953
-99.7 0.49077
-99.5 0.491588
-99.3 0.492421
-99.1 0.49322
-98.9 0.494025
-98.7 0.494859
-98.5 0.495691
-98.3 0.49649
-98.1 0.497319
-97.9 0.498168
-97.7 0.498996
-97.5 0.499806
-97.3 0.500625
-97.1 0.501445
-96.9 0.50227
-96.7 0.503087
-96.5 0.503878
-96.3 0.504683
-96.1 0.505502
-95.9 0.506315
-95.7 0.507126
-95.5 0.507938
-95.3 0.508744
-95.1 0.509556
-94.9 0.510362
-94.7 0.51117
-94.5 0.51199
-94.3 0.512793
-94.1 0.513612
-93.9 0.514421
-93.7 0.5152
-93.5 0.515976
-93.3 0.51678
-93.1 0.517586
-92.9 0.518383
-92.7 0.519198
-92.5 0.519987
-92.3 0.5208
-92.1 0.521614
-91.9 0.522426
-91.7 0.523213
-91.5 0.52401
-91.3 0.524823
-91.1 0.52561
-90.9 0.526418
-90.7 0.527231
-90.5 0.528039
-90.3 0.528836
-90.1 0.529649
-89.9 0.530487
-89.7 0.531268
-89.5 0.532069
-89.3 0.532874
-89.1 0.533682
-88.9 0.534487
-88.7 0.535305
-88.5 0.5361
-88.3 0.536875
-88.1 0.537676
-87.9 0.538484
-87.7 0.539289
-87.5 0.540108
-87.3 0.540884
-87.1 0.541705
-86.9 0.542508
-86.7 0.543289
-86.5 0.544086
-86.3 0.544882
-86.1 0.545686
-85.9 0.546493
-85.7 0.547297
-85.5 0.548088
-85.3 0.548883
-85.1 0.549678
-84.9 0.550487
-84.7 0.551293
-84.5 0.552074
-84.3 0.552881
-84.1 0.55368
-83.9 0.55449
-83.7 0.555306
-83.5 0.556111
-83.3 0.556885
-83.1 0.557693
-82.9 0.558513
-82.7 0.559309
-82.5 0.560103
-82.3 0.560932
-82.1 0.561732
-81.9 0.562544
-81.7 0.563374
-81.5 0.564193
-81.3 0.56499
-81.1 0.565788
-80.9 0.566592
-80.7 0.567394
-80.5 0.56819
-80.3 0.568991
-80.1 0.569796
-79.9 0.570585
-79.7 0.571408
-79.5 0.57222
-79.3 0.573019
-79.1 0.573831
-78.9 0.574625
-78.7 0.575446
-78.5 0.576259
-78.3 0.577076
-78.1 0.577884
-77.9 0.578709
-77.7 0.579513
-77.5 0.580324
-77.3 0.581124
-77.1 0.581938
-76.9 0.582751
-76.7 0.583575
-76.5 0.584392
-76.3 0.58518
-76.1 0.58599
-75.9 0.586808
-75.7 0.587621
-75.5 0.588423
-75.3 0.589232
-75.1 0.590026
-74.9 0.590831
-74.7 0.591648
-74.5 0.592467
-74.3 0.593269
-74.1 0.594082
-73.9 0.594879
-73.7 0.595689
-73.5 0.596516
-73.3 0.59734
-73.1 0.598163
-72.9 0.598988
-72.7 0.599819
-72.5 0.600645
-72.3 0.601486
-72.1 0.602308
-71.9 0.603111
-71.7 0.603929
-71.5 0.604751
-71.3 0.605575
-71.1 0.606402
-70.9 0.607221
-70.7 0.608052
-70.5 0.608868
-70.3 0.609681
-70.1 0.610507
-69.9 0.611342
-69.7 0.612157
-69.5 0.612997
-69.3 0.613813
-69.1 0.614642
-68.9 0.615495
-68.7 0.616345
-68.5 0.617174
-68.3 0.618024
-68.1 0.61886
-67.9 0.619697
-67.7 0.620548
-67.5 0.621394
-67.3 0.622233
-67.1 0.623074
-66.9 0.623922
-66.7 0.624747
-66.5 0.625586
-66.3 0.626432
-66.1 0.627283
-65.9 0.628125
-65.7 0.628973
-65.5 0.629826
-65.3 0.630691
-65.1 0.631531
-64.9 0.632397
-64.7 0.63322
-64.5 0.634038
-64.3 0.634894
-64.1 0.635751
-63.9 0.636613
-63.7 0.637455
-63.5 0.638296
-63.3 0.639133
-63.1 0.63997
-62.9 0.640796
-62.7 0.641631
-62.5 0.642497
-62.3 0.643342
-62.1 0.64419
-61.9 0.64503
-61.7 0.645881
-61.5 0.646729
-61.3 0.64758
-61.1 0.648433
-60.9 0.649267
-60.7 0.650093
-60.5 0.650956
-60.3 0.651796
-60.1 0.652626
-59.9 0.653451
-59.7 0.654269
-59.5 0.655132
-59.3 0.655968
-59.1 0.656789
-58.9 0.657599
-58.7 0.658437
-58.5 0.659251
-58.3 0.660082
-58.1 0.6609
-57.9 0.66173
-57.7 0.662569
-57.5 0.663381
-57.3 0.664183
-57.1 0.664978
-56.9 0.665791
-56.7 0.66659
-56.5 0.667421
-56.3 0.668231
-56.1 0.669041
-55.9 0.669866
-55.7 0.670677
-55.5 0.671502
-55.3 0.672335
-55.1 0.673145
-54.9 0.673967
-54.7 0.674788
-54.5 0.675614
-54.3 0.67644
-54.1 0.677248
-53.9 0.67806
-53.7 0.678868
-53.5 0.679688
-53.3 0.680506
-53.1 0.68133
-52.9 0.682168
-52.7 0.682996
-52.5 0.683807
-52.3 0.684633
-52.1 0.685444
-51.9 0.686253
-51.7 0.687078
-51.5 0.687905
-51.3 0.688719
-51.1 0.689553
-50.9 0.690383
-50.7 0.691203
-50.5 0.692
-50.3 0.692833
-50.1 0.693642
-49.9 0.69445
-49.7 0.69526
-49.5 0.696066
-49.3 0.696898
-49.1 0.697731
-48.9 0.698547
-48.7 0.699343
-48.5 0.700165
-48.3 0.700975
-48.1 0.701795
-47.9 0.70261
-47.7 0.703437
-47.5 0.704253
-47.3 0.70507
-47.1 0.705896
-46.9 0.706704
-46.7 0.707519
-46.5 0.708322
-46.3 0.709158
-46.1 0.709988
-45.9 0.710804
-45.7 0.711614
-45.5 0.712437
-45.3 0.713259
-45.1 0.714066
-44.9 0.714871
-44.7 0.715689
-44.5 0.716497
-44.3 0.717291
-44.1 0.718116
-43.9 0.718934
-43.7 0.719751
-43.5 0.720537
-43.3 0.721331
-43.1 0.72216
-42.9 0.722969
-42.7 0.72378
-42.5 0.724586
-42.3 0.725393
-42.1 0.726198
-41.9 0.726997
-41.7 0.727786
-41.5 0.728593
-41.3 0.729407
-41.1 0.730213
-40.9 0.731015
-40.7 0.731835
-40.5 0.732653
-40.3 0.733463
-40.1 0.734276
-39.9 0.735083
-39.7 0.735881
-39.5 0.736699
-39.3 0.737508
-39.1 0.738332
-38.9 0.739146
-38.7 0.73996
-38.5 0.740768
-38.3 0.741555
-38.1 0.742358
-37.9 0.743171
-37.7 0.743977
-37.5 0.744779
-37.3 0.745596
-37.1 0.746394
-36.9 0.747203
-36.7 0.748018
-36.5 0.748834
-36.3 0.749652
-36.1 0.750467
-35.9 0.75129
-35.7 0.752104
-35.5 0.752901
-35.3 0.753713
-35.1 0.754515
-34.9 0.755316
-34.7 0.756114
-34.5 0.756927
-34.3 0.757737
-34.1 0.758544
-33.9 0.759355
-33.7 0.760152
-33.5 0.760967
-33.3 0.761781
-33.1 0.76258
-32.9 0.763372
-32.7 0.764196
-32.5 0.764993
-32.3 0.765801
-32.1 0.76661
-31.9 0.767412
-31.7 0.768216
-31.5 0.769016
-31.3 0.769824
-31.1 0.770653
-30.9 0.771465
-30.7 0.772288
-30.5 0.77313
-30.3 0.773957
-30.1 0.774755
-29.9 0.775569
-29.7 0.776386
-29.5 0.777206
-29.3 0.778037
-29.1 0.77886
-28.9 0.779687
-28.7 0.780495
-28.5 0.781326
-28.3 0.782118
-28.1 0.782948
-27.9 0.783774
-27.7 0.784595
-27.5 0.785422
-27.3 0.786252
-27.1 0.787071
-26.9 0.787885
-26.7 0.788698
-26.5 0.789532
-26.3 0.790325
-26.1 0.791133
-25.9 0.79195
-25.7 0.792765
-25.5 0.79358
-25.3 0.794398
-25.1 0.795222
-24.9 0.796041
-24.7 0.796854
-24.5 0.79767
-24.3 0.798502
-24.1 0.799297
-23.9 0.800135
-23.7 0.800947
-23.5 0.801748
-23.3 0.802576
-23.1 0.803403
-22.9 0.804221
-22.7 0.805031
-22.5 0.80585
-22.3 0.806658
-22.1 0.80747
-21.9 0.808281
-21.7 0.809097
-21.5 0.809939
-21.3 0.810769
-21.1 0.811599
-20.9 0.812423
-20.7 0.813243
-20.5 0.814083
-20.3 0.814909
-20.1 0.815709
-19.9 0.816522
-19.7 0.817327
-19.5 0.818154
-19.3 0.818941
-19.1 0.819755
-18.9 0.820548
-18.7 0.821372
-18.5 0.822179
-18.3 0.822997
-18.1 0.823833
-17.9 0.824658
-17.7 0.825458
-17.5 0.826297
-17.3 0.827112
-17.1 0.827911
-16.9 0.828726
-16.7 0.829541
-16.5 0.83036
-16.3 0.831156
-16.1 0.831958
-15.9 0.832748
-15.7 0.833559
-15.5 0.834363
-15.3 0.835155
-15.1 0.83597
-14.9 0.836765
-14.7 0.837586
-14.5 0.838405
-14.3 0.839206
-14.1 0.84001
-13.9 0.840834
-13.7 0.841621
-13.5 0.84242
-13.3 0.843212
-13.1 0.844016
-12.9 0.844823
-12.7 0.845632
-12.5 0.846449
-12.3 0.847244
-12.1 0.848043
-11.9 0.84884
-11.7 0.849658
-11.5 0.850451
-11.3 0.851256
-11.1 0.852056
-10.9 0.852873
-10.7 0.853669
-10.5 0.854488
-10.3 0.855287
-10.1 0.856092
-9.9 0.856893
-9.7 0.857688
-9.5 0.858483
-9.3 0.859297
-9.1 0.860096
-8.9 0.860911
-8.7 0.86173
-8.5 0.862522
-8.3 0.863326
-8.1 0.864135
-7.9 0.864922
-7.7 0.865692
-7.5 0.866485
-7.3 0.867264
-7.1 0.868048
-6.9 0.86884
-6.7 0.869631
-6.5 0.870416
-6.3 0.871203
-6.1 0.872012
-5.9 0.872816
-5.7 0.873602
-5.5 0.87441
-5.3 0.875177
-5.1 0.875975
-4.9 0.876756
-4.7 0.877549
-4.5 0.878353
-4.3 0.879135
-4.1 0.879936
-3.9 0.880718
-3.7 0.881508
-3.5 0.882299
-3.3 0.883099
-3.1 0.883898
-2.9 0.884691
-2.7 0.885481
-2.5 0.886286
-2.3 0.887079
-2.1 0.887886
-1.9 0.888682
-1.7 0.889494
-1.5 0.890296
-1.3 0.891111
-1.1 0.891923
-0.899999 0.892711
-0.699999 0.893516
-0.499999 0.894312
-0.299999 0.895124
-0.0999994 0.895925
0.100001 0.896717
0.300001 0.897507
0.500001 0.898333
0.700001 0.899146
0.900001 0.899949
1.1 0.900755
1.3 0.901557
1.5 0.902346
1.7 0.90317
1.9 0.903979
2.1 0.90478
2.3 0.905597
2.5 0.906397
2.7 0.907207
2.9 0.908012
3.1 0.90881
3.3 0.909614
3.5 0.910403
3.7 0.911207
3.9 0.911993
4.1 0.912813
4.3 0.913637
4.5 0.914436
4.7 0.915247
4.9 0.91605
5.1 0.916864
5.3 0.917669
5.5 0.918487
5.7 0.919298
5.9 0.9201
6.1 0.920893
6.3 0.921682
6.5 0.922481
6.7 0.923301
6.9 0.924103
7.1 0.924901
7.3 0.925705
7.5 0.926532
7.7 0.92734
7.9 0.928181
8.1 0.928997
8.3 0.929806
8.5 0.930588
8.7 0.931397
8.9 0.9322
9.1 0.933002
9.3 0.933822
9.5 0.934663
9.7 0.935473
9.9 0.936273
10.1 0.93708
10.3 0.937908
10.5 0.938727
10.7 0.939551
10.9 0.940376
11.1 0.941184
11.3 0.941974
11.5 0.942782
11.7 0.943581
11.9 0.944368
12.1 0.945162
12.3 0.945954
12.5 0.94675
12.7 0.947514
12.9 0.948298
13.1 0.949083
13.3 0.949872
13.5 0.95064
13.7 0.951414
13.9 0.952177
14.1 0.952951
14.3 0.953725
14.5 0.954491
14.7 0.955233
14.9 0.955988
15.1 0.956733
15.3 0.957471
15.5 0.958215
15.7 0.958953
15.9 0.959692
16.1 0.960417
16.3 0.961157
16.5 0.961884
16.7 0.962605
16.9 0.963297
17.1 0.964007
17.3 0.964703
17.5 0.965393
17.7 0.96608
17.9 0.966758
18.1 0.967441
18.3 0.968121
18.5 0.968765
18.7 0.969427
18.9 0.970072
19.1 0.97072
19.3 0.971349
19.5 0.971982
19.7 0.972616
19.9 0.973258
20.1 0.973858
20.3 0.97445
20.5 0.97505
20.7 0.975649
20.9 0.976247
21.1 0.976814
21.3 0.977389
21.5 0.977953
21.7 0.978515
21.9 0.979083
22.1 0.979625
22.3 0.980162
22.5 0.980682
22.7 0.981202
22.9 0.981698
23.1 0.982196
23.3 0.982687
23.5 0.983186
23.7 0.983658
23.9 0.984114
24.1 0.984576
24.3 0.985028
24.5 0.985464
24.7 0.985904
24.9 0.986331
25.1 0.986758
25.3 0.987183
25.5 0.987585
25.7 0.987965
25.9 0.988362
26.1 0.988722
26.3 0.989092
26.5 0.989446
26.7 0.989791
26.9 0.990159
27.1 0.9905
27.3 0.990827
27.5 0.991154
27.7 0.991462
27.9 0.991777
28.1 0.992073
28.3 0.992365
28.5 0.992639
28.7 0.992922
28.9 0.99319
29.1 0.993457
29.3 0.993714
29.5 0.993952
29.7 0.994206
29.9 0.994439
30.1 0.994666
30.3 0.994894
30.5 0.995107
30.7 0.995306
30.9 0.995502
31.1 0.995684
31.3 0.995873
31.5 0.996049
31.7 0.996229
31.9 0.996401
32.1 0.996565
32.3 0.996719
32.5 0.99687
32.7 0.997019
32.9 0.997162
33.1 0.997293
33.3 0.997425
33.5 0.997546
33.7 0.997659
33.9 0.997779
34.1 0.997889
34.3 0.997989
34.5 0.998089
34.7 0.998189
34.9 0.998281
35.1 0.998372
35.3 0.998456
35.5 0.998533
35.7 0.998608
35.9 0.998681
36.1 0.99876
36.3 0.998829
36.5 0.998894
36.7 0.998952
36.9 0.999007
37.1 0.999061
37.3 0.999114
37.5 0.999166
37.7 0.999215
37.9 0.999257
38.1 0.999294
38.3 0.999335
38.5 0.99937
38.7 0.999401
38.9 0.999435
39.1 0.99947
39.3 0.999499
39.5 0.999527
39.7 0.999553
39.9 0.999578
40.1 0.999603
40.3 0.999628
40.5 0.999646
40.7 0.999666
40.9 0.999683
41.1 0.999699
41.3 0.999716
41.5 0.999733
41.7 0.999746
41.9 0.999762
42.1 0.999776
42.3 0.999787
42.5 0.999798
42.7 0.99981
42.9 0.999821
43.1 0.999831
43.3 0.999841
43.5 0.999849
43.7 0.999857
43.9 0.999866
44.1 0.999873
44.3 0.99988
44.5 0.999886
44.7 0.999894
44.9 0.9999
45.1 0.999906
45.3 0.999911
45.5 0.999916
45.7 0.999921
45.9 0.999927
46.1 0.999932
46.3 0.999936
46.5 0.999941
46.7 0.999945
46.9 0.999949
47.1 0.99995
47.3 0.999954
47.5 0.999959
47.7 0.999963
47.9 0.999967
48.1 0.99997
48.3 0.999973
48.5 0.999976
48.7 0.999979
48.9 0.999982
49.1 0.999986
49.3 0.999989
49.5 0.999991
49.7 0.999994
49.9 0.999998
50.1 1
