1300
-209.7 2.21169e-06
-209.5 3.06235e-06
-209.3 4.25326e-06
-209.1 6.12469e-06
-208.9 6.80521e-06
-208.7 7.3156e-06
-208.5 8.50651e-06
-208.3 1.02078e-05
-208.1 1.10585e-05
-207.9 1.15689e-05
-207.7 1.22494e-05
-207.5 1.29299e-05
-207.3 1.31e-05
-207.1 1.48013e-05
-206.9 1.61624e-05
-206.7 1.82039e-05
-206.5 1.92247e-05
-206.3 2.05858e-05
-206.1 2.19468e-05
-205.9 2.29676e-05
-205.7 2.3478e-05
-205.5 2.55195e-05
-205.3 2.70507e-05
-205.1 2.80715e-05
-204.9 2.97728e-05
-204.7 3.18144e-05
-204.5 3.31754e-05
-204.3 3.45364e-05
-204.1 3.67481e-05
-203.9 3.913e-05
-203.7 4.3043e-05
-203.5 4.6956e-05
-203.3 4.9678e-05
-203.1 5.20599e-05
-202.9 5.52923e-05
-202.7 6.07365e-05
-202.5 6.56703e-05
-202.3 7.23054e-05
-202.1 8.28535e-05
-201.9 9.69743e-05
-201.7 0.000120793
-201.5 0.000155159
-201.3 0.000201264
-201.1 0.000269486
-200.9 0.000357784
-200.7 0.0004568
-200.5 0.000586269
-200.3 0.000730539
-200.1 0.000906794
-199.9 0.00107778
-199.7 0.00127257
-199.5 0.00147707
-199.3 0.00169212
-199.1 0.0019138
-198.9 0.00214415
-198.7 0.00237791
-198.5 0.00263192
-198.3 0.00290566
-198.1 0.00320032
-197.9 0.00355198
-197.7 0.00394549
-197.5 0.00439089
-197.3 0.00491591
-197.1 0.00550286
-196.9 0.00620788
-196.7 0.00699746
-196.5 0.00789558
-196.3 0.00889271
-196.1 0.00999243
-195.9 0.0112143
-195.7 0.0125241
-195.5 0.0139131
-195.3 0.0153801
-195.1 0.016913
-194.9 0.0184864
-194.7 0.0200919
-194.5 0.0217389
-194.3 0.023438
-194.1 0.025148
-193.9 0.026883
-193.7 0.0285946
-193.5 0.0303358
-193.3 0.032042
-193.1 0.0337537
-192.9 0.0354582
-192.7 0.0371855
-192.5 0.038862
-192.3 0.0405189
-192.1 0.0421551
-191.9 0.0437665
-191.7 0.0453923
-191.5 0.0469842
-191.3 0.0485788
-191.1 0.05016
-190.9 0.0516946
-190.7 0.053229
-190.5 0.0547748
-190.3 0.0562772
-190.1 0.0577533
-189.9 0.0592334
-189.7 0.0606649
-189.5 0.0621202
-189.3 0.0635651
-189.1 0.064999
-188.9 0.0664537
-188.7 0.0678784
-188.5 0.0692879
-188.3 0.0707352
-188.1 0.07215
-187.9 0.0735347
-187.7 0.0749075
-187.5 0.076299
-187.3 0.0776558
-187.1 0.0790407
-186.9 0.0804128
-186.7 0.0817452
-186.5 0.0830777
-186.3 0.084397
-186.1 0.0857276
-185.9 0.0870752
-185.7 0.0884062
-185.5 0.0897323
-185.3 0.0910243
-185.1 0.0922993
-184.9 0.093566
-184.7 0.0948148
-184.5 0.0960727
-184.3 0.0973326
-184.1 0.098582
-183.9 0.0998265
-183.7 0.101086
-183.5 0.102316
-183.3 0.103508
-183.1 0.10471
-182.9 0.105923
-182.7 0.10709
-182.5 0.108283
-182.3 0.109468
-182.1 0.11063
-181.9 0.1118
-181.7 0.11298
-181.5 0.114121
-181.3 0.115266
-181.1 0.116411
-180.9 0.117527
-180.7 0.118634
-180.5 0.119732
-180.3 0.120847
-180.1 0.121915
-179.9 0.123009
-179.7 0.124088
-179.5 0.12516
-179.3 0.126214
-179.1 0.127252
-178.9 0.128312
-178.7 0.129342
-178.5 0.130373
-178.3 0.131396
-178.1 0.132421
-177.9 0.133447
-177.7 0.134447
-177.5 0.135447
-177.3 0.136464
-177.1 0.137478
-176.9 0.138504
-176.7 0.139487
-176.5 0.140499
-176.3 0.141504
-176.1 0.142527
-175.9 0.143515
-175.7 0.144504
-175.5 0.145506
-175.3 0.146486
-175.1 0.14745
-174.9 0.148408
-174.7 0.149384
-174.5 0.150362
-174.3 0.151345
-174.1 0.152314
-173.9 0.153261
-173.7 0.15424
-173.5 0.155169
-173.3 0.156117
-173.1 0.157053
-172.9 0.157993
-172.7 0.158953
-172.5 0.159868
-172.3 0.160794
-172.1 0.161731
-171.9 0.162668
-171.7 0.163609
-171.5 0.164549
-171.3 0.16548
-171.1 0.166429
-170.9 0.167369
-170.7 0.168286
-170.5 0.169234
-170.3 0.170163
-170.1 0.171063
-169.9 0.171964
-169.7 0.172881
-169.5 0.173806
-169.3 0.174735
-169.1 0.175652
-168.9 0.176575
-168.7 0.177469
-168.5 0.178352
-168.3 0.179242
-168.1 0.180146
-167.9 0.181046
-167.7 0.181947
-167.5 0.182841
-167.3 0.183707
-167.1 0.184622
-166.9 0.185523
-166.7 0.18641
-166.5 0.187322
-166.3 0.188198
-166.1 0.189086
-165.9 0.19
-165.7 0.19089
-165.5 0.191755
-165.3 0.192653
-165.1 0.193552
-164.9 0.194437
-164.7 0.195321
-164.5 0.196209
-164.3 0.197099
-164.1 0.197985
-163.9 0.198863
-163.7 0.199719
-163.5 0.200604
-163.3 0.201496
-163.1 0.202381
-162.9 0.203276
-162.7 0.204151
-162.5 0.205055
-162.3 0.20595
-162.1 0.206833
-161.9 0.20771
-161.7 0.208583
-161.5 0.209482
-161.3 0.210354
-161.1 0.211233
-160.9 0.212116
-160.7 0.213017
-160.5 0.213927
-160.3 0.214833
-160.1 0.215741
-159.9 0.216615
-159.7 0.217482
-159.5 0.218348
-159.3 0.219211
-159.1 0.220094
-158.9 0.220968
-158.7 0.221857
-158.5 0.222758
-158.3 0.223621
-158.1 0.224506
-157.9 0.225381
-157.7 0.226237
-157.5 0.227107
-157.3 0.227973
-157.1 0.228843
-156.9 0.229709
-156.7 0.23057
-156.5 0.231453
-156.3 0.232341
-156.1 0.233212
-155.9 0.234101
-155.7 0.234971
-155.5 0.235863
-155.3 0.23673
-155.1 0.237585
-154.9 0.238453
-154.7 0.239324
-154.5 0.240193
-154.3 0.241072
-154.1 0.241948
-153.9 0.242824
-153.7 0.243686
-153.5 0.244534
-153.3 0.245419
-153.1 0.246295
-152.9 0.247175
-152.7 0.248037
-152.5 0.248901
-152.3 0.249772
-152.1 0.250631
-151.9 0.251506
-151.7 0.252378
-151.5 0.253246
-151.3 0.25412
-151.1 0.254995
-150.9 0.255844
-150.7 0.256728
-150.5 0.257582
-150.3 0.258422
-150.1 0.259272
-149.9 0.260115
-149.7 0.26097
-149.5 0.26182
-149.3 0.262662
-149.1 0.263531
-148.9 0.264397
-148.7 0.265246
-148.5 0.26611
-148.3 0.266977
-148.1 0.267827
-147.9 0.268663
-147.7 0.269515
-147.5 0.270367
-147.3 0.271223
-147.1 0.272096
-146.9 0.272941
-146.7 0.273798
-146.5 0.274655
-146.3 0.27551
-146.1 0.276354
-145.9 0.277195
-145.7 0.27804
-145.5 0.278867
-145.3 0.279721
-145.1 0.280545
-144.9 0.281372
-144.7 0.282221
-144.5 0.283046
-144.3 0.283898
-144.1 0.284731
-143.9 0.285559
-143.7 0.286394
-143.5 0.287235
-143.3 0.288087
-143.1 0.288936
-142.9 0.289772
-142.7 0.290623
-142.5 0.291459
-142.3 0.292285
-142.1 0.293144
-141.9 0.293983
-141.7 0.294825
-141.5 0.295662
-141.3 0.296504
-141.1 0.297333
-140.9 0.298183
-140.7 0.299012
-140.5 0.299845
-140.3 0.300696
-140.1 0.301532
-139.9 0.302372
-139.7 0.30321
-139.5 0.304074
-139.3 0.304916
-139.1 0.30577
-138.9 0.306622
-138.7 0.307482
-138.5 0.308332
-138.3 0.309181
-138.1 0.310052
-137.9 0.310898
-137.7 0.31177
-137.5 0.312618
-137.3 0.313439
-137.1 0.314304
-136.9 0.315158
-136.7 0.316024
-136.5 0.316908
-136.3 0.317764
-136.1 0.318649
-135.9 0.319531
-135.7 0.320413
-135.5 0.321273
-135.3 0.322134
-135.1 0.323011
-134.9 0.323908
-134.7 0.324791
-134.5 0.325674
-134.3 0.326551
-134.1 0.32744
-133.9 0.328323
-133.7 0.329188
-133.5 0.330059
-133.3 0.330942
-133.1 0.331826
-132.9 0.332725
-132.7 0.333603
-132.5 0.334474
-132.3 0.335369
-132.1 0.336251
-131.9 0.337147
-131.7 0.338021
-131.5 0.338902
-131.3 0.339764
-131.1 0.340655
-130.9 0.341523
-130.7 0.342411
-130.5 0.343298
-130.3 0.344172
-130.1 0.34508
-129.9 0.345974
-129.7 0.346874
-129.5 0.347777
-129.3 0.348658
-129.1 0.349543
-128.9 0.350421
-128.7 0.35132
-128.5 0.352225
-128.3 0.3531
-128.1 0.353971
-127.9 0.354851
-127.7 0.355729
-127.5 0.356617
-127.3 0.357524
-127.1 0.358418
-126.9 0.359305
-126.7 0.360197
-126.5 0.361059
-126.3 0.361903
-126.1 0.362773
-125.9 0.363638
-125.7 0.36451
-125.5 0.365413
-125.3 0.366306
-125.1 0.367163
-124.9 0.368047
-124.7 0.368933
-124.5 0.369815
-124.3 0.370677
-124.1 0.371523
-123.9 0.372383
-123.7 0.373255
-123.5 0.374135
-123.3 0.375011
-123.1 0.375875
-122.9 0.376741
-122.7 0.377599
-122.5 0.378469
-122.3 0.379357
-122.1 0.38021
-121.9 0.381081
-121.7 0.381937
-121.5 0.382802
-121.3 0.383656
-121.1 0.384528
-120.9 0.385401
-120.7 0.386262
-120.5 0.387116
-120.3 0.38799
-120.1 0.388848
-119.9 0.389731
-119.7 0.390592
-119.5 0.391449
-119.3 0.392296
-119.1 0.393165
-118.9 0.39404
-118.7 0.394881
-118.5 0.395748
-118.3 0.39659
-118.1 0.397404
-117.9 0.398253
-117.7 0.399085
-117.5 0.399912
-117.3 0.400767
-117.1 0.401614
-116.9 0.402461
-116.7 0.403328
-116.5 0.404144
-116.3 0.404987
-116.1 0.405854
-115.9 0.406678
-115.7 0.407484
-115.5 0.408333
-115.3 0.409182
-115.1 0.410042
-114.9 0.410915
-114.7 0.411754
-114.5 0.4126
-114.3 0.413471
-114.1 0.414336
-113.9 0.415192
-113.7 0.416025
-113.5 0.416887
-113.3 0.417733
-113.1 0.418582
-112.9 0.419454
-112.7 0.420294
-112.5 0.421155
-112.3 0.422003
-112.1 0.422861
-111.9 0.423688
-111.7 0.424523
-111.5 0.425378
-111.3 0.426222
-111.1 0.427075
-110.9 0.42793
-110.7 0.428785
-110.5 0.429643
-110.3 0.430506
-110.1 0.431342
-109.9 0.432171
-109.7 0.433017
-109.5 0.433849
-109.3 0.434712
-109.1 0.43558
-108.9 0.436401
-108.7 0.437236
-108.5 0.438094
-108.3 0.438944
-108.1 0.439775
-107.9 0.440617
-107.7 0.441475
-107.5 0.44235
-107.3 0.4432
-107.1 0.444049
-106.9 0.444891
-106.7 0.445732
-106.5 0.446596
-106.3 0.447432
-106.1 0.44829
-105.9 0.449132
-105.7 0.449966
-105.5 0.450816
-105.3 0.451681
-105.1 0.452555
-104.9 0.453398
-104.7 0.454238
-104.5 0.455082
-104.3 0.455921
-104.1 0.456767
-103.9 0.457614
-103.7 0.458465
-103.5 0.459308
-103.3 0.460156
-103.1 0.461019
-102.9 0.461874
-102.7 0.462723
-102.5 0.463569
-102.3 0.464422
-102.1 0.465292
-101.9 0.466138
-101.7 0.466977
-101.5 0.467827
-101.3 0.468669
-101.1 0.469516
-100.9 0.470371
-100.7 0.471224
-100.5 0.47209
-100.3 0.472969
-100.1 0.473833
-99.9 0.474659
-99.7 0.475493
-99.5 0.47636
-99.3 0.477204
-99.1 0.478038
-98.9 0.478891
-98.7 0.479744
-98.5 0.480601
-98.3 0.481442
-98.1 0.482293
-97.9 0.483136
-97.7 0.483985
-97.5 0.484837
-97.3 0.485678
-97.1 0.486536
-96.9 0.487397
-96.7 0.488259
-96.5 0.489085
-96.3 0.48994
-96.1 0.490796
-95.9 0.491653
-95.7 0.492494
-95.5 0.49334
-95.3 0.494187
-95.1 0.495036
-94.9 0.495879
-94.7 0.496711
-94.5 0.497579
-94.3 0.498426
-94.1 0.499281
-93.9 0.500143
-93.7 0.500969
-93.5 0.501829
-93.3 0.502681
-93.1 0.503517
-92.9 0.504356
-92.7 0.505214
-92.5 0.506064
-92.3 0.506908
-92.1 0.507765
-91.9 0.508646
-91.7 0.509494
-91.5 0.510334
-91.3 0.511178
-91.1 0.51204
-90.9 0.512905
-90.7 0.513762
-90.5 0.514602
-90.3 0.515466
-90.1 0.516308
-89.9 0.517141
-89.7 0.51799
-89.5 0.518841
-89.3 0.519689
-89.1 0.520534
-88.9 0.521362
-88.7 0.522216
-88.5 0.523061
-88.3 0.52391
-88.1 0.524755
-87.9 0.525585
-87.7 0.526419
-87.5 0.52727
-87.3 0.528125
-87.1 0.528961
-86.9 0.529806
-86.7 0.530666
-86.5 0.531507
-86.3 0.532344
-86.1 0.533173
-85.9 0.534025
-85.7 0.534865
-85.5 0.535697
-85.3 0.53653
-85.1 0.537358
-84.9 0.538192
-84.7 0.539032
-84.5 0.539888
-84.3 0.540725
-84.1 0.541579
-83.9 0.54242
-83.7 0.543273
-83.5 0.544087
-83.3 0.544932
-83.1 0.545808
-82.9 0.546659
-82.7 0.547474
-82.5 0.548321
-82.3 0.54916
-82.1 0.550007
-81.9 0.55082
-81.7 0.551677
-81.5 0.55252
-81.3 0.553359
-81.1 0.554209
-80.9 0.555055
-80.7 0.555914
-80.5 0.556769
-80.3 0.557609
-80.1 0.55847
-79.9 0.55932
-79.7 0.560158
-79.5 0.560995
-79.3 0.561855
-79.1 0.562704
-78.9 0.563537
-78.7 0.564375
-78.5 0.565231
-78.3 0.566104
-78.1 0.566949
-77.9 0.567785
-77.7 0.568646
-77.5 0.56949
-77.3 0.570359
-77.1 0.571218
-76.9 0.572082
-76.7 0.572928
-76.5 0.573762
-76.3 0.574608
-76.1 0.575465
-75.9 0.576329
-75.7 0.577173
-75.5 0.578042
-75.3 0.57889
-75.1 0.579745
-74.9 0.580587
-74.7 0.58142
-74.5 0.582276
-74.3 0.58313
-74.1 0.583973
-73.9 0.584815
-73.7 0.585661
-73.5 0.586503
-73.3 0.587361
-73.1 0.588212
-72.9 0.589049
-72.7 0.589914
-72.5 0.590761
-72.3 0.591613
-72.1 0.592459
-71.9 0.593341
-71.7 0.594177
-71.5 0.59502
-71.3 0.595884
-71.1 0.59671
-70.9 0.597536
-70.7 0.598375
-70.5 0.599203
-70.3 0.60005
-70.1 0.600909
-69.9 0.601766
-69.7 0.60261
-69.5 0.60347
-69.3 0.604322
-69.1 0.605202
-68.9 0.606042
-68.7 0.606907
-68.5 0.607751
-68.3 0.608581
-68.1 0.609405
-67.9 0.610244
-67.7 0.611078
-67.5 0.611916
-67.3 0.61275
-67.1 0.61358
-66.9 0.614433
-66.7 0.61529
-66.5 0.616135
-66.3 0.617002
-66.1 0.617867
-65.9 0.618727
-65.7 0.619581
-65.5 0.620436
-65.3 0.621287
-65.1 0.622141
-64.9 0.623008
-64.7 0.62386
-64.5 0.624709
-64.3 0.625579
-64.1 0.626431
-63.9 0.627305
-63.7 0.628158
-63.5 0.628996
-63.3 0.629834
-63.1 0.630682
-62.9 0.631537
-62.7 0.632388
-62.5 0.633244
-62.3 0.634107
-62.1 0.634951
-61.9 0.635788
-61.7 0.636638
-61.5 0.637492
-61.3 0.638322
-61.1 0.639154
-60.9 0.640031
-60.7 0.640892
-60.5 0.641768
-60.3 0.642619
-60.1 0.643456
-59.9 0.644324
-59.7 0.645161
-59.5 0.645994
-59.3 0.64685
-59.1 0.647716
-58.9 0.648573
-58.7 0.649441
-58.5 0.650319
-58.3 0.651174
-58.1 0.652034
-57.9 0.652891
-57.7 0.653759
-57.5 0.654617
-57.3 0.655467
-57.1 0.656331
-56.9 0.657194
-56.7 0.658051
-56.5 0.658884
-56.3 0.659745
-56.1 0.660602
-55.9 0.661456
-55.7 0.66231
-55.5 0.663171
-55.3 0.664006
-55.1 0.664861
-54.9 0.665724
-54.7 0.66656
-54.5 0.667411
-54.3 0.668254
-54.1 0.669085
-53.9 0.669897
-53.7 0.67073
-53.5 0.671565
-53.3 0.672408
-53.1 0.673278
-52.9 0.67412
-52.7 0.674973
-52.5 0.67583
-52.3 0.67666
-52.1 0.677509
-51.9 0.678345
-51.7 0.679195
-51.5 0.680033
-51.3 0.680874
-51.1 0.681713
-50.9 0.682561
-50.7 0.683425
-50.5 0.684268
-50.3 0.685072
-50.1 0.685921
-49.9 0.686785
-49.7 0.687629
-49.5 0.688501
-49.3 0.68936
-49.1 0.690227
-48.9 0.691071
-48.7 0.691912
-48.5 0.692775
-48.3 0.693605
-48.1 0.694437
-47.9 0.695295
-47.7 0.696153
-47.5 0.697001
-47.3 0.69785
-47.1 0.698699
-46.9 0.699551
-46.7 0.700388
-46.5 0.701236
-46.3 0.702097
-46.1 0.702935
-45.9 0.703791
-45.7 0.704653
-45.5 0.705501
-45.3 0.706364
-45.1 0.7072
-44.9 0.708044
-44.7 0.708909
-44.5 0.709777
-44.3 0.710628
-44.1 0.711477
-43.9 0.712327
-43.7 0.713172
-43.5 0.714039
-43.3 0.714888
-43.1 0.715758
-42.9 0.716595
-42.7 0.717454
-42.5 0.718313
-42.3 0.719128
-42.1 0.719977
-41.9 0.72083
-41.7 0.721688
-41.5 0.722518
-41.3 0.723366
-41.1 0.724198
-40.9 0.725051
-40.7 0.725892
-40.5 0.726732
-40.3 0.727589
-40.1 0.728438
-39.9 0.72928
-39.7 0.730133
-39.5 0.730962
-39.3 0.731809
-39.1 0.732647
-38.9 0.73348
-38.7 0.734331
-38.5 0.735183
-38.3 0.736033
-38.1 0.73688
-37.9 0.737738
-37.7 0.738586
-37.5 0.739442
-37.3 0.740296
-37.1 0.741133
-36.9 0.741968
-36.7 0.7428
-36.5 0.743642
-36.3 0.744485
-36.1 0.745315
-35.9 0.746166
-35.7 0.747001
-35.5 0.747851
-35.3 0.748698
-35.1 0.749545
-34.9 0.750399
-34.7 0.751228
-34.5 0.752071
-34.3 0.752931
-34.1 0.753772
-33.9 0.754619
-33.7 0.755445
-33.5 0.75628
-33.3 0.757141
-33.1 0.757988
-32.9 0.758822
-32.7 0.759654
-32.5 0.760523
-32.3 0.761364
-32.1 0.762197
-31.9 0.763044
-31.7 0.763908
-31.5 0.764734
-31.3 0.765564
-31.1 0.76642
-30.9 0.767257
-30.7 0.768118
-30.5 0.768969
-30.3 0.769792
-30.1 0.770615
-29.9 0.771458
-29.7 0.772326
-29.5 0.773154
-29.3 0.773995
-29.1 0.774823
-28.9 0.775672
-28.7 0.776514
-28.5 0.777357
-28.3 0.778201
-28.1 0.779037
-27.9 0.779887
-27.7 0.780745
-27.5 0.781586
-27.3 0.782436
-27.1 0.783298
-26.9 0.784142
-26.7 0.784991
-26.5 0.785831
-26.3 0.786645
-26.1 0.787493
-25.9 0.788332
-25.7 0.789165
-25.5 0.789983
-25.3 0.790815
-25.1 0.791637
-24.9 0.79248
-24.7 0.793317
-24.5 0.794171
-24.3 0.795009
-24.1 0.795844
-23.9 0.796669
-23.7 0.797531
-23.5 0.798366
-23.3 0.799222
-23.1 0.80006
-22.9 0.800914
-22.7 0.801777
-22.5 0.802604
-22.3 0.803458
-22.1 0.804299
-21.9 0.805134
-21.7 0.805977
-21.5 0.8068
-21.3 0.807665
-21.1 0.808511
-20.9 0.809379
-20.7 0.810231
-20.5 0.81107
-20.3 0.811918
-20.1 0.812778
-19.9 0.813622
-19.7 0.814469
-19.5 0.815305
-19.3 0.816137
-19.1 0.816988
-18.9 0.817823
-18.7 0.818673
-18.5 0.819494
-18.3 0.820329
-18.1 0.821181
-17.9 0.822029
-17.7 0.822873
-17.5 0.823686
-17.3 0.824531
-17.1 0.82537
-16.9 0.826237
-16.7 0.827076
-16.5 0.827916
-16.3 0.82874
-16.1 0.829581
-15.9 0.830431
-15.7 0.83128
-15.5 0.832119
-15.3 0.832955
-15.1 0.833802
-14.9 0.834636
-14.7 0.835488
-14.5 0.836337
-14.3 0.837194
-14.1 0.838041
-13.9 0.838901
-13.7 0.83977
-13.5 0.8406
-13.3 0.841465
-13.1 0.842303
-12.9 0.843134
-12.7 0.843979
-12.5 0.844835
-12.3 0.845652
-12.1 0.846483
-11.9 0.847328
-11.7 0.848181
-11.5 0.849036
-11.3 0.849855
-11.1 0.850699
-10.9 0.851557
-10.7 0.852398
-10.5 0.853238
-10.3 0.854099
-10.1 0.854928
-9.9 0.855772
-9.7 0.856612
-9.5 0.857438
-9.3 0.858276
-9.1 0.859132
-8.9 0.859976
-8.7 0.860827
-8.5 0.861676
-8.3 0.862533
-8.1 0.863387
-7.9 0.864275
-7.7 0.865105
-7.5 0.865967
-7.3 0.866795
-7.1 0.867646
-6.9 0.86849
-6.7 0.869336
-6.5 0.870176
-6.3 0.871018
-6.1 0.87186
-5.9 0.872715
-5.7 0.873566
-5.5 0.874434
-5.3 0.87529
-5.1 0.876136
-4.9 0.876975
-4.7 0.877825
-4.5 0.878676
-4.3 0.879512
-4.1 0.880362
-3.9 0.881199
-3.7 0.882052
-3.5 0.882916
-3.3 0.883747
-3.1 0.884596
-2.9 0.885434
-2.7 0.886258
-2.5 0.88711
-2.3 0.88795
-2.1 0.888814
-1.9 0.889666
-1.7 0.890514
-1.5 0.891338
-1.3 0.892182
-1.1 0.893015
-0.899999 0.893851
-0.699999 0.894692
-0.499999 0.895547
-0.299999 0.896401
-0.0999994 0.897231
0.100001 0.898064
0.300001 0.8989
0.500001 0.89973
0.700001 0.900577
0.900001 0.901409
1.1 0.902259
1.3 0.903086
1.5 0.903938
1.7 0.904795
1.9 0.905637
2.1 0.906483
2.3 0.907285
2.5 0.908128
2.7 0.908958
2.9 0.909808
3.1 0.910643
3.3 0.911496
3.5 0.91232
3.7 0.913153
3.9 0.913992
4.1 0.914819
4.3 0.915653
4.5 0.916492
4.7 0.917359
4.9 0.918218
5.1 0.919039
5.3 0.919877
5.5 0.920717
5.7 0.921539
5.9 0.922345
6.1 0.923179
6.3 0.924012
6.5 0.924841
6.7 0.925674
6.9 0.926486
7.1 0.927329
7.3 0.928181
7.5 0.929017
7.7 0.929853
7.9 0.930712
8.1 0.931527
8.3 0.93237
8.5 0.933215
8.7 0.934052
8.9 0.934896
9.1 0.935723
9.3 0.936544
9.5 0.937379
9.7 0.938195
9.9 0.939016
10.1 0.939855
10.3 0.940689
10.5 0.941525
10.7 0.942348
10.9 0.943189
11.1 0.943986
11.3 0.944813
11.5 0.945635
11.7 0.946476
11.9 0.947307
12.1 0.948119
12.3 0.948933
12.5 0.949754
12.7 0.950576
12.9 0.951386
13.1 0.952186
13.3 0.953016
13.5 0.953803
13.7 0.954597
13.9 0.955366
14.1 0.956164
14.3 0.956951
14.5 0.957721
14.7 0.95851
14.9 0.959272
15.1 0.960027
15.3 0.960798
15.5 0.961567
15.7 0.962322
15.9 0.963047
16.1 0.963763
16.3 0.964494
16.5 0.965216
16.7 0.965945
16.9 0.966651
17.1 0.96736
17.3 0.968059
17.5 0.968781
17.7 0.969465
17.9 0.970139
18.1 0.970803
18.3 0.97148
18.5 0.972132
18.7 0.972792
18.9 0.973428
19.1 0.974048
19.3 0.974665
19.5 0.975286
19.7 0.975894
19.9 0.976501
20.1 0.977112
20.3 0.977699
20.5 0.978275
20.7 0.978849
20.9 0.979404
21.1 0.979947
21.3 0.980483
21.5 0.98102
21.7 0.981549
21.9 0.982055
22.1 0.982553
22.3 0.98305
22.5 0.983541
22.7 0.984021
22.9 0.984511
23.1 0.984972
23.3 0.985436
23.5 0.985902
23.7 0.98633
23.9 0.986749
24.1 0.987174
24.3 0.987591
24.5 0.987999
24.7 0.988393
24.9 0.988778
25.1 0.989168
25.3 0.989554
25.5 0.989909
25.7 0.990275
25.9 0.990627
26.1 0.990969
26.3 0.991314
26.5 0.991643
26.7 0.991966
26.9 0.992285
27.1 0.992582
27.3 0.992873
27.5 0.993134
27.7 0.993401
27.9 0.993671
28.1 0.993927
28.3 0.99419
28.5 0.994432
28.7 0.994667
28.9 0.994887
29.1 0.995113
29.3 0.995331
29.5 0.995533
29.7 0.995729
29.9 0.995922
30.1 0.996109
30.3 0.996284
30.5 0.996463
30.7 0.996623
30.9 0.996788
31.1 0.996946
31.3 0.997087
31.5 0.997233
31.7 0.997366
31.9 0.997502
32.1 0.997624
32.3 0.997738
32.5 0.997861
32.7 0.997971
32.9 0.998074
33.1 0.998173
33.3 0.998276
33.5 0.998367
33.7 0.998452
33.9 0.998534
34.1 0.998616
34.3 0.998696
34.5 0.998766
34.7 0.998828
34.9 0.998896
35.1 0.998957
35.3 0.999015
35.5 0.999075
35.7 0.999134
35.9 0.999181
36.1 0.999233
36.3 0.999275
36.5 0.999317
36.7 0.999358
36.9 0.999392
37.1 0.999426
37.3 0.999463
37.5 0.999496
37.7 0.999525
37.9 0.999548
38.1 0.999573
38.3 0.999597
38.5 0.999622
38.7 0.999646
38.9 0.999666
39.1 0.999684
39.3 0.9997
39.5 0.999714
39.7 0.999729
39.9 0.999741
40.1 0.999756
40.3 0.999768
40.5 0.999778
40.7 0.999789
40.9 0.999801
41.1 0.999811
41.3 0.99982
41.5 0.999827
41.7 0.999837
41.9 0.999845
42.1 0.99985
42.3 0.999858
42.5 0.999865
42.7 0.999871
42.9 0.999878
43.1 0.999882
43.3 0.999888
43.5 0.999892
43.7 0.999897
43.9 0.999902
44.1 0.999906
44.3 0.99991
44.5 0.999915
44.7 0.999919
44.9 0.999923
45.1 0.999927
45.3 0.999931
45.5 0.999935
45.7 0.999939
45.9 0.999941
46.1 0.999944
46.3 0.999946
46.5 0.999949
46.7 0.999952
46.9 0.999955
47.1 0.999956
47.3 0.99996
47.5 0.999963
47.7 0.999966
47.9 0.999968
48.1 0.999972
48.3 0.999974
48.5 0.999977
48.7 0.99998
48.9 0.999983
49.1 0.999987
49.3 0.999989
49.5 0.99999
49.7 0.999994
49.9 0.999997
50.1 1
