1300
-209.7 5.22165e-07
-209.5 5.22165e-07
-209.3 8.70276e-07
-209.1 8.70276e-07
-208.9 8.70276e-07
-208.7 1.04433e-06
-208.5 1.39244e-06
-208.3 1.39244e-06
-208.1 2.08866e-06
-207.9 2.43677e-06
-207.7 2.61083e-06
-207.5 2.61083e-06
-207.3 2.78488e-06
-207.1 2.95894e-06
-206.9 3.4811e-06
-206.7 3.82921e-06
-206.5 3.82921e-06
-206.3 4.52543e-06
-206.1 4.87354e-06
-205.9 4.87354e-06
-205.7 5.0476e-06
-205.5 5.74382e-06
-205.3 5.74382e-06
-205.1 5.74382e-06
-204.9 6.09193e-06
-204.7 6.09193e-06
-204.5 6.61409e-06
-204.3 7.13626e-06
-204.1 7.31031e-06
-203.9 7.65842e-06
-203.7 7.83248e-06
-203.5 8.00653e-06
-203.3 8.18059e-06
-203.1 8.70276e-06
-202.9 9.39898e-06
-202.7 9.39898e-06
-202.5 9.39898e-06
-202.3 9.57303e-06
-202.1 1.00952e-05
-201.9 1.00952e-05
-201.7 1.02693e-05
-201.5 1.09655e-05
-201.3 1.11395e-05
-201.1 1.11395e-05
-200.9 1.14876e-05
-200.7 1.20098e-05
-200.5 1.21839e-05
-200.3 1.30541e-05
-200.1 1.30541e-05
-199.9 1.32282e-05
-199.7 1.37504e-05
-199.5 1.40985e-05
-199.3 1.46206e-05
-199.1 1.61871e-05
-198.9 2.00163e-05
-198.7 2.50639e-05
-198.5 3.75959e-05
-198.3 5.58717e-05
-198.1 9.03346e-05
-197.9 0.00014377
-197.7 0.000217569
-197.5 0.000330531
-197.3 0.000488921
-197.1 0.000689606
-196.9 0.000948252
-196.7 0.00128313
-196.5 0.00166606
-196.3 0.00211251
-196.1 0.00265016
-195.9 0.00328042
-195.7 0.00399439
-195.5 0.00481628
-195.3 0.00577811
-195.1 0.00686595
-194.9 0.00807233
-194.7 0.009372
-194.5 0.0108301
-194.3 0.01238
-194.1 0.0140461
-193.9 0.0157563
-193.7 0.0175225
-193.5 0.0193466
-193.3 0.0211656
-193.1 0.0229901
-192.9 0.0248201
-192.7 0.0266337
-192.5 0.0284317
-192.3 0.0302094
-192.1 0.031992
-191.9 0.0337502
-191.7 0.035474
-191.5 0.0371808
-191.3 0.0388721
-191.1 0.0405695
-190.9 0.0421986
-190.7 0.0438326
-190.5 0.0454263
-190.3 0.047014
-190.1 0.0486073
-189.9 0.0501783
-189.7 0.0517274
-189.5 0.0532666
-189.3 0.0547797
-189.1 0.0562583
-188.9 0.0577503
-188.7 0.0592264
-188.5 0.0607118
-188.3 0.0621648
-188.1 0.0636057
-187.9 0.0650273
-187.7 0.0664549
-187.5 0.067862
-187.3 0.0692689
-187.1 0.0706613
-186.9 0.0720705
-186.7 0.0734645
-186.5 0.0748186
-186.3 0.0762079
-186.1 0.0775657
-185.9 0.0789232
-185.7 0.0802862
-185.5 0.0816496
-185.3 0.0829806
-185.1 0.0842853
-184.9 0.0856055
-184.7 0.0869149
-184.5 0.0882306
-184.3 0.0895373
-184.1 0.0908409
-183.9 0.0921657
-183.7 0.0934504
-183.5 0.0947464
-183.3 0.0960222
-183.1 0.0972994
-182.9 0.0985427
-182.7 0.0998025
-182.5 0.10107
-182.3 0.102312
-182.1 0.10357
-181.9 0.104801
-181.7 0.106012
-181.5 0.107208
-181.3 0.10841
-181.1 0.109601
-180.9 0.110818
-180.7 0.112001
-180.5 0.113171
-180.3 0.114342
-180.1 0.115483
-179.9 0.116631
-179.7 0.117768
-179.5 0.118921
-179.3 0.120039
-179.1 0.121155
-178.9 0.122275
-178.7 0.123373
-178.5 0.124491
-178.3 0.12558
-178.1 0.126657
-177.9 0.12776
-177.7 0.128844
-177.5 0.129937
-177.3 0.130986
-177.1 0.132035
-176.9 0.133068
-176.7 0.134098
-176.5 0.135137
-176.3 0.136189
-176.1 0.137226
-175.9 0.138253
-175.7 0.139277
-175.5 0.140279
-175.3 0.141292
-175.1 0.14232
-174.9 0.143319
-174.7 0.144349
-174.5 0.145339
-174.3 0.146354
-174.1 0.147354
-173.9 0.148333
-173.7 0.149309
-173.5 0.150302
-173.3 0.151293
-173.1 0.15227
-172.9 0.153238
-172.7 0.154207
-172.5 0.155188
-172.3 0.156181
-172.1 0.157137
-171.9 0.158112
-171.7 0.159089
-171.5 0.160032
-171.3 0.16097
-171.1 0.161935
-170.9 0.162851
-170.7 0.163789
-170.5 0.164748
-170.3 0.165702
-170.1 0.166626
-169.9 0.167562
-169.7 0.168504
-169.5 0.169449
-169.3 0.170389
-169.1 0.171336
-168.9 0.172258
-168.7 0.173207
-168.5 0.174116
-168.3 0.175047
-168.1 0.175973
-167.9 0.176901
-167.7 0.177828
-167.5 0.178762
-167.3 0.179668
-167.1 0.18061
-166.9 0.181525
-166.7 0.182426
-166.5 0.183337
-166.3 0.184269
-166.1 0.185185
-165.9 0.186093
-165.7 0.187001
-165.5 0.1879
-165.3 0.188818
-165.1 0.189732
-164.9 0.190641
-164.7 0.191527
-164.5 0.192434
-164.3 0.193357
-164.1 0.19426
-163.9 0.195145
-163.7 0.196036
-163.5 0.196945
-163.3 0.197844
-163.1 0.198749
-162.9 0.199643
-162.7 0.200537
-162.5 0.201421
-162.3 0.202315
-162.1 0.203215
-161.9 0.204089
-161.7 0.204984
-161.5 0.20588
-161.3 0.206759
-161.1 0.207661
-160.9 0.208543
-160.7 0.209432
-160.5 0.210343
-160.3 0.211229
-160.1 0.21213
-159.9 0.213038
-159.7 0.213929
-159.5 0.214822
-159.3 0.21571
-159.1 0.216617
-158.9 0.217492
-158.7 0.218353
-158.5 0.219268
-158.3 0.220158
-158.1 0.22104
-157.9 0.22192
-157.7 0.222807
-157.5 0.223688
-157.3 0.224577
-157.1 0.225458
-156.9 0.226341
-156.7 0.227258
-156.5 0.228131
-156.3 0.22901
-156.1 0.229885
-155.9 0.230778
-155.7 0.231653
-155.5 0.232568
-155.3 0.233465
-155.1 0.234346
-154.9 0.235219
-154.7 0.236097
-154.5 0.236977
-154.3 0.237848
-154.1 0.238739
-153.9 0.239619
-153.7 0.240523
-153.5 0.241396
-153.3 0.242281
-153.1 0.243136
-152.9 0.244009
-152.7 0.244873
-152.5 0.245766
-152.3 0.246647
-152.1 0.247527
-151.9 0.248422
-151.7 0.249304
-151.5 0.250205
-151.3 0.251093
-151.1 0.251972
-150.9 0.252832
-150.7 0.253694
-150.5 0.254557
-150.3 0.255428
-150.1 0.25631
-149.9 0.257185
-149.7 0.258067
-149.5 0.258935
-149.3 0.259824
-149.1 0.260681
-148.9 0.261576
-148.7 0.26245
-148.5 0.263303
-148.3 0.264175
-148.1 0.26504
-147.9 0.265926
-147.7 0.266779
-147.5 0.267645
-147.3 0.268488
-147.1 0.269351
-146.9 0.270214
-146.7 0.271061
-146.5 0.271909
-146.3 0.272767
-146.1 0.273635
-145.9 0.274496
-145.7 0.275335
-145.5 0.276188
-145.3 0.277048
-145.1 0.277892
-144.9 0.278738
-144.7 0.279602
-144.5 0.280454
-144.3 0.281303
-144.1 0.282135
-143.9 0.283014
-143.7 0.283881
-143.5 0.284733
-143.3 0.285586
-143.1 0.286439
-142.9 0.28728
-142.7 0.288131
-142.5 0.288968
-142.3 0.289827
-142.1 0.29066
-141.9 0.291493
-141.7 0.292359
-141.5 0.293174
-141.3 0.294006
-141.1 0.294835
-140.9 0.295673
-140.7 0.29651
-140.5 0.297357
-140.3 0.298177
-140.1 0.299035
-139.9 0.299893
-139.7 0.300729
-139.5 0.301585
-139.3 0.30242
-139.1 0.30325
-138.9 0.304083
-138.7 0.304928
-138.5 0.305785
-138.3 0.306638
-138.1 0.307494
-137.9 0.308325
-137.7 0.309184
-137.5 0.310028
-137.3 0.31088
-137.1 0.311738
-136.9 0.312605
-136.7 0.313472
-136.5 0.314339
-136.3 0.31522
-136.1 0.316082
-135.9 0.316954
-135.7 0.317811
-135.5 0.318671
-135.3 0.319553
-135.1 0.320443
-134.9 0.321327
-134.7 0.322205
-134.5 0.323075
-134.3 0.323934
-134.1 0.324809
-133.9 0.325726
-133.7 0.326607
-133.5 0.327492
-133.3 0.328349
-133.1 0.329226
-132.9 0.330109
-132.7 0.33101
-132.5 0.331887
-132.3 0.332775
-132.1 0.33367
-131.9 0.334577
-131.7 0.335465
-131.5 0.336345
-131.3 0.337259
-131.1 0.338169
-130.9 0.339031
-130.7 0.339941
-130.5 0.340824
-130.3 0.341707
-130.1 0.342607
-129.9 0.343491
-129.7 0.344396
-129.5 0.34528
-129.3 0.346167
-129.1 0.347071
-128.9 0.34798
-128.7 0.348897
-128.5 0.3498
-128.3 0.350686
-128.1 0.351601
-127.9 0.352495
-127.7 0.353397
-127.5 0.354297
-127.3 0.355197
-127.1 0.356071
-126.9 0.356965
-126.7 0.357851
-126.5 0.358752
-126.3 0.359657
-126.1 0.360534
-125.9 0.361416
-125.7 0.362315
-125.5 0.363186
-125.3 0.364056
-125.1 0.364951
-124.9 0.365843
-124.7 0.366707
-124.5 0.367597
-124.3 0.368468
-124.1 0.369349
-123.9 0.370226
-123.7 0.371079
-123.5 0.371958
-123.3 0.372842
-123.1 0.373705
-122.9 0.374595
-122.7 0.375479
-122.5 0.376371
-122.3 0.377226
-122.1 0.378105
-121.9 0.37898
-121.7 0.379848
-121.5 0.38073
-121.3 0.381625
-121.1 0.382524
-120.9 0.383387
-120.7 0.384261
-120.5 0.385119
-120.3 0.385996
-120.1 0.38688
-119.9 0.387769
-119.7 0.388628
-119.5 0.389506
-119.3 0.390383
-119.1 0.391252
-118.9 0.392149
-118.7 0.393002
-118.5 0.393864
-118.3 0.394716
-118.1 0.395577
-117.9 0.396437
-117.7 0.397283
-117.5 0.398146
-117.3 0.399011
-117.1 0.399873
-116.9 0.400743
-116.7 0.401615
-116.5 0.402468
-116.3 0.40335
-116.1 0.404225
-115.9 0.405075
-115.7 0.405962
-115.5 0.40682
-115.3 0.407679
-115.1 0.408533
-114.9 0.409403
-114.7 0.410255
-114.5 0.411117
-114.3 0.411972
-114.1 0.412828
-113.9 0.41368
-113.7 0.414542
-113.5 0.415421
-113.3 0.416295
-113.1 0.417155
-112.9 0.418014
-112.7 0.418857
-112.5 0.419731
-112.3 0.420616
-112.1 0.421465
-111.9 0.422321
-111.7 0.423185
-111.5 0.424043
-111.3 0.424891
-111.1 0.425754
-110.9 0.426623
-110.7 0.427474
-110.5 0.428345
-110.3 0.429206
-110.1 0.430052
-109.9 0.43091
-109.7 0.431764
-109.5 0.432618
-109.3 0.433481
-109.1 0.434341
-108.9 0.435199
-108.7 0.436046
-108.5 0.436896
-108.3 0.437756
-108.1 0.438587
-107.9 0.439449
-107.7 0.440321
-107.5 0.441145
-107.3 0.442011
-107.1 0.442885
-106.9 0.443727
-106.7 0.444595
-106.5 0.445447
-106.3 0.446306
-106.1 0.447158
-105.9 0.447998
-105.7 0.448828
-105.5 0.449681
-105.3 0.450536
-105.1 0.451374
-104.9 0.452219
-104.7 0.453066
-104.5 0.453925
-104.3 0.454776
-104.1 0.455632
-103.9 0.45647
-103.7 0.457296
-103.5 0.458149
-103.3 0.45901
-103.1 0.459857
-102.9 0.460716
-102.7 0.461578
-102.5 0.462439
-102.3 0.463291
-102.1 0.464121
-101.9 0.464949
-101.7 0.465801
-101.5 0.46663
-101.3 0.467498
-101.1 0.468336
-100.9 0.469199
-100.7 0.470035
-100.5 0.470893
-100.3 0.471739
-100.1 0.472625
-99.9 0.47348
-99.7 0.474336
-99.5 0.475184
-99.3 0.476037
-99.1 0.476901
-98.9 0.477743
-98.7 0.478584
-98.5 0.479453
-98.3 0.480317
-98.1 0.481175
-97.9 0.482021
-97.7 0.482862
-97.5 0.483727
-97.3 0.484575
-97.1 0.485426
-96.9 0.486276
-96.7 0.48713
-96.5 0.487967
-96.3 0.488849
-96.1 0.489717
-95.9 0.490578
-95.7 0.49143
-95.5 0.492276
-95.3 0.493129
-95.1 0.493988
-94.9 0.494854
-94.7 0.495711
-94.5 0.496567
-94.3 0.497434
-94.1 0.498305
-93.9 0.499177
-93.7 0.500039
-93.5 0.500929
-93.3 0.501798
-93.1 0.502646
-92.9 0.503513
-92.7 0.504374
-92.5 0.50523
-92.3 0.506087
-92.1 0.506961
-91.9 0.507801
-91.7 0.508668
-91.5 0.509561
-91.3 0.510432
-91.1 0.511292
-90.9 0.512158
-90.7 0.513031
-90.5 0.513879
-90.3 0.51477
-90.1 0.515609
-89.9 0.516491
-89.7 0.51735
-89.5 0.51818
-89.3 0.519032
-89.1 0.519915
-88.9 0.520788
-88.7 0.521638
-88.5 0.522506
-88.3 0.523381
-88.1 0.524261
-87.9 0.525135
-87.7 0.526004
-87.5 0.526883
-87.3 0.527738
-87.1 0.528575
-86.9 0.529447
-86.7 0.530298
-86.5 0.531163
-86.3 0.532024
-86.1 0.532872
-85.9 0.533732
-85.7 0.534578
-85.5 0.535422
-85.3 0.536274
-85.1 0.537136
-84.9 0.537981
-84.7 0.538835
-84.5 0.539679
-84.3 0.540531
-84.1 0.541391
-83.9 0.54224
-83.7 0.543112
-83.5 0.543968
-83.3 0.544824
-83.1 0.545691
-82.9 0.546542
-82.7 0.547391
-82.5 0.548251
-82.3 0.549086
-82.1 0.549936
-81.9 0.550797
-81.7 0.551655
-81.5 0.552516
-81.3 0.553379
-81.1 0.554249
-80.9 0.555107
-80.7 0.55596
-80.5 0.556806
-80.3 0.557656
-80.1 0.558494
-79.9 0.559345
-79.7 0.560186
-79.5 0.561013
-79.3 0.561865
-79.1 0.562715
-78.9 0.563579
-78.7 0.564425
-78.5 0.565301
-78.3 0.566144
-78.1 0.566988
-77.9 0.567832
-77.7 0.568685
-77.5 0.569527
-77.3 0.570369
-77.1 0.571225
-76.9 0.572083
-76.7 0.572924
-76.5 0.573791
-76.3 0.574631
-76.1 0.575472
-75.9 0.576312
-75.7 0.577167
-75.5 0.578035
-75.3 0.578891
-75.1 0.57974
-74.9 0.580583
-74.7 0.581455
-74.5 0.5823
-74.3 0.583157
-74.1 0.584017
-73.9 0.584868
-73.7 0.585711
-73.5 0.586553
-73.3 0.587415
-73.1 0.588246
-72.9 0.5891
-72.7 0.589961
-72.5 0.590811
-72.3 0.591669
-72.1 0.592516
-71.9 0.593385
-71.7 0.594251
-71.5 0.595109
-71.3 0.595975
-71.1 0.596856
-70.9 0.597707
-70.7 0.598559
-70.5 0.599411
-70.3 0.600293
-70.1 0.601152
-69.9 0.602014
-69.7 0.602862
-69.5 0.603731
-69.3 0.604593
-69.1 0.605455
-68.9 0.606312
-68.7 0.60718
-68.5 0.608034
-68.3 0.6089
-68.1 0.609748
-67.9 0.610591
-67.7 0.611453
-67.5 0.612302
-67.3 0.613157
-67.1 0.614006
-66.9 0.614865
-66.7 0.615718
-66.5 0.616555
-66.3 0.617416
-66.1 0.618279
-65.9 0.619137
-65.7 0.62
-65.5 0.620879
-65.3 0.621743
-65.1 0.622606
-64.9 0.62345
-64.7 0.624315
-64.5 0.625164
-64.3 0.626023
-64.1 0.626894
-63.9 0.627749
-63.7 0.628605
-63.5 0.629466
-63.3 0.630298
-63.1 0.631125
-62.9 0.631972
-62.7 0.632825
-62.5 0.633672
-62.3 0.634538
-62.1 0.635387
-61.9 0.636247
-61.7 0.637101
-61.5 0.637943
-61.3 0.638793
-61.1 0.639642
-60.9 0.640495
-60.7 0.64134
-60.5 0.642195
-60.3 0.643034
-60.1 0.643881
-59.9 0.644746
-59.7 0.645617
-59.5 0.646464
-59.3 0.647296
-59.1 0.648135
-58.9 0.648989
-58.7 0.649847
-58.5 0.650708
-58.3 0.651564
-58.1 0.652422
-57.9 0.653283
-57.7 0.654146
-57.5 0.655011
-57.3 0.655855
-57.1 0.656699
-56.9 0.657549
-56.7 0.658413
-56.5 0.659276
-56.3 0.660129
-56.1 0.660973
-55.9 0.661814
-55.7 0.662679
-55.5 0.663559
-55.3 0.664417
-55.1 0.665279
-54.9 0.66614
-54.7 0.666971
-54.5 0.667798
-54.3 0.668667
-54.1 0.669506
-53.9 0.670356
-53.7 0.671218
-53.5 0.672096
-53.3 0.672954
-53.1 0.673815
-52.9 0.674687
-52.7 0.675537
-52.5 0.67641
-52.3 0.677235
-52.1 0.678106
-51.9 0.678959
-51.7 0.679825
-51.5 0.680676
-51.3 0.68154
-51.1 0.682401
-50.9 0.683263
-50.7 0.684112
-50.5 0.684972
-50.3 0.685819
-50.1 0.686689
-49.9 0.687566
-49.7 0.688434
-49.5 0.689289
-49.3 0.69015
-49.1 0.691
-48.9 0.691845
-48.7 0.6927
-48.5 0.693565
-48.3 0.694427
-48.1 0.695288
-47.9 0.696161
-47.7 0.69701
-47.5 0.697877
-47.3 0.698742
-47.1 0.699616
-46.9 0.700461
-46.7 0.701314
-46.5 0.702182
-46.3 0.703046
-46.1 0.703904
-45.9 0.704771
-45.7 0.705597
-45.5 0.70648
-45.3 0.707332
-45.1 0.708208
-44.9 0.709078
-44.7 0.709926
-44.5 0.710789
-44.3 0.71162
-44.1 0.712472
-43.9 0.713322
-43.7 0.714178
-43.5 0.715042
-43.3 0.715904
-43.1 0.716794
-42.9 0.717646
-42.7 0.71851
-42.5 0.719375
-42.3 0.720228
-42.1 0.721089
-41.9 0.721961
-41.7 0.722803
-41.5 0.723645
-41.3 0.724514
-41.1 0.725371
-40.9 0.726202
-40.7 0.727061
-40.5 0.727909
-40.3 0.728753
-40.1 0.729605
-39.9 0.730466
-39.7 0.731315
-39.5 0.732169
-39.3 0.733025
-39.1 0.733904
-38.9 0.734764
-38.7 0.735605
-38.5 0.736467
-38.3 0.737323
-38.1 0.738174
-37.9 0.739033
-37.7 0.739888
-37.5 0.740745
-37.3 0.741614
-37.1 0.742471
-36.9 0.74335
-36.7 0.744198
-36.5 0.74504
-36.3 0.745898
-36.1 0.746752
-35.9 0.747608
-35.7 0.748452
-35.5 0.749318
-35.3 0.750172
-35.1 0.751035
-34.9 0.751871
-34.7 0.752724
-34.5 0.753567
-34.3 0.754431
-34.1 0.755267
-33.9 0.756116
-33.7 0.756974
-33.5 0.757834
-33.3 0.758694
-33.1 0.759555
-32.9 0.760403
-32.7 0.761272
-32.5 0.762125
-32.3 0.762971
-32.1 0.763825
-31.9 0.764662
-31.7 0.765509
-31.5 0.766375
-31.3 0.767235
-31.1 0.768098
-30.9 0.768953
-30.7 0.76978
-30.5 0.770634
-30.3 0.771478
-30.1 0.772325
-29.9 0.773146
-29.7 0.773977
-29.5 0.774815
-29.3 0.775655
-29.1 0.7765
-28.9 0.777359
-28.7 0.778199
-28.5 0.779026
-28.3 0.779874
-28.1 0.780745
-27.9 0.78162
-27.7 0.782456
-27.5 0.783307
-27.3 0.78415
-27.1 0.785021
-26.9 0.785877
-26.7 0.78673
-26.5 0.787564
-26.3 0.788416
-26.1 0.789256
-25.9 0.790112
-25.7 0.790939
-25.5 0.791772
-25.3 0.79262
-25.1 0.793455
-24.9 0.794307
-24.7 0.795165
-24.5 0.796026
-24.3 0.796862
-24.1 0.797719
-23.9 0.798563
-23.7 0.799404
-23.5 0.800226
-23.3 0.801058
-23.1 0.801907
-22.9 0.802752
-22.7 0.803619
-22.5 0.804468
-22.3 0.805306
-22.1 0.806137
-21.9 0.806981
-21.7 0.807811
-21.5 0.808628
-21.3 0.809447
-21.1 0.810289
-20.9 0.811163
-20.7 0.812002
-20.5 0.81286
-20.3 0.813708
-20.1 0.814538
-19.9 0.815367
-19.7 0.816202
-19.5 0.817051
-19.3 0.8179
-19.1 0.818745
-18.9 0.8196
-18.7 0.820435
-18.5 0.821287
-18.3 0.822144
-18.1 0.822954
-17.9 0.823819
-17.7 0.824698
-17.5 0.825556
-17.3 0.826395
-17.1 0.827242
-16.9 0.828079
-16.7 0.828921
-16.5 0.829768
-16.3 0.830589
-16.1 0.831444
-15.9 0.832301
-15.7 0.833151
-15.5 0.833997
-15.3 0.834844
-15.1 0.835693
-14.9 0.836548
-14.7 0.837394
-14.5 0.838263
-14.3 0.839128
-14.1 0.839972
-13.9 0.84084
-13.7 0.84166
-13.5 0.842504
-13.3 0.843359
-13.1 0.844221
-12.9 0.845092
-12.7 0.845957
-12.5 0.846805
-12.3 0.847658
-12.1 0.848515
-11.9 0.849378
-11.7 0.850234
-11.5 0.85109
-11.3 0.851952
-11.1 0.852809
-10.9 0.853673
-10.7 0.854512
-10.5 0.855367
-10.3 0.856207
-10.1 0.857055
-9.9 0.857919
-9.7 0.858771
-9.5 0.859639
-9.3 0.860495
-9.1 0.861354
-8.9 0.862219
-8.7 0.863079
-8.5 0.863943
-8.3 0.864771
-8.1 0.865632
-7.9 0.866504
-7.7 0.867354
-7.5 0.868229
-7.3 0.869058
-7.1 0.869913
-6.9 0.870773
-6.7 0.871639
-6.5 0.872504
-6.3 0.873338
-6.1 0.874167
-5.9 0.875015
-5.7 0.875861
-5.5 0.876721
-5.3 0.877563
-5.1 0.878416
-4.9 0.87927
-4.7 0.880124
-4.5 0.880959
-4.3 0.881825
-4.1 0.882696
-3.9 0.883548
-3.7 0.884404
-3.5 0.885263
-3.3 0.886134
-3.1 0.886965
-2.9 0.887805
-2.7 0.888632
-2.5 0.889507
-2.3 0.890354
-2.1 0.891206
-1.9 0.892044
-1.7 0.892893
-1.5 0.893742
-1.3 0.894611
-1.1 0.895456
-0.899999 0.896322
-0.699999 0.897158
-0.499999 0.898011
-0.299999 0.898863
-0.0999994 0.899696
0.100001 0.900546
0.300001 0.90137
0.500001 0.902213
0.700001 0.903057
0.900001 0.90391
1.1 0.904763
1.3 0.905605
1.5 0.906463
1.7 0.907318
1.9 0.908158
2.1 0.908982
2.3 0.909814
2.5 0.910663
2.7 0.911531
2.9 0.912375
3.1 0.913218
3.3 0.914068
3.5 0.914924
3.7 0.915773
3.9 0.916599
4.1 0.917451
4.3 0.918286
4.5 0.919136
4.7 0.919986
4.9 0.920828
5.1 0.921692
5.3 0.922531
5.5 0.923379
5.7 0.924233
5.9 0.925068
6.1 0.925905
6.3 0.926732
6.5 0.927555
6.7 0.92838
6.9 0.929206
7.1 0.930037
7.3 0.930879
7.5 0.931723
7.7 0.93254
7.9 0.933356
8.1 0.93419
8.3 0.935029
8.5 0.935844
8.7 0.936679
8.9 0.937516
9.1 0.938333
9.3 0.939172
9.5 0.940026
9.7 0.940867
9.9 0.941702
10.1 0.942519
10.3 0.943319
10.5 0.944117
10.7 0.944952
10.9 0.945759
11.1 0.946581
11.3 0.947377
11.5 0.948205
11.7 0.949023
11.9 0.949831
12.1 0.950625
12.3 0.951421
12.5 0.952215
12.7 0.953011
12.9 0.953793
13.1 0.954595
13.3 0.955377
13.5 0.956161
13.7 0.956921
13.9 0.957683
14.1 0.958442
14.3 0.959204
14.5 0.959957
14.7 0.960718
14.9 0.961459
15.1 0.962186
15.3 0.962912
15.5 0.963647
15.7 0.964343
15.9 0.965054
16.1 0.965736
16.3 0.966423
16.5 0.967114
16.7 0.967786
16.9 0.968471
17.1 0.969147
17.3 0.969832
17.5 0.970507
17.7 0.971143
17.9 0.971786
18.1 0.972428
18.3 0.973057
18.5 0.973693
18.7 0.974296
18.9 0.9749
19.1 0.97551
19.3 0.976088
19.5 0.976684
19.7 0.977272
19.9 0.977825
20.1 0.978363
20.3 0.978914
20.5 0.979451
20.7 0.979995
20.9 0.980522
21.1 0.981041
21.3 0.981565
21.5 0.98206
21.7 0.982547
21.9 0.983028
22.1 0.983503
22.3 0.983971
22.5 0.984453
22.7 0.984888
22.9 0.985321
23.1 0.985778
23.3 0.986218
23.5 0.986638
23.7 0.987032
23.9 0.987435
24.1 0.98783
24.3 0.9882
24.5 0.988584
24.7 0.988952
24.9 0.989315
25.1 0.989674
25.3 0.990017
25.5 0.990345
25.7 0.990669
25.9 0.990987
26.1 0.991297
26.3 0.991602
26.5 0.991892
26.7 0.992188
26.9 0.992483
27.1 0.992762
27.3 0.993028
27.5 0.993289
27.7 0.993555
27.9 0.993805
28.1 0.994049
28.3 0.994295
28.5 0.994538
28.7 0.994766
28.9 0.994988
29.1 0.995198
29.3 0.995413
29.5 0.995611
29.7 0.995809
29.9 0.995986
30.1 0.996172
30.3 0.996344
30.5 0.996518
30.7 0.996686
30.9 0.996852
31.1 0.997007
31.3 0.997153
31.5 0.997289
31.7 0.997418
31.9 0.997545
32.1 0.997674
32.3 0.997798
32.5 0.997912
32.7 0.998019
32.9 0.99812
33.1 0.998227
33.3 0.998322
33.5 0.998418
33.7 0.998507
33.9 0.998593
34.1 0.998674
34.3 0.998749
34.5 0.998822
34.7 0.998896
34.9 0.998964
35.1 0.99903
35.3 0.999087
35.5 0.999142
35.7 0.999195
35.9 0.999242
36.1 0.999295
36.3 0.99934
36.5 0.99938
36.7 0.999417
36.9 0.999452
37.1 0.999487
37.3 0.999515
37.5 0.999546
37.7 0.999575
37.9 0.999601
38.1 0.999624
38.3 0.999648
38.5 0.99967
38.7 0.999689
38.9 0.999707
39.1 0.999726
39.3 0.999742
39.5 0.999757
39.7 0.999771
39.9 0.999786
40.1 0.999797
40.3 0.999809
40.5 0.99982
40.7 0.999829
40.9 0.999839
41.1 0.99985
41.3 0.999858
41.5 0.99987
41.7 0.999876
41.9 0.999883
42.1 0.999889
42.3 0.999894
42.5 0.999899
42.7 0.999903
42.9 0.99991
43.1 0.999915
43.3 0.999918
43.5 0.999921
43.7 0.999924
43.9 0.999927
44.1 0.999931
44.3 0.999934
44.5 0.999937
44.7 0.99994
44.9 0.999944
45.1 0.999946
45.3 0.999948
45.5 0.99995
45.7 0.999953
45.9 0.999956
46.1 0.999959
46.3 0.999962
46.5 0.999963
46.7 0.999966
46.9 0.999968
47.1 0.99997
47.3 0.999972
47.5 0.999973
47.7 0.999977
47.9 0.999979
48.1 0.999981
48.3 0.999982
48.5 0.999984
48.7 0.999986
48.9 0.999988
49.1 0.99999
49.3 0.999992
49.5 0.999994
49.7 0.999996
49.9 0.999998
50.1 1
