#run2078
x: -0.0271709
xx: -0.000234544
xxx: 3.87391e-09
xxxx: -2.68424e-10