offset: 6.2
x: 0.00113066

a: -1.9328
ax: -0.000314325

x: 0.000165434

a: 0.141296
aa: 2.57077

#a: -1.96434
#ax: -0.000350924
#axx: 6.04331e-07

#a: -1.93726



