offset: 6.2
x: 0.00113066
a: -1.9328
ax: -0.000314325

x: 0.00010067564
xx: -2.3169555e-07
a: 0.00025066071
aa: 1.1312970e-06
  
#old correction prm before 2024.09.18
#x: 0.000165434
#a: 0.141296
#aa: 2.57077






