offset: 0.00752177
y: -0.000918527
b: 0
yx: -5.86751e-07
ya: 0.000421327
yxx: -1.85815e-09
yxa: 4.36689e-06
yaa: -0.00492019
yxxx: 5.62844e-13
yxxa: 8.90559e-10
yxaa: -3.946e-06
yaaa: 0.00553915
bx: -0.00297944
ba: 3.24035
yyy: 5.27804e-09
yyyx: 1.51638e-10
yyya: -1.62342e-07
yyyxx: 3.04118e-13
yyyxa: -5.37984e-10
yyyaa: 7.44734e-07
bxx: 0
bxa: 0
baa: 0
x: 1.71914e-05
xx: 1.47316e-09
a: -0.0169766
aa: -0.0138711
yy: -8.90329e-07
