offset: 0.000901052
x: 5.35378e-05
a: -0.378507
xx: -7.23684e-09
xa: -8.64374e-05
aa: -0.0267384
xxx: -7.46227e-12
xxa: 4.27208e-08
xaa: -2.31876e-06
aaa: -0.0802446
xxxx: 1.98276e-14
xxxa: -1.87747e-11
xxaa: 8.47444e-08
xaaa: -0.00029313
aaaa: -0.152027
yy: -2.38045e-07
yyx: -2.19352e-10
yya: 8.04638e-07
y: 6.13983e-06
