offset: 6.2
x: 0.00113066
a: -1.96434
ax: -0.000350924
axx: 6.04331e-07


