offset: 0.000434189
y: -0.000778849
b: 0
yx: -7.04359e-07
ya: 0.000753937
yxx: -1.92621e-09
yxa: 3.81825e-06
yaa: -0.000655654
yxxx: 6.45068e-13
yxxa: 1.67954e-09
yxaa: -1.14368e-05
yaaa: 0.0105173
bx: -0.00265121
ba: 2.97971
yyy: 5.07243e-09
yyyx: 1.13864e-10
yyya: -1.54124e-07
yyyxx: 2.63405e-13
yyyxa: -3.33094e-10
yyyaa: -5.26242e-07
x: 1.60574e-05
xx: -8.08294e-10
a: -0.0159611
aa: 0.0171774
