#a: 55.8454
xa: -0.759803
xxa: -0.0018998
xxxa: -3.44343e-06
aa: 4961.35
xaa: 10.6923
xxaa: 0.0571528
xxxaa: 6.80713e-05
aaa: -55980.1
xaaa: -324.572
xxaaa: -0.491897
aaaa: 1.04633e+06
xaaaa: 1986.22
