-209.9 0
-209.7 3
-209.5 4
-209.3 1
-209.1 1
-208.9 0
-208.7 1
-208.5 2
-208.3 3
-208.1 1
-207.9 0
-207.7 2
-207.5 2
-207.3 0
-207.1 2
-206.9 0
-206.7 0
-206.5 1
-206.3 2
-206.1 0
-205.9 1
-205.7 1
-205.5 0
-205.3 2
-205.1 1
-204.9 0
-204.7 2
-204.5 3
-204.3 1
-204.1 3
-203.9 0
-203.7 1
-203.5 0
-203.3 1
-203.1 0
-202.9 2
-202.7 3
-202.5 1
-202.3 0
-202.1 1
-201.9 0
-201.7 2
-201.5 2
-201.3 2
-201.1 0
-200.9 2
-200.7 2
-200.5 2
-200.3 3
-200.1 2
-199.9 0
-199.7 1
-199.5 1
-199.3 0
-199.1 1
-198.9 2
-198.7 2
-198.5 2
-198.3 5
-198.1 17
-197.9 27
-197.7 48
-197.5 82
-197.3 117
-197.1 238
-196.9 346
-196.7 442
-196.5 667
-196.3 931
-196.1 1261
-195.9 1651
-195.7 2201
-195.5 2869
-195.3 3758
-195.1 4483
-194.9 5389
-194.7 6480
-194.5 7476
-194.3 8332
-194.1 9127
-193.9 9926
-193.7 10497
-193.5 10923
-193.3 11132
-193.1 11423
-192.9 11501
-192.7 11580
-192.5 11431
-192.3 11335
-192.1 11133
-191.9 11129
-191.7 10874
-191.5 10669
-191.3 10631
-191.1 10453
-190.9 10377
-190.7 10175
-190.5 10010
-190.3 10004
-190.1 9924
-189.9 9696
-189.7 9671
-189.5 9461
-189.3 9259
-189.1 9233
-188.9 9220
-188.7 9150
-188.5 8919
-188.3 8862
-188.1 8862
-187.9 8635
-187.7 8841
-187.5 8643
-187.3 8817
-187.1 8524
-186.9 8570
-186.7 8519
-186.5 8526
-186.3 8411
-186.1 8379
-185.9 8382
-185.7 8344
-185.5 8122
-185.3 8190
-185.1 8159
-184.9 8207
-184.7 8215
-184.5 8182
-184.3 7995
-184.1 8119
-183.9 7912
-183.7 8134
-183.5 8102
-183.3 7749
-183.1 7796
-182.9 7912
-182.7 7831
-182.5 7773
-182.3 7690
-182.1 7659
-181.9 7527
-181.7 7572
-181.5 7423
-181.3 7478
-181.1 7462
-180.9 7294
-180.7 7201
-180.5 7195
-180.3 7084
-180.1 7041
-179.9 6951
-179.7 6978
-179.5 6840
-179.3 6652
-179.1 6471
-178.9 6426
-178.7 6394
-178.5 6363
-178.3 6257
-178.1 6188
-177.9 6254
-177.7 6076
-177.5 5871
-177.3 5916
-177.1 5845
-176.9 6040
-176.7 5812
-176.5 5634
-176.3 5621
-176.1 5624
-175.9 5479
-175.7 5648
-175.5 5406
-175.3 5449
-175.1 5348
-174.9 5336
-174.7 5224
-174.5 5253
-174.3 5291
-174.1 5226
-173.9 5178
-173.7 5100
-173.5 5232
-173.3 5090
-173.1 4947
-172.9 4923
-172.7 5050
-172.5 4859
-172.3 5023
-172.1 4915
-171.9 4839
-171.7 4944
-171.5 4855
-171.3 4943
-171.1 4723
-170.9 4921
-170.7 4784
-170.5 4792
-170.3 4753
-170.1 4660
-169.9 4778
-169.7 4742
-169.5 4598
-169.3 4708
-169.1 4650
-168.9 4633
-168.7 4634
-168.5 4691
-168.3 4601
-168.1 4701
-167.9 4611
-167.7 4653
-167.5 4595
-167.3 4799
-167.1 4653
-166.9 4582
-166.7 4461
-166.5 4684
-166.3 4541
-166.1 4465
-165.9 4565
-165.7 4534
-165.5 4457
-165.3 4502
-165.1 4492
-164.9 4486
-164.7 4514
-164.5 4435
-164.3 4328
-164.1 4461
-163.9 4251
-163.7 4448
-163.5 4478
-163.3 4496
-163.1 4418
-162.9 4436
-162.7 4448
-162.5 4395
-162.3 4440
-162.1 4443
-161.9 4586
-161.7 4408
-161.5 4400
-161.3 4268
-161.1 4306
-160.9 4411
-160.7 4491
-160.5 4404
-160.3 4525
-160.1 4412
-159.9 4478
-159.7 4365
-159.5 4448
-159.3 4382
-159.1 4419
-158.9 4382
-158.7 4300
-158.5 4358
-158.3 4315
-158.1 4257
-157.9 4383
-157.7 4385
-157.5 4315
-157.3 4404
-157.1 4306
-156.9 4431
-156.7 4285
-156.5 4467
-156.3 4335
-156.1 4261
-155.9 4406
-155.7 4182
-155.5 4290
-155.3 4237
-155.1 4200
-154.9 4282
-154.7 4129
-154.5 4176
-154.3 4210
-154.1 4070
-153.9 4160
-153.7 4059
-153.5 4221
-153.3 4086
-153.1 4153
-152.9 4006
-152.7 4130
-152.5 4130
-152.3 4161
-152.1 4049
-151.9 4039
-151.7 3961
-151.5 3908
-151.3 3944
-151.1 3929
-150.9 3941
-150.7 3907
-150.5 4045
-150.3 4053
-150.1 4075
-149.9 3841
-149.7 3901
-149.5 3914
-149.3 3856
-149.1 3909
-148.9 3882
-148.7 3911
-148.5 3953
-148.3 3735
-148.1 3930
-147.9 3827
-147.7 3927
-147.5 3799
-147.3 3776
-147.1 3883
-146.9 3925
-146.7 3940
-146.5 3991
-146.3 3934
-146.1 4009
-145.9 4015
-145.7 3992
-145.5 3949
-145.3 4074
-145.1 4150
-144.9 3996
-144.7 4115
-144.5 4021
-144.3 4083
-144.1 4124
-143.9 4037
-143.7 4137
-143.5 4141
-143.3 4060
-143.1 4139
-142.9 4147
-142.7 4063
-142.5 4073
-142.3 4234
-142.1 4243
-141.9 4183
-141.7 4087
-141.5 4213
-141.3 4199
-141.1 4152
-140.9 4257
-140.7 4293
-140.5 4256
-140.3 4353
-140.1 4331
-139.9 4404
-139.7 4305
-139.5 4237
-139.3 4321
-139.1 4446
-138.9 4320
-138.7 4422
-138.5 4370
-138.3 4464
-138.1 4428
-137.9 4435
-137.7 4371
-137.5 4364
-137.3 4412
-137.1 4391
-136.9 4439
-136.7 4396
-136.5 4378
-136.3 4409
-136.1 4427
-135.9 4451
-135.7 4495
-135.5 4560
-135.3 4409
-135.1 4284
-134.9 4476
-134.7 4468
-134.5 4410
-134.3 4484
-134.1 4473
-133.9 4441
-133.7 4483
-133.5 4377
-133.3 4527
-133.1 4487
-132.9 4475
-132.7 4589
-132.5 4442
-132.3 4560
-132.1 4403
-131.9 4435
-131.7 4407
-131.5 4406
-131.3 4467
-131.1 4523
-130.9 4469
-130.7 4472
-130.5 4476
-130.3 4419
-130.1 4424
-129.9 4399
-129.7 4487
-129.5 4379
-129.3 4338
-129.1 4512
-128.9 4406
-128.7 4509
-128.5 4427
-128.3 4434
-128.1 4548
-127.9 4357
-127.7 4359
-127.5 4359
-127.3 4566
-127.1 4304
-126.9 4478
-126.7 4498
-126.5 4374
-126.3 4426
-126.1 4573
-125.9 4261
-125.7 4434
-125.5 4580
-125.3 4389
-125.1 4462
-124.9 4439
-124.7 4332
-124.5 4413
-124.3 4311
-124.1 4404
-123.9 4404
-123.7 4284
-123.5 4510
-123.3 4264
-123.1 4370
-122.9 4404
-122.7 4344
-122.5 4441
-122.3 4348
-122.1 4420
-121.9 4239
-121.7 4372
-121.5 4278
-121.3 4352
-121.1 4214
-120.9 4193
-120.7 4391
-120.5 4337
-120.3 4262
-120.1 4370
-119.9 4123
-119.7 4258
-119.5 4287
-119.3 4359
-119.1 4381
-118.9 4274
-118.7 4392
-118.5 4285
-118.3 4272
-118.1 4306
-117.9 4350
-117.7 4210
-117.5 4355
-117.3 4260
-117.1 4375
-116.9 4351
-116.7 4338
-116.5 4305
-116.3 4245
-116.1 4303
-115.9 4246
-115.7 4299
-115.5 4318
-115.3 4296
-115.1 4360
-114.9 4317
-114.7 4246
-114.5 4220
-114.3 4241
-114.1 4268
-113.9 4256
-113.7 4274
-113.5 4231
-113.3 4339
-113.1 4240
-112.9 4225
-112.7 4286
-112.5 4206
-112.3 4298
-112.1 4389
-111.9 4319
-111.7 4314
-111.5 4156
-111.3 4222
-111.1 4251
-110.9 4234
-110.7 4223
-110.5 4096
-110.3 4239
-110.1 4216
-109.9 4130
-109.7 4227
-109.5 4350
-109.3 4314
-109.1 4197
-108.9 4208
-108.7 4208
-108.5 4204
-108.3 4236
-108.1 4401
-107.9 4318
-107.7 4189
-107.5 4351
-107.3 4199
-107.1 4295
-106.9 4235
-106.7 4074
-106.5 4131
-106.3 4075
-106.1 4290
-105.9 4214
-105.7 4127
-105.5 4194
-105.3 4055
-105.1 4210
-104.9 4126
-104.7 4355
-104.5 4197
-104.3 4310
-104.1 4204
-103.9 4080
-103.7 4187
-103.5 4155
-103.3 4228
-103.1 4203
-102.9 4156
-102.7 4029
-102.5 4183
-102.3 4131
-102.1 4022
-101.9 4295
-101.7 4161
-101.5 4309
-101.3 4160
-101.1 4159
-100.9 4258
-100.7 4149
-100.5 4100
-100.3 4093
-100.1 4160
-99.9 4160
-99.7 4284
-99.5 4263
-99.3 4088
-99.1 4227
-98.9 4176
-98.7 4222
-98.5 4136
-98.3 4123
-98.1 4258
-97.9 4207
-97.7 4121
-97.5 4189
-97.3 4074
-97.1 4084
-96.9 4139
-96.7 4239
-96.5 4051
-96.3 4206
-96.1 4147
-95.9 4021
-95.7 4192
-95.5 4049
-95.3 4089
-95.1 4130
-94.9 4109
-94.7 4039
-94.5 4075
-94.3 4001
-94.1 4002
-93.9 4070
-93.7 4025
-93.5 4127
-93.3 4090
-93.1 4159
-92.9 3963
-92.7 4081
-92.5 4118
-92.3 4054
-92.1 4148
-91.9 4034
-91.7 4076
-91.5 4112
-91.3 3989
-91.1 4050
-90.9 3962
-90.7 4127
-90.5 4066
-90.3 4212
-90.1 4045
-89.9 4049
-89.7 4071
-89.5 4191
-89.3 4126
-89.1 4035
-88.9 3993
-88.7 4071
-88.5 4045
-88.3 4014
-88.1 4061
-87.9 3942
-87.7 4095
-87.5 3993
-87.3 4012
-87.1 4038
-86.9 4061
-86.7 4016
-86.5 4008
-86.3 4066
-86.1 3987
-85.9 3970
-85.7 4014
-85.5 4034
-85.3 3964
-85.1 4181
-84.9 4123
-84.7 4121
-84.5 4166
-84.3 3988
-84.1 4043
-83.9 4080
-83.7 4108
-83.5 3976
-83.3 3942
-83.1 4121
-82.9 3983
-82.7 4068
-82.5 4132
-82.3 3977
-82.1 4066
-81.9 4079
-81.7 4050
-81.5 4036
-81.3 4115
-81.1 4124
-80.9 4090
-80.7 4013
-80.5 4043
-80.3 4222
-80.1 4082
-79.9 4010
-79.7 4033
-79.5 4050
-79.3 4061
-79.1 4012
-78.9 4111
-78.7 4048
-78.5 4080
-78.3 4173
-78.1 4043
-77.9 4169
-77.7 4101
-77.5 4084
-77.3 4037
-77.1 4159
-76.9 4052
-76.7 4128
-76.5 4154
-76.3 4036
-76.1 4195
-75.9 4181
-75.7 4142
-75.5 4182
-75.3 4088
-75.1 4139
-74.9 4126
-74.7 4074
-74.5 4088
-74.3 4149
-74.1 4160
-73.9 4160
-73.7 4307
-73.5 4159
-73.3 4082
-73.1 4129
-72.9 4161
-72.7 4162
-72.5 4103
-72.3 4259
-72.1 4168
-71.9 4245
-71.7 4122
-71.5 4203
-71.3 4208
-71.1 4165
-70.9 4227
-70.7 4195
-70.5 4202
-70.3 4265
-70.1 4193
-69.9 4033
-69.7 4206
-69.5 4164
-69.3 4237
-69.1 4127
-68.9 4211
-68.7 4183
-68.5 4335
-68.3 4255
-68.1 4192
-67.9 4272
-67.7 4270
-67.5 4299
-67.3 4267
-67.1 4288
-66.9 4177
-66.7 4187
-66.5 4243
-66.3 4150
-66.1 4221
-65.9 4296
-65.7 4280
-65.5 4304
-65.3 4215
-65.1 4231
-64.9 4258
-64.7 4317
-64.5 4107
-64.3 4196
-64.1 4127
-63.9 4309
-63.7 4326
-63.5 4193
-63.3 4206
-63.1 4328
-62.9 4279
-62.7 4218
-62.5 4337
-62.3 4337
-62.1 4309
-61.9 4196
-61.7 4192
-61.5 4194
-61.3 4179
-61.1 4293
-60.9 4234
-60.7 4290
-60.5 4186
-60.3 4126
-60.1 4121
-59.9 4243
-59.7 4250
-59.5 4201
-59.3 4217
-59.1 4111
-58.9 4089
-58.7 4179
-58.5 4120
-58.3 4157
-58.1 4153
-57.9 4074
-57.7 4089
-57.5 4170
-57.3 4194
-57.1 4085
-56.9 4169
-56.7 4140
-56.5 4105
-56.3 4126
-56.1 4181
-55.9 4167
-55.7 4115
-55.5 4017
-55.3 4223
-55.1 4193
-54.9 4141
-54.7 4220
-54.5 4155
-54.3 4176
-54.1 4169
-53.9 4223
-53.7 4114
-53.5 4232
-53.3 4093
-53.1 4176
-52.9 4092
-52.7 4131
-52.5 4145
-52.3 4061
-52.1 4031
-51.9 4075
-51.7 4173
-51.5 4168
-51.3 4022
-51.1 4256
-50.9 4120
-50.7 4056
-50.5 4223
-50.3 4079
-50.1 4118
-49.9 4160
-49.7 4090
-49.5 4114
-49.3 4012
-49.1 4078
-48.9 4033
-48.7 4177
-48.5 4153
-48.3 4174
-48.1 4128
-47.9 4182
-47.7 4099
-47.5 4007
-47.3 4125
-47.1 4264
-46.9 4142
-46.7 4079
-46.5 4100
-46.3 4007
-46.1 4104
-45.9 4077
-45.7 4023
-45.5 4122
-45.3 4134
-45.1 4030
-44.9 4000
-44.7 4015
-44.5 4128
-44.3 4059
-44.1 4100
-43.9 4087
-43.7 4095
-43.5 4057
-43.3 4101
-43.1 4121
-42.9 3945
-42.7 4087
-42.5 4116
-42.3 4001
-42.1 4091
-41.9 4117
-41.7 4110
-41.5 4087
-41.3 4202
-41.1 4140
-40.9 4116
-40.7 4050
-40.5 4044
-40.3 4192
-40.1 4107
-39.9 4077
-39.7 4128
-39.5 4049
-39.3 4149
-39.1 3973
-38.9 3941
-38.7 4143
-38.5 4133
-38.3 4091
-38.1 4099
-37.9 4143
-37.7 4153
-37.5 4073
-37.3 4158
-37.1 4245
-36.9 4210
-36.7 4062
-36.5 4062
-36.3 4176
-36.1 4096
-35.9 4063
-35.7 4131
-35.5 4042
-35.3 4053
-35.1 4005
-34.9 4058
-34.7 4107
-34.5 4014
-34.3 3966
-34.1 4194
-33.9 4073
-33.7 4110
-33.5 4040
-33.3 4170
-33.1 4115
-32.9 4241
-32.7 4206
-32.5 4232
-32.3 4117
-32.1 4055
-31.9 4099
-31.7 4103
-31.5 4020
-31.3 4197
-31.1 4189
-30.9 4157
-30.7 4201
-30.5 4172
-30.3 4138
-30.1 4026
-29.9 4219
-29.7 4261
-29.5 4040
-29.3 4004
-29.1 4100
-28.9 4115
-28.7 4068
-28.5 4065
-28.3 4082
-28.1 4116
-27.9 4048
-27.7 4166
-27.5 4125
-27.3 4053
-27.1 4160
-26.9 4066
-26.7 4113
-26.5 4278
-26.3 4180
-26.1 4182
-25.9 4183
-25.7 4111
-25.5 4156
-25.3 4207
-25.1 4101
-24.9 4142
-24.7 4070
-24.5 4133
-24.3 4199
-24.1 4179
-23.9 4127
-23.7 4212
-23.5 3989
-23.3 4075
-23.1 4138
-22.9 4210
-22.7 4098
-22.5 4106
-22.3 4125
-22.1 3956
-21.9 4139
-21.7 4169
-21.5 4153
-21.3 4141
-21.1 4074
-20.9 4100
-20.7 4151
-20.5 4137
-20.3 4211
-20.1 4128
-19.9 4087
-19.7 4060
-19.5 4099
-19.3 4123
-19.1 4046
-18.9 4066
-18.7 4113
-18.5 4223
-18.3 4029
-18.1 4151
-17.9 4069
-17.7 4164
-17.5 4150
-17.3 4047
-17.1 4090
-16.9 4138
-16.7 4188
-16.5 4050
-16.3 4046
-16.1 4079
-15.9 4175
-15.7 4033
-15.5 4166
-15.3 4193
-15.1 4012
-14.9 4078
-14.7 4076
-14.5 4085
-14.3 4026
-14.1 4031
-13.9 4004
-13.7 4019
-13.5 4042
-13.3 4016
-13.1 3922
-12.9 4128
-12.7 4042
-12.5 3932
-12.3 4036
-12.1 3992
-11.9 4067
-11.7 3994
-11.5 3980
-11.3 3963
-11.1 4062
-10.9 4091
-10.7 4092
-10.5 3940
-10.3 3990
-10.1 3953
-9.9 3975
-9.7 4005
-9.5 4048
-9.3 3990
-9.1 4035
-8.9 4002
-8.7 4142
-8.5 4111
-8.3 4076
-8.1 4031
-7.9 3998
-7.7 3948
-7.5 4154
-7.3 3919
-7.1 4015
-6.9 4041
-6.7 4031
-6.5 4008
-6.3 4096
-6.1 3975
-5.9 4038
-5.7 3836
-5.5 4043
-5.3 4000
-5.1 3957
-4.9 3973
-4.7 4081
-4.5 3919
-4.3 3969
-4.1 4013
-3.9 4078
-3.7 3970
-3.5 4097
-3.3 4127
-3.1 3930
-2.9 4020
-2.7 3907
-2.5 4013
-2.3 4028
-2.1 4013
-1.9 4057
-1.7 4066
-1.5 4058
-1.3 4069
-1.1 4107
-0.9 3910
-0.7 3972
-0.5 4163
-0.3 4018
-0.1 4122
0.1 4004
0.3 3973
0.5 4197
0.7 4166
0.9 4047
1.1 4041
1.3 4200
1.5 4129
1.7 4047
1.9 4045
2.1 4007
2.3 3891
2.5 3973
2.7 4085
2.9 4079
3.1 3961
3.3 4061
3.5 4153
3.7 4162
3.9 4005
4.1 4014
4.3 4123
4.5 4093
4.7 4105
4.9 4099
5.1 4040
5.3 4119
5.5 4173
5.7 4165
5.9 4127
6.1 4016
6.3 4200
6.5 4181
6.7 4210
6.9 4114
7.1 4135
7.3 4328
7.5 4184
7.7 4196
7.9 4219
8.1 4148
8.3 4161
8.5 4117
8.7 4165
8.9 4147
9.1 4172
9.3 4062
9.5 4126
9.7 4057
9.9 4207
10.1 4026
10.3 4103
10.5 4169
10.7 4095
10.9 4015
11.1 4047
11.3 4009
11.5 4063
11.7 4007
11.9 3865
12.1 4018
12.3 4082
12.5 4014
12.7 3987
12.9 3976
13.1 3964
13.3 3839
13.5 3955
13.7 3950
13.9 3899
14.1 3900
14.3 3933
14.5 3941
14.7 3838
14.9 3764
15.1 3771
15.3 3709
15.5 3775
15.7 3662
15.9 3736
16.1 3735
16.3 3704
16.5 3577
16.7 3605
16.9 3640
17.1 3492
17.3 3529
17.5 3667
17.7 3463
17.9 3419
18.1 3466
18.3 3415
18.5 3406
18.7 3371
18.9 3426
19.1 3365
19.3 3261
19.5 3227
19.7 3046
19.9 3098
20.1 3094
20.3 3026
20.5 3064
20.7 2921
20.9 2933
21.1 2882
21.3 2739
21.5 2816
21.7 2802
21.9 2755
22.1 2678
22.3 2763
22.5 2647
22.7 2543
22.9 2542
23.1 2518
23.3 2520
23.5 2398
23.7 2370
23.9 2284
24.1 2262
24.3 2133
24.5 2180
24.7 2192
24.9 2092
25.1 2024
25.3 1929
25.5 1935
25.7 1910
25.9 1823
26.1 1788
26.3 1805
26.5 1783
26.7 1695
26.9 1673
27.1 1658
27.3 1577
27.5 1526
27.7 1500
27.9 1425
28.1 1397
28.3 1427
28.5 1381
28.7 1324
28.9 1268
29.1 1304
29.3 1258
29.5 1124
29.7 1118
29.9 1086
30.1 1057
30.3 1023
30.5 952
30.7 977
30.9 933
31.1 911
31.3 934
31.5 836
31.7 860
31.9 814
32.1 768
32.3 689
32.5 672
32.7 686
32.9 636
33.1 659
33.3 575
33.5 572
33.7 524
33.9 508
34.1 490
34.3 501
34.5 435
34.7 437
34.9 419
35.1 406
35.3 359
35.5 330
35.7 342
35.9 343
36.1 309
36.3 272
36.5 279
36.7 271
36.9 244
37.1 236
37.3 201
37.5 208
37.7 188
37.9 187
38.1 171
38.3 167
38.5 141
38.7 152
38.9 150
39.1 144
39.3 100
39.5 118
39.7 114
39.9 93
40.1 77
40.3 72
40.5 95
40.7 79
40.9 65
41.1 65
41.3 54
41.5 54
41.7 54
41.9 49
42.1 47
42.3 61
42.5 45
42.7 27
42.9 33
43.1 24
43.3 30
43.5 24
43.7 28
43.9 24
44.1 24
44.3 23
44.5 23
44.7 21
44.9 18
45.1 10
45.3 17
45.5 18
45.7 14
45.9 12
46.1 14
46.3 9
46.5 11
46.7 12
46.9 5
47.1 9
47.3 8
47.5 10
47.7 10
47.9 5
48.1 5
48.3 7
48.5 3
48.7 4
48.9 5
49.1 4
49.3 8
49.5 4
49.7 6
49.9 4
