-209.9 0
-209.7 0
-209.5 0
-209.3 1
-209.1 0
-208.9 2
-208.7 1
-208.5 1
-208.3 1
-208.1 2
-207.9 1
-207.7 0
-207.5 0
-207.3 0
-207.1 1
-206.9 1
-206.7 1
-206.5 1
-206.3 1
-206.1 1
-205.9 0
-205.7 1
-205.5 2
-205.3 1
-205.1 1
-204.9 1
-204.7 2
-204.5 1
-204.3 1
-204.1 1
-203.9 1
-203.7 1
-203.5 1
-203.3 3
-203.1 1
-202.9 1
-202.7 1
-202.5 0
-202.3 0
-202.1 2
-201.9 8
-201.7 6
-201.5 6
-201.3 16
-201.1 15
-200.9 27
-200.7 39
-200.5 59
-200.3 63
-200.1 97
-199.9 136
-199.7 266
-199.5 320
-199.3 440
-199.1 552
-198.9 777
-198.7 936
-198.5 1213
-198.3 1495
-198.1 1828
-197.9 2385
-197.7 2933
-197.5 3573
-197.3 4384
-197.1 5306
-196.9 6225
-196.7 7272
-196.5 8191
-196.3 9116
-196.1 9867
-195.9 10502
-195.7 10994
-195.5 11275
-195.3 11520
-195.1 11801
-194.9 11935
-194.7 12071
-194.5 11880
-194.3 11442
-194.1 11561
-193.9 11240
-193.7 11060
-193.5 10975
-193.3 10805
-193.1 10457
-192.9 10437
-192.7 10278
-192.5 10053
-192.3 9845
-192.1 9674
-191.9 9687
-191.7 9276
-191.5 9481
-191.3 9237
-191.1 9126
-190.9 9100
-190.7 8916
-190.5 9070
-190.3 9091
-190.1 8873
-189.9 8879
-189.7 8804
-189.5 8681
-189.3 8733
-189.1 8677
-188.9 8521
-188.7 8516
-188.5 8490
-188.3 8321
-188.1 8334
-187.9 8476
-187.7 8333
-187.5 8358
-187.3 8275
-187.1 8197
-186.9 8033
-186.7 8124
-186.5 8164
-186.3 8108
-186.1 8114
-185.9 8000
-185.7 8000
-185.5 7927
-185.3 7844
-185.1 7840
-184.9 7622
-184.7 7695
-184.5 7868
-184.3 7681
-184.1 7717
-183.9 7484
-183.7 7417
-183.5 7315
-183.3 7400
-183.1 7443
-182.9 7148
-182.7 6983
-182.5 7158
-182.3 7014
-182.1 6894
-181.9 6730
-181.7 6651
-181.5 6668
-181.3 6455
-181.1 6417
-180.9 6419
-180.7 6403
-180.5 6243
-180.3 6152
-180.1 6137
-179.9 5998
-179.7 5935
-179.5 5800
-179.3 5713
-179.1 5773
-178.9 5658
-178.7 5614
-178.5 5655
-178.3 5522
-178.1 5512
-177.9 5503
-177.7 5390
-177.5 5345
-177.3 5319
-177.1 5240
-176.9 5307
-176.7 5198
-176.5 5185
-176.3 5198
-176.1 5161
-175.9 5220
-175.7 5010
-175.5 4998
-175.3 5046
-175.1 4989
-174.9 5037
-174.7 4917
-174.5 5136
-174.3 5074
-174.1 4812
-173.9 4763
-173.7 4965
-173.5 4786
-173.3 4880
-173.1 4787
-172.9 4742
-172.7 4649
-172.5 4717
-172.3 4786
-172.1 4635
-171.9 4733
-171.7 4626
-171.5 4665
-171.3 4676
-171.1 4657
-170.9 4704
-170.7 4454
-170.5 4559
-170.3 4629
-170.1 4607
-169.9 4721
-169.7 4631
-169.5 4595
-169.3 4487
-169.1 4569
-168.9 4641
-168.7 4503
-168.5 4524
-168.3 4519
-168.1 4560
-167.9 4489
-167.7 4515
-167.5 4526
-167.3 4488
-167.1 4403
-166.9 4610
-166.7 4400
-166.5 4511
-166.3 4522
-166.1 4380
-165.9 4553
-165.7 4517
-165.5 4497
-165.3 4507
-165.1 4438
-164.9 4468
-164.7 4360
-164.5 4440
-164.3 4422
-164.1 4298
-163.9 4526
-163.7 4397
-163.5 4335
-163.3 4367
-163.1 4440
-162.9 4403
-162.7 4464
-162.5 4359
-162.3 4420
-162.1 4468
-161.9 4422
-161.7 4511
-161.5 4294
-161.3 4308
-161.1 4474
-160.9 4291
-160.7 4368
-160.5 4546
-160.3 4401
-160.1 4359
-159.9 4308
-159.7 4247
-159.5 4355
-159.3 4400
-159.1 4338
-158.9 4416
-158.7 4277
-158.5 4260
-158.3 4266
-158.1 4317
-157.9 4182
-157.7 4315
-157.5 4232
-157.3 4364
-157.1 4159
-156.9 4204
-156.7 4271
-156.5 4122
-156.3 4069
-156.1 4143
-155.9 4078
-155.7 4243
-155.5 4147
-155.3 4141
-155.1 4250
-154.9 4015
-154.7 4018
-154.5 4061
-154.3 3979
-154.1 3955
-153.9 4013
-153.7 4012
-153.5 3949
-153.3 3984
-153.1 4008
-152.9 3826
-152.7 3918
-152.5 3822
-152.3 3906
-152.1 3928
-151.9 3799
-151.7 3949
-151.5 4008
-151.3 3893
-151.1 3881
-150.9 3970
-150.7 3872
-150.5 3821
-150.3 3910
-150.1 3906
-149.9 3901
-149.7 3947
-149.5 3931
-149.3 3877
-149.1 3935
-148.9 3819
-148.7 3868
-148.5 3918
-148.3 3914
-148.1 4009
-147.9 3977
-147.7 3821
-147.5 4029
-147.3 4121
-147.1 4005
-146.9 4008
-146.7 4122
-146.5 4010
-146.3 3996
-146.1 4111
-145.9 4123
-145.7 4117
-145.5 4126
-145.3 3993
-145.1 4274
-144.9 4173
-144.7 4255
-144.5 4209
-144.3 4220
-144.1 4186
-143.9 4279
-143.7 4300
-143.5 4316
-143.3 4195
-143.1 4349
-142.9 4272
-142.7 4337
-142.5 4335
-142.3 4410
-142.1 4422
-141.9 4408
-141.7 4347
-141.5 4353
-141.3 4474
-141.1 4334
-140.9 4321
-140.7 4401
-140.5 4360
-140.3 4411
-140.1 4422
-139.9 4574
-139.7 4372
-139.5 4471
-139.3 4442
-139.1 4445
-138.9 4585
-138.7 4675
-138.5 4504
-138.3 4662
-138.1 4579
-137.9 4452
-137.7 4548
-137.5 4484
-137.3 4515
-137.1 4593
-136.9 4437
-136.7 4509
-136.5 4597
-136.3 4506
-136.1 4571
-135.9 4668
-135.7 4386
-135.5 4524
-135.3 4438
-135.1 4529
-134.9 4420
-134.7 4416
-134.5 4630
-134.3 4522
-134.1 4502
-133.9 4458
-133.7 4478
-133.5 4519
-133.3 4612
-133.1 4419
-132.9 4652
-132.7 4503
-132.5 4460
-132.3 4536
-132.1 4448
-131.9 4593
-131.7 4511
-131.5 4493
-131.3 4498
-131.1 4547
-130.9 4386
-130.7 4500
-130.5 4378
-130.3 4486
-130.1 4523
-129.9 4415
-129.7 4533
-129.5 4466
-129.3 4469
-129.1 4475
-128.9 4464
-128.7 4493
-128.5 4442
-128.3 4372
-128.1 4479
-127.9 4564
-127.7 4376
-127.5 4405
-127.3 4414
-127.1 4471
-126.9 4282
-126.7 4390
-126.5 4400
-126.3 4392
-126.1 4477
-125.9 4290
-125.7 4277
-125.5 4433
-125.3 4485
-125.1 4379
-124.9 4394
-124.7 4393
-124.5 4425
-124.3 4313
-124.1 4461
-123.9 4301
-123.7 4245
-123.5 4403
-123.3 4423
-123.1 4326
-122.9 4253
-122.7 4235
-122.5 4298
-122.3 4245
-122.1 4281
-121.9 4282
-121.7 4350
-121.5 4293
-121.3 4288
-121.1 4279
-120.9 4158
-120.7 4204
-120.5 4197
-120.3 4264
-120.1 4289
-119.9 4376
-119.7 4336
-119.5 4271
-119.3 4317
-119.1 4357
-118.9 4381
-118.7 4294
-118.5 4238
-118.3 4315
-118.1 4309
-117.9 4327
-117.7 4352
-117.5 4255
-117.3 4250
-117.1 4342
-116.9 4250
-116.7 4279
-116.5 4146
-116.3 4196
-116.1 4323
-115.9 4274
-115.7 4254
-115.5 4168
-115.3 4098
-115.1 4293
-114.9 4277
-114.7 4328
-114.5 4271
-114.3 4176
-114.1 4226
-113.9 4205
-113.7 4352
-113.5 4224
-113.3 4251
-113.1 4183
-112.9 4254
-112.7 4330
-112.5 4299
-112.3 4209
-112.1 4260
-111.9 4158
-111.7 4323
-111.5 4234
-111.3 4226
-111.1 4228
-110.9 4300
-110.7 4234
-110.5 4236
-110.3 4233
-110.1 4283
-109.9 4227
-109.7 4198
-109.5 4225
-109.3 4243
-109.1 4234
-108.9 4209
-108.7 4163
-108.5 4137
-108.3 4224
-108.1 4298
-107.9 4271
-107.7 4205
-107.5 4283
-107.3 4143
-107.1 4178
-106.9 4287
-106.7 4208
-106.5 4173
-106.3 4220
-106.1 4243
-105.9 4157
-105.7 4225
-105.5 4248
-105.3 4064
-105.1 4223
-104.9 4156
-104.7 4191
-104.5 4146
-104.3 4059
-104.1 4183
-103.9 4121
-103.7 4226
-103.5 4187
-103.3 4104
-103.1 4168
-102.9 4331
-102.7 4087
-102.5 4272
-102.3 4211
-102.1 4184
-101.9 4257
-101.7 4154
-101.5 4172
-101.3 4075
-101.1 4220
-100.9 4075
-100.7 4146
-100.5 4102
-100.3 4164
-100.1 4160
-99.9 4065
-99.7 4147
-99.5 4059
-99.3 4111
-99.1 4083
-98.9 4045
-98.7 4075
-98.5 4007
-98.3 4053
-98.1 4145
-97.9 4105
-97.7 4060
-97.5 4022
-97.3 4115
-97.1 4138
-96.9 4207
-96.7 4147
-96.5 4109
-96.3 4102
-96.1 4050
-95.9 4123
-95.7 4079
-95.5 4087
-95.3 4243
-95.1 4166
-94.9 4065
-94.7 4046
-94.5 3979
-94.3 4119
-94.1 4016
-93.9 4115
-93.7 4079
-93.5 4054
-93.3 4024
-93.1 4086
-92.9 3932
-92.7 4150
-92.5 4057
-92.3 4049
-92.1 3937
-91.9 3890
-91.7 3954
-91.5 3994
-91.3 3990
-91.1 4070
-90.9 4010
-90.7 4078
-90.5 3985
-90.3 3898
-90.1 3974
-89.9 3962
-89.7 4002
-89.5 4132
-89.3 4121
-89.1 4080
-88.9 3984
-88.7 3980
-88.5 4010
-88.3 4035
-88.1 3991
-87.9 4124
-87.7 4159
-87.5 4073
-87.3 4103
-87.1 4059
-86.9 4115
-86.7 4072
-86.5 3968
-86.3 4070
-86.1 4102
-85.9 3974
-85.7 4057
-85.5 4074
-85.3 4244
-85.1 4027
-84.9 4042
-84.7 4015
-84.5 3970
-84.3 4153
-84.1 4142
-83.9 4026
-83.7 4095
-83.5 4143
-83.3 4101
-83.1 4160
-82.9 4223
-82.7 4088
-82.5 4303
-82.3 4046
-82.1 4246
-81.9 4253
-81.7 4308
-81.5 4131
-81.3 4168
-81.1 4246
-80.9 4217
-80.7 4167
-80.5 4081
-80.3 4195
-80.1 4246
-79.9 4099
-79.7 4187
-79.5 4303
-79.3 4102
-79.1 4236
-78.9 4161
-78.7 4184
-78.5 4259
-78.3 4317
-78.1 4252
-77.9 4182
-77.7 4174
-77.5 4279
-77.3 4187
-77.1 4193
-76.9 4265
-76.7 4193
-76.5 4278
-76.3 4207
-76.1 4331
-75.9 4199
-75.7 4232
-75.5 4240
-75.3 4319
-75.1 4214
-74.9 4280
-74.7 4181
-74.5 4366
-74.3 4360
-74.1 4354
-73.9 4260
-73.7 4378
-73.5 4307
-73.3 4230
-73.1 4298
-72.9 4279
-72.7 4289
-72.5 4244
-72.3 4117
-72.1 4174
-71.9 4214
-71.7 4159
-71.5 4157
-71.3 4263
-71.1 4282
-70.9 4106
-70.7 4181
-70.5 4191
-70.3 4179
-70.1 4157
-69.9 4314
-69.7 4309
-69.5 4224
-69.3 4222
-69.1 4246
-68.9 4222
-68.7 4221
-68.5 4170
-68.3 4201
-68.1 4229
-67.9 4174
-67.7 4259
-67.5 4278
-67.3 4189
-67.1 4278
-66.9 4319
-66.7 4297
-66.5 4269
-66.3 4130
-66.1 4367
-65.9 4271
-65.7 4229
-65.5 4259
-65.3 4274
-65.1 4188
-64.9 4192
-64.7 4130
-64.5 4228
-64.3 4244
-64.1 4280
-63.9 4176
-63.7 4291
-63.5 4078
-63.3 4232
-63.1 4300
-62.9 4215
-62.7 4260
-62.5 4165
-62.3 4179
-62.1 4079
-61.9 4199
-61.7 4176
-61.5 4165
-61.3 4152
-61.1 4185
-60.9 4185
-60.7 4299
-60.5 4236
-60.3 4099
-60.1 4160
-59.9 4080
-59.7 4233
-59.5 4263
-59.3 4336
-59.1 4189
-58.9 4197
-58.7 4125
-58.5 4180
-58.3 4256
-58.1 4257
-57.9 4263
-57.7 4188
-57.5 4223
-57.3 4220
-57.1 4139
-56.9 4144
-56.7 4164
-56.5 4091
-56.3 4149
-56.1 4113
-55.9 4205
-55.7 4124
-55.5 4119
-55.3 4078
-55.1 4198
-54.9 4116
-54.7 4088
-54.5 4153
-54.3 4180
-54.1 4121
-53.9 4164
-53.7 4196
-53.5 4189
-53.3 4147
-53.1 4081
-52.9 4140
-52.7 4160
-52.5 4115
-52.3 4290
-52.1 4146
-51.9 4184
-51.7 4217
-51.5 4259
-51.3 4178
-51.1 4276
-50.9 4136
-50.7 4068
-50.5 4310
-50.3 4227
-50.1 4245
-49.9 3989
-49.7 4110
-49.5 4233
-49.3 4204
-49.1 4118
-48.9 4250
-48.7 4111
-48.5 4342
-48.3 4267
-48.1 4208
-47.9 4121
-47.7 4124
-47.5 4275
-47.3 4228
-47.1 4268
-46.9 4191
-46.7 4164
-46.5 4198
-46.3 4143
-46.1 4092
-45.9 4098
-45.7 4141
-45.5 4119
-45.3 4075
-45.1 4143
-44.9 4206
-44.7 4212
-44.5 4149
-44.3 4083
-44.1 4201
-43.9 4169
-43.7 4124
-43.5 4160
-43.3 4111
-43.1 4081
-42.9 4273
-42.7 4264
-42.5 4129
-42.3 4117
-42.1 4161
-41.9 4211
-41.7 4294
-41.5 4257
-41.3 4173
-41.1 4170
-40.9 4137
-40.7 4146
-40.5 4074
-40.3 4084
-40.1 4070
-39.9 4052
-39.7 4053
-39.5 4155
-39.3 4165
-39.1 4118
-38.9 4125
-38.7 4094
-38.5 4053
-38.3 4137
-38.1 3832
-37.9 4092
-37.7 4165
-37.5 3991
-37.3 4126
-37.1 4129
-36.9 4138
-36.7 4066
-36.5 4148
-36.3 4144
-36.1 4112
-35.9 4155
-35.7 4085
-35.5 4142
-35.3 4068
-35.1 4053
-34.9 4098
-34.7 4054
-34.5 4140
-34.3 4127
-34.1 4179
-33.9 4071
-33.7 4097
-33.5 4197
-33.3 4136
-33.1 4151
-32.9 4149
-32.7 4116
-32.5 4119
-32.3 4204
-32.1 4180
-31.9 4167
-31.7 4176
-31.5 4151
-31.3 4025
-31.1 4171
-30.9 4140
-30.7 4185
-30.5 4202
-30.3 4269
-30.1 4216
-29.9 4071
-29.7 4077
-29.5 4183
-29.3 4201
-29.1 4202
-28.9 4048
-28.7 4189
-28.5 4164
-28.3 4189
-28.1 4243
-27.9 4173
-27.7 4161
-27.5 4093
-27.3 4179
-27.1 4189
-26.9 4154
-26.7 4247
-26.5 4149
-26.3 4198
-26.1 4139
-25.9 4153
-25.7 4185
-25.5 4186
-25.3 4105
-25.1 4212
-24.9 4301
-24.7 4105
-24.5 4109
-24.3 4109
-24.1 4027
-23.9 4167
-23.7 4187
-23.5 4244
-23.3 4051
-23.1 4171
-22.9 3987
-22.7 4136
-22.5 4092
-22.3 4129
-22.1 4062
-21.9 4081
-21.7 4086
-21.5 4090
-21.3 3967
-21.1 4075
-20.9 4063
-20.7 4063
-20.5 4103
-20.3 4136
-20.1 4164
-19.9 4158
-19.7 4177
-19.5 4103
-19.3 4026
-19.1 4044
-18.9 4132
-18.7 4169
-18.5 4111
-18.3 4006
-18.1 4259
-17.9 4106
-17.7 4149
-17.5 4088
-17.3 4082
-17.1 4086
-16.9 4017
-16.7 4090
-16.5 4159
-16.3 4050
-16.1 4078
-15.9 4044
-15.7 4097
-15.5 4067
-15.3 4003
-15.1 4082
-14.9 3975
-14.7 4090
-14.5 3974
-14.3 4215
-14.1 4081
-13.9 4049
-13.7 4119
-13.5 4107
-13.3 4064
-13.1 4230
-12.9 3892
-12.7 4068
-12.5 4057
-12.3 4091
-12.1 4172
-11.9 4169
-11.7 4097
-11.5 4071
-11.3 4072
-11.1 4187
-10.9 3976
-10.7 4147
-10.5 3999
-10.3 4002
-10.1 4100
-9.9 4097
-9.7 4060
-9.5 3995
-9.3 4195
-9.1 4068
-8.9 4025
-8.7 4086
-8.5 4162
-8.3 4141
-8.1 4167
-7.9 4217
-7.7 4017
-7.5 3954
-7.3 4119
-7.1 4156
-6.9 4143
-6.7 4195
-6.5 4009
-6.3 4168
-6.1 4230
-5.9 4178
-5.7 4114
-5.5 4134
-5.3 4125
-5.1 4035
-4.9 4143
-4.7 4031
-4.5 4065
-4.3 4109
-4.1 4023
-3.9 4079
-3.7 4115
-3.5 4131
-3.3 4045
-3.1 4227
-2.9 4110
-2.7 4156
-2.5 4162
-2.3 4174
-2.1 4206
-1.9 4239
-1.7 4235
-1.5 4091
-1.3 4109
-1.1 4000
-0.9 4174
-0.7 4127
-0.5 4180
-0.3 4198
-0.1 4227
0.1 4192
0.3 4123
0.5 4089
0.7 4117
0.9 4060
1.1 4123
1.3 4105
1.5 4190
1.7 4247
1.9 4184
2.1 4123
2.3 4099
2.5 4132
2.7 4139
2.9 4113
3.1 4108
3.3 4193
3.5 4094
3.7 3963
3.9 4124
4.1 4136
4.3 4238
4.5 4205
4.7 4021
4.9 4079
5.1 4210
5.3 4019
5.5 4069
5.7 4186
5.9 4120
6.1 4098
6.3 4135
6.5 4107
6.7 4056
6.9 4004
7.1 3954
7.3 4156
7.5 4130
7.7 3997
7.9 3960
8.1 4036
8.3 4016
8.5 4046
8.7 4042
8.9 3960
9.1 4071
9.3 4097
9.5 4201
9.7 3942
9.9 4048
10.1 3972
10.3 3939
10.5 4039
10.7 3975
10.9 4064
11.1 4052
11.3 3899
11.5 3969
11.7 3875
11.9 3869
12.1 3957
12.3 3874
12.5 3869
12.7 3895
12.9 3927
13.1 3890
13.3 3882
13.5 3946
13.7 3726
13.9 3931
14.1 3834
14.3 3793
14.5 3745
14.7 3477
14.9 3794
15.1 3644
15.3 3717
15.5 3659
15.7 3635
15.9 3617
16.1 3595
16.3 3630
16.5 3416
16.7 3388
16.9 3449
17.1 3381
17.3 3424
17.5 3303
17.7 3297
17.9 3249
18.1 3339
18.3 3303
18.5 3144
18.7 3186
18.9 3129
19.1 3152
19.3 3041
19.5 3027
19.7 3088
19.9 2960
20.1 2979
20.3 2900
20.5 2924
20.7 2896
20.9 2855
21.1 2802
21.3 2698
21.5 2743
21.7 2752
21.9 2590
22.1 2543
22.3 2486
22.5 2466
22.7 2499
22.9 2404
23.1 2420
23.3 2256
23.5 2250
23.7 2212
23.9 2268
24.1 2128
24.3 2042
24.5 2004
24.7 2031
24.9 1989
25.1 1890
25.3 1800
25.5 1904
25.7 1719
25.9 1726
26.1 1665
26.3 1660
26.5 1678
26.7 1582
26.9 1588
27.1 1541
27.3 1472
27.5 1402
27.7 1416
27.9 1362
28.1 1261
28.3 1252
28.5 1197
28.7 1137
28.9 1117
29.1 1116
29.3 1037
29.5 1038
29.7 949
29.9 974
30.1 885
30.3 912
30.5 918
30.7 860
30.9 762
31.1 717
31.3 722
31.5 689
31.7 683
31.9 691
32.1 639
32.3 603
32.5 612
32.7 558
32.9 495
33.1 444
33.3 485
33.5 453
33.7 430
33.9 399
34.1 373
34.3 378
34.5 349
34.7 329
34.9 314
35.1 342
35.3 293
35.5 263
35.7 264
35.9 237
36.1 220
36.3 202
36.5 232
36.7 207
36.9 176
37.1 156
37.3 138
37.5 156
37.7 116
37.9 109
38.1 143
38.3 97
38.5 103
38.7 107
38.9 89
39.1 84
39.3 70
39.5 75
39.7 67
39.9 74
40.1 52
40.3 47
40.5 56
40.7 44
40.9 50
41.1 45
41.3 42
41.5 36
41.7 26
41.9 23
42.1 34
42.3 27
42.5 22
42.7 19
42.9 19
43.1 18
43.3 16
43.5 15
43.7 11
43.9 15
44.1 12
44.3 14
44.5 14
44.7 9
44.9 9
45.1 9
45.3 11
45.5 3
45.7 7
45.9 8
46.1 6
46.3 5
46.5 4
46.7 2
46.9 8
47.1 3
47.3 3
47.5 2
47.7 4
47.9 8
48.1 1
48.3 9
48.5 6
48.7 7
48.9 4
49.1 1
49.3 6
49.5 3
49.7 5
49.9 3
