-209.9 0
-209.7 3
-209.5 2
-209.3 0
-209.1 0
-208.9 2
-208.7 1
-208.5 3
-208.3 0
-208.1 1
-207.9 0
-207.7 1
-207.5 2
-207.3 2
-207.1 1
-206.9 0
-206.7 1
-206.5 0
-206.3 0
-206.1 0
-205.9 1
-205.7 0
-205.5 0
-205.3 1
-205.1 2
-204.9 2
-204.7 1
-204.5 0
-204.3 0
-204.1 0
-203.9 4
-203.7 1
-203.5 0
-203.3 2
-203.1 2
-202.9 0
-202.7 3
-202.5 2
-202.3 0
-202.1 2
-201.9 1
-201.7 0
-201.5 0
-201.3 0
-201.1 0
-200.9 2
-200.7 0
-200.5 0
-200.3 1
-200.1 1
-199.9 1
-199.7 1
-199.5 0
-199.3 0
-199.1 0
-198.9 2
-198.7 2
-198.5 11
-198.3 12
-198.1 39
-197.9 88
-197.7 104
-197.5 184
-197.3 271
-197.1 373
-196.9 522
-196.7 714
-196.5 893
-196.3 1186
-196.1 1552
-195.9 1986
-195.7 2549
-195.5 3087
-195.3 3668
-195.1 4282
-194.9 5023
-194.7 5632
-194.5 6284
-194.3 6785
-194.1 7074
-193.9 7563
-193.7 7841
-193.5 8139
-193.3 8137
-193.1 8397
-192.9 8470
-192.7 8342
-192.5 8459
-192.3 8365
-192.1 8349
-191.9 8306
-191.7 8096
-191.5 8117
-191.3 8019
-191.1 7993
-190.9 7768
-190.7 7630
-190.5 7787
-190.3 7764
-190.1 7582
-189.9 7532
-189.7 7183
-189.5 7231
-189.3 7233
-189.1 7233
-188.9 7140
-188.7 6900
-188.5 7069
-188.3 6913
-188.1 6926
-187.9 6557
-187.7 6748
-187.5 6493
-187.3 6547
-187.1 6701
-186.9 6604
-186.7 6526
-186.5 6463
-186.3 6668
-186.1 6400
-185.9 6484
-185.7 6223
-185.5 6416
-185.3 6402
-185.1 6160
-184.9 6214
-184.7 6017
-184.5 6210
-184.3 6064
-184.1 6149
-183.9 6152
-183.7 5974
-183.5 5884
-183.3 5894
-183.1 5926
-182.9 5795
-182.7 5849
-182.5 5917
-182.3 5742
-182.1 5711
-181.9 5823
-181.7 5819
-181.5 5591
-181.3 5686
-181.1 5511
-180.9 5672
-180.7 5570
-180.5 5487
-180.3 5341
-180.1 5361
-179.9 5347
-179.7 5408
-179.5 5240
-179.3 5230
-179.1 5197
-178.9 5263
-178.7 5138
-178.5 5154
-178.3 5106
-178.1 4988
-177.9 5013
-177.7 5034
-177.5 4909
-177.3 4837
-177.1 4892
-176.9 4933
-176.7 4877
-176.5 4763
-176.3 4847
-176.1 4878
-175.9 4806
-175.7 4741
-175.5 4667
-175.3 4767
-175.1 4555
-174.9 4624
-174.7 4652
-174.5 4674
-174.3 4643
-174.1 4564
-173.9 4611
-173.7 4609
-173.5 4665
-173.3 4601
-173.1 4434
-172.9 4587
-172.7 4452
-172.5 4525
-172.3 4425
-172.1 4359
-171.9 4400
-171.7 4433
-171.5 4439
-171.3 4352
-171.1 4257
-170.9 4294
-170.7 4357
-170.5 4474
-170.3 4355
-170.1 4307
-169.9 4316
-169.7 4414
-169.5 4240
-169.3 4291
-169.1 4364
-168.9 4256
-168.7 4294
-168.5 4239
-168.3 4368
-168.1 4363
-167.9 4297
-167.7 4281
-167.5 4463
-167.3 4199
-167.1 4324
-166.9 4281
-166.7 4273
-166.5 4291
-166.3 4110
-166.1 4161
-165.9 4312
-165.7 4245
-165.5 4236
-165.3 4185
-165.1 4183
-164.9 4179
-164.7 4325
-164.5 4159
-164.3 4267
-164.1 4134
-163.9 4223
-163.7 4244
-163.5 4139
-163.3 4186
-163.1 4179
-162.9 4200
-162.7 4186
-162.5 4152
-162.3 4220
-162.1 4089
-161.9 4180
-161.7 4145
-161.5 4019
-161.3 4210
-161.1 4030
-160.9 4101
-160.7 4176
-160.5 4233
-160.3 4175
-160.1 4131
-159.9 4060
-159.7 4234
-159.5 4096
-159.3 4152
-159.1 4101
-158.9 4305
-158.7 3972
-158.5 4069
-158.3 4167
-158.1 4156
-157.9 4017
-157.7 4123
-157.5 4143
-157.3 4042
-157.1 4080
-156.9 4080
-156.7 4068
-156.5 4160
-156.3 4189
-156.1 4056
-155.9 4134
-155.7 4101
-155.5 4077
-155.3 4057
-155.1 4081
-154.9 4080
-154.7 4179
-154.5 4012
-154.3 4055
-154.1 4146
-153.9 4081
-153.7 4029
-153.5 4221
-153.3 4036
-153.1 4136
-152.9 4037
-152.7 3997
-152.5 4155
-152.3 4032
-152.1 3998
-151.9 4080
-151.7 4092
-151.5 4044
-151.3 3954
-151.1 4185
-150.9 4092
-150.7 3988
-150.5 4048
-150.3 4051
-150.1 3962
-149.9 4013
-149.7 3982
-149.5 4028
-149.3 4236
-149.1 4104
-148.9 4088
-148.7 4074
-148.5 4062
-148.3 4069
-148.1 4022
-147.9 4014
-147.7 3945
-147.5 4002
-147.3 3962
-147.1 4059
-146.9 3901
-146.7 3949
-146.5 4090
-146.3 3998
-146.1 4091
-145.9 3885
-145.7 3913
-145.5 4016
-145.3 4028
-145.1 4045
-144.9 3983
-144.7 3959
-144.5 3873
-144.3 3947
-144.1 3928
-143.9 3909
-143.7 3869
-143.5 3900
-143.3 4003
-143.1 3839
-142.9 4033
-142.7 4035
-142.5 3881
-142.3 3897
-142.1 3897
-141.9 3815
-141.7 3837
-141.5 3786
-141.3 3955
-141.1 3978
-140.9 3855
-140.7 3912
-140.5 3905
-140.3 3877
-140.1 3807
-139.9 3856
-139.7 3983
-139.5 3842
-139.3 3887
-139.1 3810
-138.9 3865
-138.7 4010
-138.5 3807
-138.3 3863
-138.1 3987
-137.9 3823
-137.7 3929
-137.5 3918
-137.3 3945
-137.1 4107
-136.9 3975
-136.7 4087
-136.5 4055
-136.3 4065
-136.1 4048
-135.9 4119
-135.7 3957
-135.5 4055
-135.3 3985
-135.1 4040
-134.9 4023
-134.7 4037
-134.5 4069
-134.3 4050
-134.1 4148
-133.9 4183
-133.7 4217
-133.5 4132
-133.3 3986
-133.1 4231
-132.9 4128
-132.7 4065
-132.5 4029
-132.3 4174
-132.1 4037
-131.9 4102
-131.7 4143
-131.5 4130
-131.3 4098
-131.1 4032
-130.9 4177
-130.7 4149
-130.5 4182
-130.3 4056
-130.1 4156
-129.9 4171
-129.7 4244
-129.5 4195
-129.3 4221
-129.1 4148
-128.9 4201
-128.7 4110
-128.5 4212
-128.3 4114
-128.1 4171
-127.9 4246
-127.7 4109
-127.5 4167
-127.3 4168
-127.1 4168
-126.9 4052
-126.7 4161
-126.5 4102
-126.3 4041
-126.1 4248
-125.9 4103
-125.7 4073
-125.5 4087
-125.3 3991
-125.1 4032
-124.9 4143
-124.7 4037
-124.5 4153
-124.3 4108
-124.1 3965
-123.9 4155
-123.7 4143
-123.5 4052
-123.3 4065
-123.1 4107
-122.9 4071
-122.7 4169
-122.5 4116
-122.3 4160
-122.1 4036
-121.9 4130
-121.7 4147
-121.5 4111
-121.3 4016
-121.1 4154
-120.9 4026
-120.7 4042
-120.5 3955
-120.3 4126
-120.1 4070
-119.9 4007
-119.7 4047
-119.5 4038
-119.3 4047
-119.1 3981
-118.9 3861
-118.7 3933
-118.5 3983
-118.3 4113
-118.1 4044
-117.9 4002
-117.7 4068
-117.5 4010
-117.3 4127
-117.1 3990
-116.9 3987
-116.7 3992
-116.5 3986
-116.3 4037
-116.1 3970
-115.9 3939
-115.7 4083
-115.5 4144
-115.3 3990
-115.1 3977
-114.9 3941
-114.7 3922
-114.5 3877
-114.3 4042
-114.1 3928
-113.9 3955
-113.7 4060
-113.5 3990
-113.3 3952
-113.1 3986
-112.9 4002
-112.7 3946
-112.5 3946
-112.3 4069
-112.1 4055
-111.9 4035
-111.7 4037
-111.5 4083
-111.3 3958
-111.1 3984
-110.9 4086
-110.7 3944
-110.5 4006
-110.3 4038
-110.1 3932
-109.9 4005
-109.7 3962
-109.5 4039
-109.3 3979
-109.1 4022
-108.9 3822
-108.7 3975
-108.5 3893
-108.3 3993
-108.1 4025
-107.9 3926
-107.7 3946
-107.5 4010
-107.3 3930
-107.1 3942
-106.9 3990
-106.7 4084
-106.5 3971
-106.3 3958
-106.1 3941
-105.9 3994
-105.7 3985
-105.5 3832
-105.3 4028
-105.1 3914
-104.9 3894
-104.7 3925
-104.5 3826
-104.3 4014
-104.1 3928
-103.9 3909
-103.7 3885
-103.5 3843
-103.3 4009
-103.1 3966
-102.9 4009
-102.7 3937
-102.5 3945
-102.3 4021
-102.1 3841
-101.9 4046
-101.7 3875
-101.5 3991
-101.3 3891
-101.1 3973
-100.9 3886
-100.7 3844
-100.5 3880
-100.3 3880
-100.1 3884
-99.9 3906
-99.7 4090
-99.5 3898
-99.3 3954
-99.1 3871
-98.9 3890
-98.7 3885
-98.5 3930
-98.3 3922
-98.1 3979
-97.9 3946
-97.7 3946
-97.5 3962
-97.3 3915
-97.1 3918
-96.9 4115
-96.7 3875
-96.5 3977
-96.3 3949
-96.1 3971
-95.9 4071
-95.7 3865
-95.5 4060
-95.3 4022
-95.1 3894
-94.9 4074
-94.7 4143
-94.5 3975
-94.3 4061
-94.1 4086
-93.9 4111
-93.7 4012
-93.5 3950
-93.3 4006
-93.1 4054
-92.9 4027
-92.7 3969
-92.5 3999
-92.3 4031
-92.1 3963
-91.9 3842
-91.7 3992
-91.5 4012
-91.3 4047
-91.1 3906
-90.9 4024
-90.7 3921
-90.5 4033
-90.3 3933
-90.1 3955
-89.9 3897
-89.7 3954
-89.5 4004
-89.3 3988
-89.1 3998
-88.9 3982
-88.7 4098
-88.5 3969
-88.3 4082
-88.1 4007
-87.9 4084
-87.7 3934
-87.5 3881
-87.3 3934
-87.1 4052
-86.9 4095
-86.7 3915
-86.5 3913
-86.3 4206
-86.1 3997
-85.9 4083
-85.7 4016
-85.5 4023
-85.3 4030
-85.1 3998
-84.9 3990
-84.7 3973
-84.5 4050
-84.3 3997
-84.1 4007
-83.9 4011
-83.7 3964
-83.5 3927
-83.3 3933
-83.1 4032
-82.9 4080
-82.7 3944
-82.5 3856
-82.3 3981
-82.1 4080
-81.9 3967
-81.7 3856
-81.5 4082
-81.3 3901
-81.1 3920
-80.9 3988
-80.7 4019
-80.5 3891
-80.3 3911
-80.1 3927
-79.9 3934
-79.7 3859
-79.5 3874
-79.3 3872
-79.1 4036
-78.9 3886
-78.7 3939
-78.5 3871
-78.3 4009
-78.1 3878
-77.9 3822
-77.7 3761
-77.5 3934
-77.3 4084
-77.1 3864
-76.9 3963
-76.7 4020
-76.5 3918
-76.3 3862
-76.1 3819
-75.9 3878
-75.7 3893
-75.5 3873
-75.3 3857
-75.1 3999
-74.9 3898
-74.7 4046
-74.5 3882
-74.3 3987
-74.1 3962
-73.9 3856
-73.7 3945
-73.5 3916
-73.3 3953
-73.1 3904
-72.9 3948
-72.7 3880
-72.5 3891
-72.3 3979
-72.1 3936
-71.9 4017
-71.7 3842
-71.5 4024
-71.3 3999
-71.1 4111
-70.9 3987
-70.7 4004
-70.5 3989
-70.3 3962
-70.1 3975
-69.9 3880
-69.7 4024
-69.5 3982
-69.3 3959
-69.1 3901
-68.9 3988
-68.7 3866
-68.5 4029
-68.3 4000
-68.1 3935
-67.9 3875
-67.7 3846
-67.5 3808
-67.3 3863
-67.1 3885
-66.9 3972
-66.7 3924
-66.5 3941
-66.3 3969
-66.1 3987
-65.9 4092
-65.7 3916
-65.5 4121
-65.3 4032
-65.1 3949
-64.9 4026
-64.7 4064
-64.5 3939
-64.3 4075
-64.1 4006
-63.9 3874
-63.7 4061
-63.5 3892
-63.3 4056
-63.1 4100
-62.9 3925
-62.7 3952
-62.5 3936
-62.3 3996
-62.1 4005
-61.9 3988
-61.7 4002
-61.5 4063
-61.3 3998
-61.1 3843
-60.9 3950
-60.7 3914
-60.5 4005
-60.3 4003
-60.1 3900
-59.9 3942
-59.7 3882
-59.5 4006
-59.3 3911
-59.1 4028
-58.9 3938
-58.7 3896
-58.5 3905
-58.3 3988
-58.1 3958
-57.9 3929
-57.7 3939
-57.5 3920
-57.3 3933
-57.1 3954
-56.9 3993
-56.7 3967
-56.5 3949
-56.3 4001
-56.1 3926
-55.9 3996
-55.7 3931
-55.5 3943
-55.3 3927
-55.1 3990
-54.9 4051
-54.7 3939
-54.5 4072
-54.3 4047
-54.1 4052
-53.9 4072
-53.7 3935
-53.5 4025
-53.3 3943
-53.1 3913
-52.9 3830
-52.7 3955
-52.5 3908
-52.3 4018
-52.1 4044
-51.9 4003
-51.7 3927
-51.5 4004
-51.3 4041
-51.1 3893
-50.9 4085
-50.7 3969
-50.5 3907
-50.3 4028
-50.1 4068
-49.9 4033
-49.7 4026
-49.5 3949
-49.3 4069
-49.1 4036
-48.9 3988
-48.7 4047
-48.5 4069
-48.3 3982
-48.1 4169
-47.9 4041
-47.7 4010
-47.5 4005
-47.3 3892
-47.1 3897
-46.9 3922
-46.7 4055
-46.5 4092
-46.3 4026
-46.1 4030
-45.9 3870
-45.7 4019
-45.5 3971
-45.3 3973
-45.1 4087
-44.9 3913
-44.7 4050
-44.5 3943
-44.3 3966
-44.1 3974
-43.9 3958
-43.7 3948
-43.5 3889
-43.3 3909
-43.1 3998
-42.9 3993
-42.7 3964
-42.5 3966
-42.3 3947
-42.1 4001
-41.9 4052
-41.7 3927
-41.5 3849
-41.3 3973
-41.1 4020
-40.9 3987
-40.7 3954
-40.5 3974
-40.3 4012
-40.1 3859
-39.9 3996
-39.7 3917
-39.5 3977
-39.3 3904
-39.1 3910
-38.9 3930
-38.7 3978
-38.5 4020
-38.3 3919
-38.1 3946
-37.9 4067
-37.7 4033
-37.5 3980
-37.3 3945
-37.1 4005
-36.9 4107
-36.7 3887
-36.5 3970
-36.3 3962
-36.1 3946
-35.9 4061
-35.7 3895
-35.5 4021
-35.3 3921
-35.1 3993
-34.9 3964
-34.7 3951
-34.5 4080
-34.3 3990
-34.1 3958
-33.9 3940
-33.7 3921
-33.5 3985
-33.3 4038
-33.1 4096
-32.9 3938
-32.7 3904
-32.5 4030
-32.3 3884
-32.1 4017
-31.9 3948
-31.7 3882
-31.5 3942
-31.3 3911
-31.1 3875
-30.9 3863
-30.7 3918
-30.5 3865
-30.3 3842
-30.1 3971
-29.9 3996
-29.7 3973
-29.5 3895
-29.3 3837
-29.1 3954
-28.9 3927
-28.7 3946
-28.5 3891
-28.3 3921
-28.1 3904
-27.9 3875
-27.7 3889
-27.5 3946
-27.3 3963
-27.1 3847
-26.9 3950
-26.7 3894
-26.5 3960
-26.3 3983
-26.1 3883
-25.9 3854
-25.7 3901
-25.5 3919
-25.3 3863
-25.1 3851
-24.9 3878
-24.7 3899
-24.5 3933
-24.3 3943
-24.1 3865
-23.9 3923
-23.7 3894
-23.5 3926
-23.3 3827
-23.1 3994
-22.9 3931
-22.7 3904
-22.5 3839
-22.3 3939
-22.1 4035
-21.9 3884
-21.7 3933
-21.5 3897
-21.3 3970
-21.1 3930
-20.9 3990
-20.7 3915
-20.5 3886
-20.3 3984
-20.1 3865
-19.9 3909
-19.7 3868
-19.5 4008
-19.3 3832
-19.1 3905
-18.9 3902
-18.7 3968
-18.5 3745
-18.3 3972
-18.1 3971
-17.9 3986
-17.7 4077
-17.5 3876
-17.3 3874
-17.1 3986
-16.9 3942
-16.7 3931
-16.5 3892
-16.3 3933
-16.1 3894
-15.9 3925
-15.7 4061
-15.5 4026
-15.3 3928
-15.1 3990
-14.9 4046
-14.7 3868
-14.5 3872
-14.3 3998
-14.1 4075
-13.9 4016
-13.7 4008
-13.5 3914
-13.3 3967
-13.1 3941
-12.9 4113
-12.7 3984
-12.5 3903
-12.3 3958
-12.1 3938
-11.9 3974
-11.7 3883
-11.5 3962
-11.3 3921
-11.1 3929
-10.9 4083
-10.7 3975
-10.5 4067
-10.3 3851
-10.1 3920
-9.9 3965
-9.7 3944
-9.5 3927
-9.3 3937
-9.1 3865
-8.9 4002
-8.7 3879
-8.5 3946
-8.3 3985
-8.1 3985
-7.9 3985
-7.7 4025
-7.5 3930
-7.3 3951
-7.1 3974
-6.9 4002
-6.7 3965
-6.5 3920
-6.3 3866
-6.1 4064
-5.9 3827
-5.7 3841
-5.5 4023
-5.3 3854
-5.1 3942
-4.9 4044
-4.7 3945
-4.5 3908
-4.3 3930
-4.1 3906
-3.9 3927
-3.7 3960
-3.5 3931
-3.3 3960
-3.1 4036
-2.9 3931
-2.7 3999
-2.5 4012
-2.3 3922
-2.1 3974
-1.9 3868
-1.7 3930
-1.5 3910
-1.3 3917
-1.1 3877
-0.9 3863
-0.7 3883
-0.5 3962
-0.3 4049
-0.1 3853
0.1 3945
0.3 3902
0.5 3984
0.7 4065
0.9 3781
1.1 3833
1.3 3968
1.5 3937
1.7 3844
1.9 3917
2.1 3877
2.3 3922
2.5 3923
2.7 4005
2.9 3842
3.1 3860
3.3 4021
3.5 3815
3.7 3933
3.9 3763
4.1 3926
4.3 3947
4.5 3876
4.7 3841
4.9 3903
5.1 3927
5.3 3923
5.5 3933
5.7 3905
5.9 3996
6.1 3934
6.3 3892
6.5 3863
6.7 3845
6.9 3947
7.1 3935
7.3 3890
7.5 3926
7.7 3868
7.9 3958
8.1 3833
8.3 3836
8.5 3945
8.7 3885
8.9 3732
9.1 3826
9.3 3840
9.5 3849
9.7 3875
9.9 3932
10.1 3777
10.3 3828
10.5 3833
10.7 3809
10.9 3834
11.1 3840
11.3 3757
11.5 3771
11.7 3835
11.9 3736
12.1 3689
12.3 3678
12.5 3669
12.7 3772
12.9 3694
13.1 3701
13.3 3702
13.5 3643
13.7 3517
13.9 3713
14.1 3566
14.3 3523
14.5 3568
14.7 3417
14.9 3498
15.1 3359
15.3 3450
15.5 3440
15.7 3389
15.9 3346
16.1 3261
16.3 3259
16.5 3271
16.7 3249
16.9 3187
17.1 3108
17.3 2986
17.5 3166
17.7 3088
17.9 2986
18.1 3025
18.3 2921
18.5 2903
18.7 2887
18.9 2639
19.1 2737
19.3 2663
19.5 2738
19.7 2656
19.9 2531
20.1 2471
20.3 2577
20.5 2481
20.7 2430
20.9 2389
21.1 2307
21.3 2331
21.5 2257
21.7 2308
21.9 2237
22.1 2126
22.3 2140
22.5 2074
22.7 1975
22.9 1988
23.1 1955
23.3 1935
23.5 1900
23.7 1799
23.9 1842
24.1 1698
24.3 1740
24.5 1697
24.7 1774
24.9 1645
25.1 1591
25.3 1557
25.5 1513
25.7 1475
25.9 1416
26.1 1423
26.3 1399
26.5 1333
26.7 1336
26.9 1280
27.1 1309
27.3 1206
27.5 1162
27.7 1159
27.9 1121
28.1 1101
28.3 1049
28.5 1046
28.7 991
28.9 1008
29.1 950
29.3 848
29.5 958
29.7 826
29.9 758
30.1 756
30.3 752
30.5 731
30.7 702
30.9 681
31.1 661
31.3 649
31.5 599
31.7 580
31.9 533
32.1 521
32.3 529
32.5 490
32.7 493
32.9 439
33.1 409
33.3 392
33.5 422
33.7 353
33.9 377
34.1 323
34.3 314
34.5 276
34.7 303
34.9 272
35.1 256
35.3 224
35.5 244
35.7 231
35.9 204
36.1 194
36.3 182
36.5 198
36.7 154
36.9 152
37.1 142
37.3 112
37.5 138
37.7 122
37.9 102
38.1 114
38.3 95
38.5 104
38.7 74
38.9 72
39.1 65
39.3 57
39.5 56
39.7 54
39.9 48
40.1 47
40.3 41
40.5 43
40.7 29
40.9 39
41.1 26
41.3 35
41.5 24
41.7 30
41.9 23
42.1 25
42.3 17
42.5 18
42.7 23
42.9 16
43.1 6
43.3 5
43.5 8
43.7 10
43.9 10
44.1 10
44.3 9
44.5 6
44.7 4
44.9 9
45.1 7
45.3 3
45.5 5
45.7 10
45.9 5
46.1 10
46.3 3
46.5 6
46.7 4
46.9 8
47.1 3
47.3 1
47.5 7
47.7 2
47.9 6
48.1 1
48.3 2
48.5 3
48.7 2
48.9 5
49.1 3
49.3 4
49.5 1
49.7 4
49.9 9
