-209.9 0
-209.7 2
-209.5 3
-209.3 3
-209.1 5
-208.9 4
-208.7 2
-208.5 5
-208.3 5
-208.1 4
-207.9 0
-207.7 2
-207.5 2
-207.3 4
-207.1 2
-206.9 0
-206.7 1
-206.5 3
-206.3 0
-206.1 1
-205.9 1
-205.7 1
-205.5 7
-205.3 1
-205.1 5
-204.9 4
-204.7 1
-204.5 0
-204.3 1
-204.1 2
-203.9 5
-203.7 2
-203.5 1
-203.3 2
-203.1 6
-202.9 3
-202.7 5
-202.5 4
-202.3 3
-202.1 3
-201.9 1
-201.7 0
-201.5 0
-201.3 1
-201.1 0
-200.9 2
-200.7 0
-200.5 2
-200.3 5
-200.1 14
-199.9 26
-199.7 29
-199.5 63
-199.3 79
-199.1 115
-198.9 176
-198.7 264
-198.5 328
-198.3 466
-198.1 606
-197.9 758
-197.7 1026
-197.5 1306
-197.3 1607
-197.1 2021
-196.9 2479
-196.7 2804
-196.5 3393
-196.3 3915
-196.1 4461
-195.9 4901
-195.7 5484
-195.5 5912
-195.3 6408
-195.1 6811
-194.9 7127
-194.7 7207
-194.5 7598
-194.3 7700
-194.1 7950
-193.9 8273
-193.7 8240
-193.5 8307
-193.3 8150
-193.1 8047
-192.9 8167
-192.7 8116
-192.5 8148
-192.3 8026
-192.1 7995
-191.9 7989
-191.7 7997
-191.5 7820
-191.3 7725
-191.1 7635
-190.9 7706
-190.7 7594
-190.5 7656
-190.3 7467
-190.1 7320
-189.9 7359
-189.7 7218
-189.5 7315
-189.3 7125
-189.1 7091
-188.9 7071
-188.7 7110
-188.5 6974
-188.3 6944
-188.1 6916
-187.9 6880
-187.7 6738
-187.5 6703
-187.3 6583
-187.1 6685
-186.9 6774
-186.7 6660
-186.5 6585
-186.3 6519
-186.1 6572
-185.9 6459
-185.7 6419
-185.5 6417
-185.3 6351
-185.1 6217
-184.9 6074
-184.7 6206
-184.5 6228
-184.3 6128
-184.1 6053
-183.9 6004
-183.7 6037
-183.5 5976
-183.3 5897
-183.1 5939
-182.9 5881
-182.7 5685
-182.5 5840
-182.3 5725
-182.1 5644
-181.9 5457
-181.7 5717
-181.5 5519
-181.3 5602
-181.1 5498
-180.9 5409
-180.7 5185
-180.5 5337
-180.3 5248
-180.1 5327
-179.9 5291
-179.7 5246
-179.5 5206
-179.3 5265
-179.1 5111
-178.9 5079
-178.7 5063
-178.5 4990
-178.3 4946
-178.1 5010
-177.9 4880
-177.7 5012
-177.5 4919
-177.3 4757
-177.1 4773
-176.9 4708
-176.7 4837
-176.5 4707
-176.3 4728
-176.1 4836
-175.9 4737
-175.7 4677
-175.5 4654
-175.3 4591
-175.1 4635
-174.9 4569
-174.7 4717
-174.5 4579
-174.3 4497
-174.1 4545
-173.9 4552
-173.7 4549
-173.5 4355
-173.3 4449
-173.1 4546
-172.9 4405
-172.7 4472
-172.5 4523
-172.3 4474
-172.1 4384
-171.9 4380
-171.7 4351
-171.5 4371
-171.3 4589
-171.1 4467
-170.9 4391
-170.7 4271
-170.5 4183
-170.3 4439
-170.1 4294
-169.9 4297
-169.7 4335
-169.5 4483
-169.3 4407
-169.1 4394
-168.9 4192
-168.7 4413
-168.5 4398
-168.3 4339
-168.1 4278
-167.9 4305
-167.7 4304
-167.5 4328
-167.3 4285
-167.1 4366
-166.9 4190
-166.7 4368
-166.5 4143
-166.3 4248
-166.1 4184
-165.9 4214
-165.7 4199
-165.5 4296
-165.3 4233
-165.1 4268
-164.9 4244
-164.7 4302
-164.5 4188
-164.3 4155
-164.1 4184
-163.9 4193
-163.7 4202
-163.5 4262
-163.3 4226
-163.1 4146
-162.9 4119
-162.7 4225
-162.5 4200
-162.3 4282
-162.1 4184
-161.9 4072
-161.7 4092
-161.5 4278
-161.3 4254
-161.1 4242
-160.9 4214
-160.7 4238
-160.5 4263
-160.3 4172
-160.1 4231
-159.9 4159
-159.7 4125
-159.5 4144
-159.3 4183
-159.1 4089
-158.9 4073
-158.7 4213
-158.5 4170
-158.3 4238
-158.1 4151
-157.9 4072
-157.7 4314
-157.5 4139
-157.3 4113
-157.1 4082
-156.9 4123
-156.7 4208
-156.5 4037
-156.3 4059
-156.1 4193
-155.9 4061
-155.7 4094
-155.5 4057
-155.3 4098
-155.1 4122
-154.9 4064
-154.7 4029
-154.5 4102
-154.3 4130
-154.1 4153
-153.9 4142
-153.7 4171
-153.5 4094
-153.3 4223
-153.1 4165
-152.9 4145
-152.7 4099
-152.5 4233
-152.3 4096
-152.1 4150
-151.9 4068
-151.7 4113
-151.5 4041
-151.3 4167
-151.1 4032
-150.9 4115
-150.7 4137
-150.5 4011
-150.3 4039
-150.1 3990
-149.9 4027
-149.7 4064
-149.5 4051
-149.3 4100
-149.1 4018
-148.9 4124
-148.7 4008
-148.5 4070
-148.3 4035
-148.1 4103
-147.9 4055
-147.7 4018
-147.5 3991
-147.3 4031
-147.1 4025
-146.9 4003
-146.7 4078
-146.5 3922
-146.3 4063
-146.1 3974
-145.9 3990
-145.7 4047
-145.5 4104
-145.3 4003
-145.1 3994
-144.9 4126
-144.7 3917
-144.5 4018
-144.3 3984
-144.1 3888
-143.9 3969
-143.7 3952
-143.5 4000
-143.3 3961
-143.1 3975
-142.9 4000
-142.7 3901
-142.5 3869
-142.3 3978
-142.1 4078
-141.9 3940
-141.7 3960
-141.5 4018
-141.3 4028
-141.1 4138
-140.9 3837
-140.7 3932
-140.5 3982
-140.3 3941
-140.1 4039
-139.9 3983
-139.7 3993
-139.5 3951
-139.3 4072
-139.1 3971
-138.9 3885
-138.7 3992
-138.5 4029
-138.3 4081
-138.1 4008
-137.9 3994
-137.7 3980
-137.5 4012
-137.3 4084
-137.1 4116
-136.9 4106
-136.7 4092
-136.5 4039
-136.3 4144
-136.1 4100
-135.9 4157
-135.7 4035
-135.5 4159
-135.3 4141
-135.1 4193
-134.9 4134
-134.7 4214
-134.5 4178
-134.3 4140
-134.1 4231
-133.9 4210
-133.7 4172
-133.5 4162
-133.3 4080
-133.1 4262
-132.9 4223
-132.7 4057
-132.5 4187
-132.3 4183
-132.1 4137
-131.9 4071
-131.7 4300
-131.5 4135
-131.3 4248
-131.1 4225
-130.9 4114
-130.7 4177
-130.5 4144
-130.3 4317
-130.1 4381
-129.9 4334
-129.7 4291
-129.5 4231
-129.3 4191
-129.1 4230
-128.9 4184
-128.7 4253
-128.5 4259
-128.3 4305
-128.1 4122
-127.9 4232
-127.7 4325
-127.5 4187
-127.3 4150
-127.1 4172
-126.9 4067
-126.7 4173
-126.5 4143
-126.3 4230
-126.1 4191
-125.9 4226
-125.7 4159
-125.5 4185
-125.3 4121
-125.1 4131
-124.9 4245
-124.7 4007
-124.5 4133
-124.3 4128
-124.1 4093
-123.9 4070
-123.7 4112
-123.5 4098
-123.3 4144
-123.1 4144
-122.9 4006
-122.7 4142
-122.5 4110
-122.3 4011
-122.1 4165
-121.9 4059
-121.7 4049
-121.5 4020
-121.3 4221
-121.1 4080
-120.9 4326
-120.7 4121
-120.5 4170
-120.3 4067
-120.1 4123
-119.9 3947
-119.7 4214
-119.5 4127
-119.3 3997
-119.1 4044
-118.9 4161
-118.7 4057
-118.5 4026
-118.3 4055
-118.1 4008
-117.9 4164
-117.7 4069
-117.5 4004
-117.3 4050
-117.1 4099
-116.9 4114
-116.7 4025
-116.5 4060
-116.3 4026
-116.1 4068
-115.9 4040
-115.7 3983
-115.5 3986
-115.3 4009
-115.1 4049
-114.9 4016
-114.7 4014
-114.5 4006
-114.3 4100
-114.1 4114
-113.9 3999
-113.7 3992
-113.5 3973
-113.3 4055
-113.1 4036
-112.9 3932
-112.7 3997
-112.5 4048
-112.3 3950
-112.1 3940
-111.9 4061
-111.7 4147
-111.5 4072
-111.3 4051
-111.1 4062
-110.9 4190
-110.7 3891
-110.5 4009
-110.3 4028
-110.1 4006
-109.9 4012
-109.7 4002
-109.5 4000
-109.3 3992
-109.1 4135
-108.9 4065
-108.7 4066
-108.5 4013
-108.3 4086
-108.1 4108
-107.9 3956
-107.7 4053
-107.5 4125
-107.3 4065
-107.1 3958
-106.9 4069
-106.7 3931
-106.5 4127
-106.3 4116
-106.1 4171
-105.9 4063
-105.7 4137
-105.5 4160
-105.3 4090
-105.1 3956
-104.9 4009
-104.7 4047
-104.5 4037
-104.3 4016
-104.1 4041
-103.9 4065
-103.7 3990
-103.5 4048
-103.3 4020
-103.1 4019
-102.9 3998
-102.7 4078
-102.5 3956
-102.3 3928
-102.1 3992
-101.9 4003
-101.7 3959
-101.5 4098
-101.3 3902
-101.1 3978
-100.9 4003
-100.7 4031
-100.5 3971
-100.3 4159
-100.1 4128
-99.9 4022
-99.7 4000
-99.5 3959
-99.3 3932
-99.1 4117
-98.9 3975
-98.7 3955
-98.5 4002
-98.3 3975
-98.1 4078
-97.9 4117
-97.7 4055
-97.5 4112
-97.3 4034
-97.1 3998
-96.9 4088
-96.7 4122
-96.5 3965
-96.3 3955
-96.1 3899
-95.9 4016
-95.7 4092
-95.5 3974
-95.3 4028
-95.1 4029
-94.9 4087
-94.7 4024
-94.5 4086
-94.3 4019
-94.1 4042
-93.9 4034
-93.7 4106
-93.5 4030
-93.3 3957
-93.1 4062
-92.9 3984
-92.7 4045
-92.5 4074
-92.3 4007
-92.1 4157
-91.9 3987
-91.7 4042
-91.5 4073
-91.3 4127
-91.1 4034
-90.9 4006
-90.7 3924
-90.5 4087
-90.3 4062
-90.1 4077
-89.9 4071
-89.7 4108
-89.5 4082
-89.3 4030
-89.1 3955
-88.9 4027
-88.7 3991
-88.5 4018
-88.3 3981
-88.1 4019
-87.9 4015
-87.7 3976
-87.5 3992
-87.3 3973
-87.1 4008
-86.9 4089
-86.7 4028
-86.5 3987
-86.3 4082
-86.1 4075
-85.9 4053
-85.7 4120
-85.5 4182
-85.3 4104
-85.1 3932
-84.9 4016
-84.7 4020
-84.5 4084
-84.3 3997
-84.1 4031
-83.9 3934
-83.7 3958
-83.5 3980
-83.3 3968
-83.1 4041
-82.9 4102
-82.7 4057
-82.5 4101
-82.3 4010
-82.1 4060
-81.9 4001
-81.7 4069
-81.5 4070
-81.3 3889
-81.1 3949
-80.9 4022
-80.7 4070
-80.5 4037
-80.3 4146
-80.1 4099
-79.9 4032
-79.7 3951
-79.5 4020
-79.3 4037
-79.1 4077
-78.9 4150
-78.7 3998
-78.5 4202
-78.3 4197
-78.1 4003
-77.9 4123
-77.7 4027
-77.5 4035
-77.3 4032
-77.1 4092
-76.9 3926
-76.7 3909
-76.5 4006
-76.3 3966
-76.1 4075
-75.9 3959
-75.7 4069
-75.5 3931
-75.3 4095
-75.1 3991
-74.9 3975
-74.7 4043
-74.5 3968
-74.3 4077
-74.1 3990
-73.9 4019
-73.7 4016
-73.5 4032
-73.3 3929
-73.1 4029
-72.9 4107
-72.7 4050
-72.5 4036
-72.3 3937
-72.1 4048
-71.9 4051
-71.7 4090
-71.5 4013
-71.3 4159
-71.1 3933
-70.9 4055
-70.7 4064
-70.5 4124
-70.3 4004
-70.1 4079
-69.9 3973
-69.7 4023
-69.5 4045
-69.3 4009
-69.1 4022
-68.9 4051
-68.7 3977
-68.5 4098
-68.3 4016
-68.1 4010
-67.9 4185
-67.7 4092
-67.5 4108
-67.3 3993
-67.1 4132
-66.9 3938
-66.7 4047
-66.5 3973
-66.3 3988
-66.1 3955
-65.9 4072
-65.7 4030
-65.5 3923
-65.3 4092
-65.1 3912
-64.9 3968
-64.7 4146
-64.5 3989
-64.3 4114
-64.1 4198
-63.9 3889
-63.7 4020
-63.5 4037
-63.3 4175
-63.1 4065
-62.9 3954
-62.7 4024
-62.5 4059
-62.3 4110
-62.1 4022
-61.9 3972
-61.7 4053
-61.5 4116
-61.3 4088
-61.1 4047
-60.9 4097
-60.7 4074
-60.5 4090
-60.3 4085
-60.1 3982
-59.9 4174
-59.7 4079
-59.5 4060
-59.3 4054
-59.1 4043
-58.9 4189
-58.7 4066
-58.5 4119
-58.3 4062
-58.1 3971
-57.9 4080
-57.7 4088
-57.5 4072
-57.3 4078
-57.1 4072
-56.9 3977
-56.7 4056
-56.5 4080
-56.3 4066
-56.1 4078
-55.9 4073
-55.7 3952
-55.5 4024
-55.3 4037
-55.1 4089
-54.9 4008
-54.7 4045
-54.5 4069
-54.3 4108
-54.1 4069
-53.9 4090
-53.7 4170
-53.5 4023
-53.3 3983
-53.1 4019
-52.9 3978
-52.7 4148
-52.5 3967
-52.3 4043
-52.1 3995
-51.9 4036
-51.7 4098
-51.5 4028
-51.3 4042
-51.1 3999
-50.9 3976
-50.7 4021
-50.5 4123
-50.3 4112
-50.1 4111
-49.9 4014
-49.7 4039
-49.5 4065
-49.3 4026
-49.1 4092
-48.9 3931
-48.7 4100
-48.5 4139
-48.3 4092
-48.1 4106
-47.9 3879
-47.7 4090
-47.5 3938
-47.3 4000
-47.1 4080
-46.9 4020
-46.7 4099
-46.5 3980
-46.3 4005
-46.1 4082
-45.9 4074
-45.7 3921
-45.5 3980
-45.3 4060
-45.1 3862
-44.9 4033
-44.7 4044
-44.5 4139
-44.3 4120
-44.1 4041
-43.9 4043
-43.7 3922
-43.5 4070
-43.3 4099
-43.1 4056
-42.9 4047
-42.7 4045
-42.5 4080
-42.3 4155
-42.1 4020
-41.9 4016
-41.7 4046
-41.5 3974
-41.3 3945
-41.1 4033
-40.9 3931
-40.7 4106
-40.5 3970
-40.3 4001
-40.1 4058
-39.9 4098
-39.7 4098
-39.5 4072
-39.3 4065
-39.1 3973
-38.9 3990
-38.7 3863
-38.5 4060
-38.3 3920
-38.1 3902
-37.9 3904
-37.7 3957
-37.5 4067
-37.3 3969
-37.1 4050
-36.9 4119
-36.7 4012
-36.5 3947
-36.3 3918
-36.1 4040
-35.9 3932
-35.7 4001
-35.5 4011
-35.3 4124
-35.1 3987
-34.9 3910
-34.7 4046
-34.5 4137
-34.3 4041
-34.1 3965
-33.9 3949
-33.7 4019
-33.5 4034
-33.3 3971
-33.1 3993
-32.9 4105
-32.7 4009
-32.5 4002
-32.3 4041
-32.1 4009
-31.9 4027
-31.7 3833
-31.5 3992
-31.3 3937
-31.1 3972
-30.9 3983
-30.7 3986
-30.5 3938
-30.3 4057
-30.1 4032
-29.9 3943
-29.7 3926
-29.5 4057
-29.3 3946
-29.1 4052
-28.9 4063
-28.7 4142
-28.5 3998
-28.3 4061
-28.1 4114
-27.9 3962
-27.7 3986
-27.5 4035
-27.3 4097
-27.1 3984
-26.9 4075
-26.7 3946
-26.5 3908
-26.3 4100
-26.1 4016
-25.9 4019
-25.7 4018
-25.5 3998
-25.3 4061
-25.1 4009
-24.9 3995
-24.7 4036
-24.5 3900
-24.3 4038
-24.1 4103
-23.9 3952
-23.7 4018
-23.5 4025
-23.3 4009
-23.1 3889
-22.9 3943
-22.7 4013
-22.5 3941
-22.3 4026
-22.1 3978
-21.9 3976
-21.7 4083
-21.5 3987
-21.3 4067
-21.1 3914
-20.9 3910
-20.7 4055
-20.5 3975
-20.3 4073
-20.1 4072
-19.9 4003
-19.7 3904
-19.5 3973
-19.3 4085
-19.1 3912
-18.9 3979
-18.7 4010
-18.5 4082
-18.3 4066
-18.1 4022
-17.9 3968
-17.7 4060
-17.5 3882
-17.3 4007
-17.1 4086
-16.9 3974
-16.7 4013
-16.5 4086
-16.3 4051
-16.1 3985
-15.9 3972
-15.7 4087
-15.5 3990
-15.3 3968
-15.1 4086
-14.9 3985
-14.7 3991
-14.5 3959
-14.3 3929
-14.1 4063
-13.9 3888
-13.7 4007
-13.5 4092
-13.3 4042
-13.1 3984
-12.9 4138
-12.7 3865
-12.5 3944
-12.3 3965
-12.1 4116
-11.9 4098
-11.7 4013
-11.5 3926
-11.3 4062
-11.1 3983
-10.9 4068
-10.7 3908
-10.5 3973
-10.3 3991
-10.1 3996
-9.9 4001
-9.7 4051
-9.5 4063
-9.3 3938
-9.1 3981
-8.9 4025
-8.7 4143
-8.5 4011
-8.3 4031
-8.1 3976
-7.9 4013
-7.7 4082
-7.5 4137
-7.3 4058
-7.1 4136
-6.9 3994
-6.7 3919
-6.5 3921
-6.3 4040
-6.1 4060
-5.9 3984
-5.7 4034
-5.5 3857
-5.3 4035
-5.1 4003
-4.9 3980
-4.7 4018
-4.5 4006
-4.3 3990
-4.1 3862
-3.9 4059
-3.7 4108
-3.5 4021
-3.3 4028
-3.1 3987
-2.9 3903
-2.7 4098
-2.5 4001
-2.3 4078
-2.1 3937
-1.9 3990
-1.7 4014
-1.5 3963
-1.3 3867
-1.1 4007
-0.9 4102
-0.7 3978
-0.5 3910
-0.3 4027
-0.1 3905
0.1 3972
0.3 4059
0.5 3906
0.7 4014
0.9 4009
1.1 3990
1.3 3918
1.5 3814
1.7 3982
1.9 4056
2.1 3944
2.3 4033
2.5 3989
2.7 4063
2.9 3959
3.1 3938
3.3 4020
3.5 4034
3.7 4041
3.9 4074
4.1 3948
4.3 4019
4.5 3995
4.7 4079
4.9 4028
5.1 4078
5.3 3933
5.5 4028
5.7 3938
5.9 3951
6.1 3837
6.3 3988
6.5 4075
6.7 4042
6.9 3955
7.1 4053
7.3 4005
7.5 4007
7.7 3960
7.9 3939
8.1 3881
8.3 4032
8.5 3986
8.7 3886
8.9 3955
9.1 3873
9.3 3998
9.5 3947
9.7 3976
9.9 3987
10.1 3896
10.3 3956
10.5 3910
10.7 3899
10.9 3856
11.1 3936
11.3 3970
11.5 4063
11.7 4012
11.9 4042
12.1 3889
12.3 3837
12.5 3906
12.7 3740
12.9 3820
13.1 3838
13.3 3847
13.5 3814
13.7 3720
13.9 3757
14.1 3697
14.3 3804
14.5 3720
14.7 3745
14.9 3763
15.1 3765
15.3 3699
15.5 3656
15.7 3554
15.9 3589
16.1 3561
16.3 3453
16.5 3503
16.7 3451
16.9 3372
17.1 3446
17.3 3330
17.5 3390
17.7 3299
17.9 3247
18.1 3273
18.3 3272
18.5 3171
18.7 3178
18.9 3109
19.1 2981
19.3 3091
19.5 2988
19.7 2914
19.9 3020
20.1 2849
20.3 2892
20.5 2806
20.7 2766
20.9 2592
21.1 2683
21.3 2597
21.5 2531
21.7 2527
21.9 2550
22.1 2417
22.3 2355
22.5 2377
22.7 2330
22.9 2310
23.1 2311
23.3 2178
23.5 2120
23.7 2134
23.9 2082
24.1 2045
24.3 2020
24.5 1918
24.7 1899
24.9 1833
25.1 1786
25.3 1762
25.5 1692
25.7 1647
25.9 1627
26.1 1646
26.3 1503
26.5 1587
26.7 1472
26.9 1430
27.1 1398
27.3 1338
27.5 1396
27.7 1325
27.9 1217
28.1 1188
28.3 1207
28.5 1200
28.7 1088
28.9 1099
29.1 1078
29.3 995
29.5 979
29.7 997
29.9 902
30.1 871
30.3 847
30.5 820
30.7 815
30.9 789
31.1 705
31.3 693
31.5 706
31.7 584
31.9 654
32.1 587
32.3 535
32.5 580
32.7 491
32.9 469
33.1 480
33.3 468
33.5 419
33.7 408
33.9 394
34.1 367
34.3 349
34.5 324
34.7 327
34.9 313
35.1 303
35.3 296
35.5 277
35.7 262
35.9 229
36.1 225
36.3 184
36.5 173
36.7 193
36.9 173
37.1 160
37.3 158
37.5 131
37.7 132
37.9 114
38.1 123
38.3 106
38.5 112
38.7 86
38.9 74
39.1 83
39.3 64
39.5 70
39.7 55
39.9 58
40.1 53
40.3 44
40.5 47
40.7 38
40.9 36
41.1 36
41.3 33
41.5 32
41.7 33
41.9 26
42.1 24
42.3 25
42.5 12
42.7 21
42.9 15
43.1 12
43.3 14
43.5 18
43.7 14
43.9 6
44.1 9
44.3 13
44.5 19
44.7 11
44.9 7
45.1 14
45.3 11
45.5 12
45.7 10
45.9 6
46.1 7
46.3 6
46.5 4
46.7 5
46.9 8
47.1 8
47.3 1
47.5 4
47.7 6
47.9 7
48.1 9
48.3 5
48.5 10
48.7 2
48.9 7
49.1 2
49.3 4
49.5 5
49.7 7
49.9 6
