#run2078
x: -0.0322153
xx: -0.00023298
xxx: 7.25191e-08
xxxx: -2.30064e-10
xxxxx: -9.41326e-14