x: 0.0135455
a: -84.4391
ax: 0.0111062
axx: 1.20549e-05