x: 0.0400821
xx: -6.66378e-06
xxx: -6.68114e-09