x: 0.039006 
xx: -1.53585e-05
