x: 0.0368497
xx: -1.66329e-05
