x: 0.0429715
xx: -6.28064e-06