x: 0.046137
xx: -1.45311e-05
