x: 0.038929
xx: -7.26414e-06
