-209.9 0
-209.7 3
-209.5 1
-209.3 2
-209.1 2
-208.9 3
-208.7 0
-208.5 3
-208.3 5
-208.1 3
-207.9 5
-207.7 2
-207.5 7
-207.3 5
-207.1 1
-206.9 2
-206.7 2
-206.5 3
-206.3 3
-206.1 3
-205.9 3
-205.7 0
-205.5 2
-205.3 3
-205.1 2
-204.9 1
-204.7 2
-204.5 1
-204.3 7
-204.1 1
-203.9 3
-203.7 2
-203.5 2
-203.3 5
-203.1 3
-202.9 2
-202.7 4
-202.5 5
-202.3 3
-202.1 1
-201.9 1
-201.7 3
-201.5 2
-201.3 3
-201.1 2
-200.9 0
-200.7 4
-200.5 2
-200.3 3
-200.1 1
-199.9 4
-199.7 2
-199.5 1
-199.3 4
-199.1 4
-198.9 1
-198.7 7
-198.5 16
-198.3 24
-198.1 52
-197.9 106
-197.7 143
-197.5 259
-197.3 407
-197.1 663
-196.9 932
-196.7 1255
-196.5 1784
-196.3 2210
-196.1 2843
-195.9 3393
-195.7 3937
-195.5 4819
-195.3 5694
-195.1 6555
-194.9 7695
-194.7 9028
-194.5 10092
-194.3 10836
-194.1 11943
-193.9 12615
-193.7 13181
-193.5 13964
-193.3 14081
-193.1 14166
-192.9 14451
-192.7 14272
-192.5 14073
-192.3 13755
-192.1 13654
-191.9 13259
-191.7 13196
-191.5 12947
-191.3 12729
-191.1 12656
-190.9 12522
-190.7 12303
-190.5 12032
-190.3 11887
-190.1 11767
-189.9 11542
-189.7 11592
-189.5 11341
-189.3 11422
-189.1 11423
-188.9 11152
-188.7 11074
-188.5 11182
-188.3 10918
-188.1 10949
-187.9 11009
-187.7 10701
-187.5 10741
-187.3 10600
-187.1 10677
-186.9 10424
-186.7 10477
-186.5 10232
-186.3 10478
-186.1 10277
-185.9 10231
-185.7 10128
-185.5 10208
-185.3 10301
-185.1 10162
-184.9 10152
-184.7 9964
-184.5 9934
-184.3 9973
-184.1 9739
-183.9 9778
-183.7 9754
-183.5 9696
-183.3 9765
-183.1 9492
-182.9 9690
-182.7 9687
-182.5 9559
-182.3 9548
-182.1 9552
-181.9 9311
-181.7 9436
-181.5 9345
-181.3 9048
-181.1 9070
-180.9 9098
-180.7 9006
-180.5 8805
-180.3 8804
-180.1 8710
-179.9 8594
-179.7 8695
-179.5 8506
-179.3 8367
-179.1 8211
-178.9 8011
-178.7 8128
-178.5 7882
-178.3 8008
-178.1 7910
-177.9 7649
-177.7 7441
-177.5 7347
-177.3 7481
-177.1 7339
-176.9 7296
-176.7 7171
-176.5 6954
-176.3 7152
-176.1 6974
-175.9 6887
-175.7 6947
-175.5 6792
-175.3 6681
-175.1 6686
-174.9 6608
-174.7 6656
-174.5 6572
-174.3 6550
-174.1 6507
-173.9 6391
-173.7 6346
-173.5 6294
-173.3 6308
-173.1 6271
-172.9 6142
-172.7 6197
-172.5 6219
-172.3 6307
-172.1 6192
-171.9 5993
-171.7 6064
-171.5 6127
-171.3 6130
-171.1 5982
-170.9 5899
-170.7 6002
-170.5 5861
-170.3 5801
-170.1 5821
-169.9 5926
-169.7 6002
-169.5 5863
-169.3 5903
-169.1 5853
-168.9 5849
-168.7 5844
-168.5 5810
-168.3 5783
-168.1 5900
-167.9 5772
-167.7 5748
-167.5 5812
-167.3 5664
-167.1 5791
-166.9 5851
-166.7 5638
-166.5 5673
-166.3 5646
-166.1 5706
-165.9 5663
-165.7 5733
-165.5 5781
-165.3 5603
-165.1 5686
-164.9 5576
-164.7 5617
-164.5 5663
-164.3 5587
-164.1 5474
-163.9 5670
-163.7 5575
-163.5 5489
-163.3 5568
-163.1 5430
-162.9 5612
-162.7 5523
-162.5 5541
-162.3 5470
-162.1 5589
-161.9 5413
-161.7 5449
-161.5 5506
-161.3 5432
-161.1 5465
-160.9 5568
-160.7 5551
-160.5 5456
-160.3 5510
-160.1 5400
-159.9 5570
-159.7 5488
-159.5 5481
-159.3 5453
-159.1 5462
-158.9 5505
-158.7 5425
-158.5 5382
-158.3 5458
-158.1 5352
-157.9 5482
-157.7 5286
-157.5 5382
-157.3 5433
-157.1 5359
-156.9 5437
-156.7 5426
-156.5 5373
-156.3 5332
-156.1 5387
-155.9 5325
-155.7 5169
-155.5 5213
-155.3 5331
-155.1 5096
-154.9 5188
-154.7 5239
-154.5 5261
-154.3 5127
-154.1 5170
-153.9 5028
-153.7 5061
-153.5 5100
-153.3 4986
-153.1 5103
-152.9 5047
-152.7 5051
-152.5 5019
-152.3 5009
-152.1 4994
-151.9 4839
-151.7 4934
-151.5 4966
-151.3 4901
-151.1 4965
-150.9 4980
-150.7 4842
-150.5 4699
-150.3 4765
-150.1 4746
-149.9 4779
-149.7 4781
-149.5 4935
-149.3 4750
-149.1 4847
-148.9 4887
-148.7 4787
-148.5 4867
-148.3 4810
-148.1 4839
-147.9 4729
-147.7 4876
-147.5 4761
-147.3 4952
-147.1 4894
-146.9 4993
-146.7 4839
-146.5 4965
-146.3 4998
-146.1 5035
-145.9 4933
-145.7 5016
-145.5 4995
-145.3 4976
-145.1 5065
-144.9 5056
-144.7 5078
-144.5 5075
-144.3 5122
-144.1 5151
-143.9 5177
-143.7 5077
-143.5 5153
-143.3 5218
-143.1 5286
-142.9 5137
-142.7 5333
-142.5 5181
-142.3 5234
-142.1 5397
-141.9 5304
-141.7 5328
-141.5 5248
-141.3 5322
-141.1 5383
-140.9 5213
-140.7 5216
-140.5 5491
-140.3 5441
-140.1 5403
-139.9 5291
-139.7 5267
-139.5 5348
-139.3 5376
-139.1 5482
-138.9 5442
-138.7 5474
-138.5 5468
-138.3 5431
-138.1 5435
-137.9 5426
-137.7 5478
-137.5 5612
-137.3 5415
-137.1 5533
-136.9 5540
-136.7 5545
-136.5 5536
-136.3 5527
-136.1 5634
-135.9 5507
-135.7 5551
-135.5 5580
-135.3 5450
-135.1 5535
-134.9 5549
-134.7 5573
-134.5 5525
-134.3 5569
-134.1 5524
-133.9 5424
-133.7 5547
-133.5 5565
-133.3 5620
-133.1 5593
-132.9 5432
-132.7 5449
-132.5 5508
-132.3 5519
-132.1 5570
-131.9 5506
-131.7 5529
-131.5 5622
-131.3 5520
-131.1 5655
-130.9 5606
-130.7 5518
-130.5 5509
-130.3 5453
-130.1 5529
-129.9 5540
-129.7 5536
-129.5 5410
-129.3 5558
-129.1 5510
-128.9 5377
-128.7 5558
-128.5 5569
-128.3 5572
-128.1 5518
-127.9 5493
-127.7 5322
-127.5 5456
-127.3 5632
-127.1 5555
-126.9 5497
-126.7 5595
-126.5 5434
-126.3 5589
-126.1 5366
-125.9 5477
-125.7 5420
-125.5 5462
-125.3 5414
-125.1 5420
-124.9 5446
-124.7 5428
-124.5 5440
-124.3 5458
-124.1 5446
-123.9 5417
-123.7 5526
-123.5 5460
-123.3 5437
-123.1 5402
-122.9 5434
-122.7 5476
-122.5 5459
-122.3 5475
-122.1 5411
-121.9 5291
-121.7 5442
-121.5 5341
-121.3 5475
-121.1 5417
-120.9 5272
-120.7 5404
-120.5 5201
-120.3 5439
-120.1 5398
-119.9 5244
-119.7 5371
-119.5 5264
-119.3 5400
-119.1 5367
-118.9 5340
-118.7 5398
-118.5 5316
-118.3 5447
-118.1 5346
-117.9 5350
-117.7 5270
-117.5 5301
-117.3 5423
-117.1 5397
-116.9 5369
-116.7 5394
-116.5 5332
-116.3 5318
-116.1 5323
-115.9 5381
-115.7 5335
-115.5 5235
-115.3 5340
-115.1 5443
-114.9 5424
-114.7 5374
-114.5 5267
-114.3 5294
-114.1 5243
-113.9 5368
-113.7 5274
-113.5 5207
-113.3 5266
-113.1 5245
-112.9 5376
-112.7 5249
-112.5 5261
-112.3 5223
-112.1 5229
-111.9 5408
-111.7 5513
-111.5 5329
-111.3 5263
-111.1 5412
-110.9 5323
-110.7 5392
-110.5 5251
-110.3 5255
-110.1 5176
-109.9 5305
-109.7 5291
-109.5 5444
-109.3 5300
-109.1 5290
-108.9 5413
-108.7 5272
-108.5 5300
-108.3 5236
-108.1 5117
-107.9 5246
-107.7 5123
-107.5 5247
-107.3 5253
-107.1 5236
-106.9 5114
-106.7 5209
-106.5 5219
-106.3 5150
-106.1 5179
-105.9 5291
-105.7 5155
-105.5 5182
-105.3 5303
-105.1 5090
-104.9 5273
-104.7 5139
-104.5 5097
-104.3 5280
-104.1 5008
-103.9 5059
-103.7 5170
-103.5 5244
-103.3 5156
-103.1 5353
-102.9 5283
-102.7 5021
-102.5 5230
-102.3 5090
-102.1 5085
-101.9 5227
-101.7 5211
-101.5 5232
-101.3 5305
-101.1 5098
-100.9 5098
-100.7 5126
-100.5 5162
-100.3 5205
-100.1 5114
-99.9 5237
-99.7 5121
-99.5 5134
-99.3 5227
-99.1 5017
-98.9 5048
-98.7 5236
-98.5 5220
-98.3 5008
-98.1 5202
-97.9 5330
-97.7 5196
-97.5 5083
-97.3 5139
-97.1 5145
-96.9 5176
-96.7 5127
-96.5 4961
-96.3 5054
-96.1 5136
-95.9 5103
-95.7 5086
-95.5 5097
-95.3 5057
-95.1 5093
-94.9 5055
-94.7 5070
-94.5 5149
-94.3 5039
-94.1 5137
-93.9 5077
-93.7 4887
-93.5 4868
-93.3 5045
-93.1 5061
-92.9 4999
-92.7 5112
-92.5 4952
-92.3 5101
-92.1 5108
-91.9 5092
-91.7 4937
-91.5 5002
-91.3 5103
-91.1 4936
-90.9 5070
-90.7 5100
-90.5 5074
-90.3 5000
-90.1 5100
-89.9 5260
-89.7 4901
-89.5 5021
-89.3 5056
-89.1 5067
-88.9 5053
-88.7 5130
-88.5 4992
-88.3 4858
-88.1 5028
-87.9 5068
-87.7 5054
-87.5 5138
-87.3 4871
-87.1 5148
-86.9 5038
-86.7 4900
-86.5 5004
-86.3 4990
-86.1 5045
-85.9 5064
-85.7 5045
-85.5 4964
-85.3 4987
-85.1 4988
-84.9 5076
-84.7 5057
-84.5 4900
-84.3 5066
-84.1 5016
-83.9 5077
-83.7 5121
-83.5 5053
-83.3 4859
-83.1 5069
-82.9 5142
-82.7 4996
-82.5 4980
-82.3 5206
-82.1 5018
-81.9 5095
-81.7 5206
-81.5 5138
-81.3 5005
-81.1 5006
-80.9 5044
-80.7 5029
-80.5 4999
-80.3 5024
-80.1 5053
-79.9 4950
-79.7 5162
-79.5 5097
-79.3 5010
-79.1 5099
-78.9 4981
-78.7 5151
-78.5 5102
-78.3 5122
-78.1 5072
-77.9 5175
-77.7 5045
-77.5 5090
-77.3 5017
-77.1 5107
-76.9 5103
-76.7 5174
-76.5 5121
-76.3 4949
-76.1 5078
-75.9 5135
-75.7 5099
-75.5 5033
-75.3 5074
-75.1 4985
-74.9 5049
-74.7 5128
-74.5 5138
-74.3 5036
-74.1 5097
-73.9 5004
-73.7 5079
-73.5 5189
-73.3 5171
-73.1 5164
-72.9 5176
-72.7 5213
-72.5 5187
-72.3 5275
-72.1 5160
-71.9 5035
-71.7 5136
-71.5 5157
-71.3 5170
-71.1 5187
-70.9 5140
-70.7 5216
-70.5 5118
-70.3 5099
-70.1 5181
-69.9 5242
-69.7 5112
-69.5 5270
-69.3 5123
-69.1 5199
-68.9 5351
-68.7 5336
-68.5 5204
-68.3 5334
-68.1 5241
-67.9 5256
-67.7 5338
-67.5 5308
-67.3 5261
-67.1 5277
-66.9 5325
-66.7 5172
-66.5 5265
-66.3 5310
-66.1 5338
-65.9 5284
-65.7 5324
-65.5 5351
-65.3 5424
-65.1 5273
-64.9 5436
-64.7 5163
-64.5 5128
-64.3 5375
-64.1 5377
-63.9 5411
-63.7 5280
-63.5 5274
-63.3 5254
-63.1 5254
-62.9 5183
-62.7 5236
-62.5 5435
-62.3 5299
-62.1 5324
-61.9 5268
-61.7 5343
-61.5 5321
-61.3 5337
-61.1 5354
-60.9 5231
-60.7 5185
-60.5 5415
-60.3 5270
-60.1 5210
-59.9 5174
-59.7 5134
-59.5 5415
-59.3 5247
-59.1 5146
-58.9 5085
-58.7 5256
-58.5 5109
-58.3 5216
-58.1 5132
-57.9 5204
-57.7 5268
-57.5 5095
-57.3 5033
-57.1 4985
-56.9 5101
-56.7 5013
-56.5 5218
-56.3 5083
-56.1 5077
-55.9 5181
-55.7 5088
-55.5 5175
-55.3 5227
-55.1 5079
-54.9 5159
-54.7 5155
-54.5 5180
-54.3 5182
-54.1 5072
-53.9 5096
-53.7 5071
-53.5 5143
-53.3 5132
-53.1 5170
-52.9 5256
-52.7 5199
-52.5 5086
-52.3 5183
-52.1 5087
-51.9 5080
-51.7 5177
-51.5 5184
-51.3 5113
-51.1 5229
-50.9 5211
-50.7 5142
-50.5 4999
-50.3 5230
-50.1 5074
-49.9 5072
-49.7 5081
-49.5 5055
-49.3 5224
-49.1 5225
-48.9 5120
-48.7 4995
-48.5 5160
-48.3 5079
-48.1 5144
-47.9 5116
-47.7 5192
-47.5 5115
-47.3 5130
-47.1 5181
-46.9 5068
-46.7 5113
-46.5 5038
-46.3 5248
-46.1 5208
-45.9 5120
-45.7 5085
-45.5 5164
-45.3 5153
-45.1 5063
-44.9 5051
-44.7 5137
-44.5 5071
-44.3 4979
-44.1 5175
-43.9 5136
-43.7 5123
-43.5 4932
-43.3 4985
-43.1 5200
-42.9 5077
-42.7 5088
-42.5 5054
-42.3 5065
-42.1 5052
-41.9 5011
-41.7 4954
-41.5 5062
-41.3 5107
-41.1 5059
-40.9 5034
-40.7 5141
-40.5 5133
-40.3 5081
-40.1 5104
-39.9 5063
-39.7 5009
-39.5 5130
-39.3 5079
-39.1 5171
-38.9 5106
-38.7 5103
-38.5 5070
-38.3 4943
-38.1 5039
-37.9 5097
-37.7 5059
-37.5 5031
-37.3 5129
-37.1 5004
-36.9 5075
-36.7 5115
-36.5 5121
-36.3 5131
-36.1 5115
-35.9 5161
-35.7 5110
-35.5 5000
-35.3 5098
-35.1 5031
-34.9 5028
-34.7 5004
-34.5 5100
-34.3 5083
-34.1 5067
-33.9 5088
-33.7 5000
-33.5 5110
-33.3 5109
-33.1 5015
-32.9 4967
-32.7 5172
-32.5 5001
-32.3 5071
-32.1 5072
-31.9 5037
-31.7 5045
-31.5 5018
-31.3 5069
-31.1 5203
-30.9 5093
-30.7 5162
-30.5 5283
-30.3 5194
-30.1 5006
-29.9 5107
-29.7 5127
-29.5 5143
-29.3 5216
-29.1 5159
-28.9 5192
-28.7 5070
-28.5 5211
-28.3 4972
-28.1 5210
-27.9 5181
-27.7 5149
-27.5 5193
-27.3 5207
-27.1 5140
-26.9 5107
-26.7 5102
-26.5 5228
-26.3 4975
-26.1 5071
-25.9 5125
-25.7 5119
-25.5 5114
-25.3 5127
-25.1 5172
-24.9 5143
-24.7 5100
-24.5 5118
-24.3 5220
-24.1 4990
-23.9 5258
-23.7 5092
-23.5 5029
-23.3 5193
-23.1 5188
-22.9 5136
-22.7 5082
-22.5 5139
-22.3 5067
-22.1 5098
-21.9 5084
-21.7 5126
-21.5 5283
-21.3 5204
-21.1 5207
-20.9 5173
-20.7 5143
-20.5 5270
-20.3 5183
-20.1 5019
-19.9 5105
-19.7 5049
-19.5 5192
-19.3 4934
-19.1 5111
-18.9 4973
-18.7 5170
-18.5 5061
-18.3 5133
-18.1 5247
-17.9 5178
-17.7 5019
-17.5 5265
-17.3 5115
-17.1 5010
-16.9 5115
-16.7 5114
-16.5 5137
-16.3 4994
-16.1 5036
-15.9 4954
-15.7 5091
-15.5 5045
-15.3 4965
-15.1 5115
-14.9 4991
-14.7 5148
-14.5 5144
-14.3 5023
-14.1 5044
-13.9 5170
-13.7 4938
-13.5 5015
-13.3 4966
-13.1 5045
-12.9 5066
-12.7 5078
-12.5 5123
-12.3 4988
-12.1 5013
-11.9 5005
-11.7 5127
-11.5 4979
-11.3 5049
-11.1 5022
-10.9 5124
-10.7 4994
-10.5 5138
-10.3 5017
-10.1 5048
-9.9 5028
-9.7 4986
-9.5 4989
-9.3 5107
-9.1 5016
-8.9 5110
-8.7 5140
-8.5 4972
-8.3 5044
-8.1 5075
-7.9 4936
-7.7 4834
-7.5 4974
-7.3 4891
-7.1 4917
-6.9 4970
-6.7 4964
-6.5 4927
-6.3 4939
-6.1 5072
-5.9 5045
-5.7 4930
-5.5 5073
-5.3 4811
-5.1 5007
-4.9 4899
-4.7 4979
-4.5 5043
-4.3 4905
-4.1 5027
-3.9 4910
-3.7 4953
-3.5 4966
-3.3 5018
-3.1 5015
-2.9 4974
-2.7 4957
-2.5 5052
-2.3 4977
-2.1 5062
-1.9 4995
-1.7 5094
-1.5 5033
-1.3 5112
-1.1 5097
-0.9 4940
-0.7 5051
-0.5 4998
-0.3 5097
-0.1 5021
0.1 4972
0.3 4959
0.5 5182
0.7 5101
0.9 5038
1.1 5055
1.3 5032
1.5 4949
1.7 5171
1.9 5076
2.1 5028
2.3 5129
2.5 5014
2.7 5088
2.9 5049
3.1 5009
3.3 5041
3.5 4952
3.7 5042
3.9 4934
4.1 5146
4.3 5167
4.5 5018
4.7 5084
4.9 5042
5.1 5109
5.3 5045
5.5 5135
5.7 5089
5.9 5035
6.1 4971
6.3 4950
6.5 5018
6.7 5140
6.9 5036
7.1 5005
7.3 5048
7.5 5186
7.7 5073
7.9 5276
8.1 5120
8.3 5076
8.5 4908
8.7 5074
8.9 5036
9.1 5032
9.3 5150
9.5 5276
9.7 5078
9.9 5022
10.1 5061
10.3 5195
10.5 5140
10.7 5172
10.9 5174
11.1 5070
11.3 4959
11.5 5071
11.7 5009
11.9 4941
12.1 4984
12.3 4965
12.5 4998
12.7 4791
12.9 4922
13.1 4922
13.3 4955
13.5 4815
13.7 4856
13.9 4791
14.1 4853
14.3 4857
14.5 4805
14.7 4656
14.9 4739
15.1 4673
15.3 4631
15.5 4667
15.7 4631
15.9 4638
16.1 4553
16.3 4639
16.5 4560
16.7 4528
16.9 4341
17.1 4454
17.3 4370
17.5 4325
17.7 4313
17.9 4256
18.1 4281
18.3 4269
18.5 4040
18.7 4155
18.9 4045
19.1 4069
19.3 3945
19.5 3975
19.7 3973
19.9 4029
20.1 3763
20.3 3719
20.5 3766
20.7 3758
20.9 3752
21.1 3557
21.3 3608
21.5 3535
21.7 3526
21.9 3565
22.1 3404
22.3 3368
22.5 3265
22.7 3262
22.9 3113
23.1 3119
23.3 3086
23.5 3126
23.7 2967
23.9 2861
24.1 2897
24.3 2833
24.5 2735
24.7 2764
24.9 2678
25.1 2679
25.3 2668
25.5 2523
25.7 2383
25.9 2492
26.1 2258
26.3 2322
26.5 2219
26.7 2164
26.9 2312
27.1 2142
27.3 2052
27.5 2046
27.7 1936
27.9 1974
28.1 1857
28.3 1833
28.5 1721
28.7 1777
28.9 1678
29.1 1679
29.3 1610
29.5 1495
29.7 1592
29.9 1461
30.1 1426
30.3 1429
30.5 1338
30.7 1250
30.9 1227
31.1 1143
31.3 1184
31.5 1108
31.7 1130
31.9 1076
32.1 1029
32.3 968
32.5 945
32.7 936
32.9 900
33.1 820
33.3 826
33.5 764
33.7 709
33.9 751
34.1 690
34.3 624
34.5 632
34.7 625
34.9 577
35.1 573
35.3 528
35.5 483
35.7 472
35.9 458
36.1 491
36.3 436
36.5 407
36.7 364
36.9 342
37.1 339
37.3 335
37.5 327
37.7 307
37.9 266
38.1 227
38.3 262
38.5 219
38.7 190
38.9 218
39.1 215
39.3 187
39.5 175
39.7 164
39.9 156
40.1 156
40.3 153
40.5 116
40.7 124
40.9 106
41.1 102
41.3 110
41.5 104
41.7 82
41.9 100
42.1 85
42.3 74
42.5 66
42.7 77
42.9 65
43.1 65
43.3 66
43.5 50
43.7 50
43.9 52
44.1 45
44.3 43
44.5 39
44.7 48
44.9 42
45.1 36
45.3 33
45.5 31
45.7 32
45.9 35
46.1 33
46.3 25
46.5 32
46.7 26
46.9 20
47.1 11
47.3 26
47.5 29
47.7 25
47.9 23
48.1 22
48.3 20
48.5 18
48.7 15
48.9 24
49.1 21
49.3 21
49.5 14
49.7 17
49.9 24
