-209.9 0
-209.7 0
-209.5 3
-209.3 2
-209.1 2
-208.9 2
-208.7 4
-208.5 1
-208.3 4
-208.1 3
-207.9 1
-207.7 4
-207.5 2
-207.3 1
-207.1 2
-206.9 6
-206.7 5
-206.5 5
-206.3 2
-206.1 4
-205.9 3
-205.7 2
-205.5 2
-205.3 1
-205.1 3
-204.9 4
-204.7 4
-204.5 4
-204.3 12
-204.1 11
-203.9 19
-203.7 25
-203.5 30
-203.3 45
-203.1 54
-202.9 80
-202.7 75
-202.5 104
-202.3 143
-202.1 161
-201.9 229
-201.7 297
-201.5 353
-201.3 565
-201.1 754
-200.9 901
-200.7 1135
-200.5 1436
-200.3 1602
-200.1 1712
-199.9 1886
-199.7 1932
-199.5 1956
-199.3 2055
-199.1 2172
-198.9 2337
-198.7 2557
-198.5 2671
-198.3 2991
-198.1 3517
-197.9 4010
-197.7 4787
-197.5 5577
-197.3 6715
-197.1 7691
-196.9 8867
-196.7 9887
-196.5 11097
-196.3 12018
-196.1 12745
-195.9 13439
-195.7 14001
-195.5 14214
-195.3 14616
-195.1 14647
-194.9 14673
-194.7 14474
-194.5 14290
-194.3 13939
-194.1 13820
-193.9 13450
-193.7 13305
-193.5 13045
-193.3 12867
-193.1 12423
-192.9 12194
-192.7 12046
-192.5 12131
-192.3 11551
-192.1 11727
-191.9 11469
-191.7 11432
-191.5 11089
-191.3 11244
-191.1 11134
-190.9 10871
-190.7 10948
-190.5 10902
-190.3 10675
-190.1 10654
-189.9 10490
-189.7 10469
-189.5 10364
-189.3 10572
-189.1 10250
-188.9 10394
-188.7 10558
-188.5 10321
-188.3 10120
-188.1 10340
-187.9 10011
-187.7 9999
-187.5 9884
-187.3 9953
-187.1 9883
-186.9 10035
-186.7 9856
-186.5 9893
-186.3 9909
-186.1 9827
-185.9 9853
-185.7 9740
-185.5 9780
-185.3 9712
-185.1 9649
-184.9 9488
-184.7 9425
-184.5 9387
-184.3 9463
-184.1 9315
-183.9 9167
-183.7 9097
-183.5 8915
-183.3 8864
-183.1 8859
-182.9 8922
-182.7 8580
-182.5 8601
-182.3 8317
-182.1 8389
-181.9 8341
-181.7 8029
-181.5 8018
-181.3 7993
-181.1 7786
-180.9 7787
-180.7 7676
-180.5 7619
-180.3 7314
-180.1 7423
-179.9 7219
-179.7 7129
-179.5 7091
-179.3 7053
-179.1 6882
-178.9 6850
-178.7 6897
-178.5 6903
-178.3 6753
-178.1 6866
-177.9 6561
-177.7 6571
-177.5 6681
-177.3 6601
-177.1 6586
-176.9 6494
-176.7 6507
-176.5 6313
-176.3 6283
-176.1 6331
-175.9 6367
-175.7 6360
-175.5 6143
-175.3 6271
-175.1 6206
-174.9 6210
-174.7 6147
-174.5 6128
-174.3 6043
-174.1 5977
-173.9 5874
-173.7 6061
-173.5 5999
-173.3 5949
-173.1 5893
-172.9 5971
-172.7 6079
-172.5 5908
-172.3 5771
-172.1 5854
-171.9 5867
-171.7 5925
-171.5 5839
-171.3 5828
-171.1 5811
-170.9 5838
-170.7 5789
-170.5 5621
-170.3 5775
-170.1 5772
-169.9 5654
-169.7 5587
-169.5 5707
-169.3 5732
-169.1 5676
-168.9 5665
-168.7 5626
-168.5 5542
-168.3 5588
-168.1 5586
-167.9 5577
-167.7 5582
-167.5 5652
-167.3 5586
-167.1 5665
-166.9 5569
-166.7 5526
-166.5 5604
-166.3 5576
-166.1 5576
-165.9 5559
-165.7 5515
-165.5 5588
-165.3 5573
-165.1 5489
-164.9 5443
-164.7 5601
-164.5 5612
-164.3 5473
-164.1 5489
-163.9 5393
-163.7 5674
-163.5 5504
-163.3 5450
-163.1 5497
-162.9 5368
-162.7 5514
-162.5 5553
-162.3 5497
-162.1 5402
-161.9 5494
-161.7 5392
-161.5 5416
-161.3 5387
-161.1 5399
-160.9 5371
-160.7 5482
-160.5 5242
-160.3 5463
-160.1 5441
-159.9 5299
-159.7 5277
-159.5 5415
-159.3 5416
-159.1 5395
-158.9 5330
-158.7 5333
-158.5 5430
-158.3 5279
-158.1 5223
-157.9 5426
-157.7 5310
-157.5 5342
-157.3 5293
-157.1 5228
-156.9 5109
-156.7 5188
-156.5 5161
-156.3 5061
-156.1 5202
-155.9 5170
-155.7 5105
-155.5 5082
-155.3 5026
-155.1 5001
-154.9 5047
-154.7 5016
-154.5 4938
-154.3 5004
-154.1 4869
-153.9 4869
-153.7 4916
-153.5 4827
-153.3 4838
-153.1 4866
-152.9 4843
-152.7 4935
-152.5 4915
-152.3 4820
-152.1 4775
-151.9 5006
-151.7 4783
-151.5 4786
-151.3 4760
-151.1 4791
-150.9 4882
-150.7 4753
-150.5 4880
-150.3 4740
-150.1 4894
-149.9 4852
-149.7 4921
-149.5 4841
-149.3 4932
-149.1 4850
-148.9 4886
-148.7 4924
-148.5 4970
-148.3 4952
-148.1 5055
-147.9 4944
-147.7 4993
-147.5 5024
-147.3 5094
-147.1 5152
-146.9 5111
-146.7 4912
-146.5 5144
-146.3 5215
-146.1 5164
-145.9 5256
-145.7 5259
-145.5 5139
-145.3 5266
-145.1 5280
-144.9 5095
-144.7 5293
-144.5 5336
-144.3 5398
-144.1 5282
-143.9 5418
-143.7 5333
-143.5 5289
-143.3 5350
-143.1 5254
-142.9 5274
-142.7 5405
-142.5 5428
-142.3 5439
-142.1 5566
-141.9 5376
-141.7 5576
-141.5 5542
-141.3 5386
-141.1 5591
-140.9 5522
-140.7 5413
-140.5 5445
-140.3 5464
-140.1 5502
-139.9 5597
-139.7 5626
-139.5 5393
-139.3 5513
-139.1 5541
-138.9 5688
-138.7 5593
-138.5 5560
-138.3 5547
-138.1 5426
-137.9 5643
-137.7 5521
-137.5 5662
-137.3 5601
-137.1 5639
-136.9 5647
-136.7 5500
-136.5 5604
-136.3 5590
-136.1 5578
-135.9 5532
-135.7 5668
-135.5 5528
-135.3 5644
-135.1 5679
-134.9 5621
-134.7 5581
-134.5 5569
-134.3 5417
-134.1 5587
-133.9 5571
-133.7 5661
-133.5 5471
-133.3 5653
-133.1 5487
-132.9 5416
-132.7 5454
-132.5 5568
-132.3 5624
-132.1 5487
-131.9 5598
-131.7 5588
-131.5 5584
-131.3 5660
-131.1 5705
-130.9 5509
-130.7 5563
-130.5 5482
-130.3 5557
-130.1 5501
-129.9 5544
-129.7 5458
-129.5 5475
-129.3 5440
-129.1 5661
-128.9 5409
-128.7 5451
-128.5 5429
-128.3 5552
-128.1 5494
-127.9 5486
-127.7 5370
-127.5 5583
-127.3 5576
-127.1 5452
-126.9 5444
-126.7 5630
-126.5 5553
-126.3 5500
-126.1 5515
-125.9 5578
-125.7 5607
-125.5 5342
-125.3 5438
-125.1 5327
-124.9 5424
-124.7 5427
-124.5 5481
-124.3 5444
-124.1 5485
-123.9 5410
-123.7 5482
-123.5 5363
-123.3 5458
-123.1 5314
-122.9 5366
-122.7 5393
-122.5 5352
-122.3 5432
-122.1 5383
-121.9 5323
-121.7 5320
-121.5 5495
-121.3 5287
-121.1 5376
-120.9 5301
-120.7 5395
-120.5 5294
-120.3 5462
-120.1 5203
-119.9 5312
-119.7 5435
-119.5 5245
-119.3 5340
-119.1 5164
-118.9 5344
-118.7 5132
-118.5 5252
-118.3 5224
-118.1 5326
-117.9 5182
-117.7 5344
-117.5 5278
-117.3 5226
-117.1 5222
-116.9 5244
-116.7 5365
-116.5 5260
-116.3 5312
-116.1 5225
-115.9 5221
-115.7 5260
-115.5 5286
-115.3 5305
-115.1 5281
-114.9 5223
-114.7 5224
-114.5 5218
-114.3 5181
-114.1 5258
-113.9 5192
-113.7 5285
-113.5 5004
-113.3 5181
-113.1 5342
-112.9 5208
-112.7 5170
-112.5 5341
-112.3 5295
-112.1 5228
-111.9 5183
-111.7 5015
-111.5 5175
-111.3 5163
-111.1 5174
-110.9 5171
-110.7 5308
-110.5 5273
-110.3 5200
-110.1 5292
-109.9 5263
-109.7 5279
-109.5 5343
-109.3 5196
-109.1 5311
-108.9 5298
-108.7 5277
-108.5 5223
-108.3 5175
-108.1 5169
-107.9 5027
-107.7 5196
-107.5 5302
-107.3 5018
-107.1 5105
-106.9 5219
-106.7 5150
-106.5 5126
-106.3 5184
-106.1 5172
-105.9 5068
-105.7 5057
-105.5 5080
-105.3 5113
-105.1 5195
-104.9 5085
-104.7 5094
-104.5 5151
-104.3 5176
-104.1 5260
-103.9 5271
-103.7 5124
-103.5 5101
-103.3 5096
-103.1 5196
-102.9 5115
-102.7 5133
-102.5 5143
-102.3 5191
-102.1 5121
-101.9 5083
-101.7 4953
-101.5 5080
-101.3 5175
-101.1 5000
-100.9 5147
-100.7 4964
-100.5 5139
-100.3 5063
-100.1 5006
-99.9 5047
-99.7 4988
-99.5 5128
-99.3 5049
-99.1 5077
-98.9 5032
-98.7 5042
-98.5 5086
-98.3 5002
-98.1 5021
-97.9 5151
-97.7 5087
-97.5 5085
-97.3 5188
-97.1 5052
-96.9 5063
-96.7 5030
-96.5 5185
-96.3 4936
-96.1 5075
-95.9 5071
-95.7 5145
-95.5 5132
-95.3 5192
-95.1 4955
-94.9 5111
-94.7 5061
-94.5 5127
-94.3 4901
-94.1 5122
-93.9 5046
-93.7 5024
-93.5 5024
-93.3 5025
-93.1 5037
-92.9 4925
-92.7 5027
-92.5 5045
-92.3 4946
-92.1 4966
-91.9 5031
-91.7 4989
-91.5 4885
-91.3 4947
-91.1 5035
-90.9 4935
-90.7 5029
-90.5 5039
-90.3 4971
-90.1 5071
-89.9 4976
-89.7 4907
-89.5 5085
-89.3 5008
-89.1 5012
-88.9 5147
-88.7 5189
-88.5 5032
-88.3 5174
-88.1 5089
-87.9 4967
-87.7 4944
-87.5 5073
-87.3 4948
-87.1 5039
-86.9 5029
-86.7 5123
-86.5 5084
-86.3 5097
-86.1 5029
-85.9 4977
-85.7 5045
-85.5 5060
-85.3 5034
-85.1 5099
-84.9 5007
-84.7 5039
-84.5 5015
-84.3 5127
-84.1 5125
-83.9 5001
-83.7 4945
-83.5 5051
-83.3 5079
-83.1 5173
-82.9 5166
-82.7 5173
-82.5 5070
-82.3 5028
-82.1 5056
-81.9 5114
-81.7 5184
-81.5 5118
-81.3 5322
-81.1 5150
-80.9 5356
-80.7 5146
-80.5 5195
-80.3 5126
-80.1 5161
-79.9 5301
-79.7 5209
-79.5 5166
-79.3 5242
-79.1 5073
-78.9 5128
-78.7 5233
-78.5 5250
-78.3 5238
-78.1 5222
-77.9 5192
-77.7 5193
-77.5 5187
-77.3 5348
-77.1 5313
-76.9 5271
-76.7 5252
-76.5 5131
-76.3 5270
-76.1 5272
-75.9 5167
-75.7 5324
-75.5 5271
-75.3 5131
-75.1 5328
-74.9 5315
-74.7 5208
-74.5 5353
-74.3 5320
-74.1 5263
-73.9 5279
-73.7 5278
-73.5 5333
-73.3 5206
-73.1 5371
-72.9 5248
-72.7 5316
-72.5 5194
-72.3 5151
-72.1 5303
-71.9 5206
-71.7 5271
-71.5 5345
-71.3 5265
-71.1 5320
-70.9 5252
-70.7 5308
-70.5 5233
-70.3 5282
-70.1 5167
-69.9 5101
-69.7 4951
-69.5 5250
-69.3 5071
-69.1 5280
-68.9 5213
-68.7 5227
-68.5 5269
-68.3 5250
-68.1 5203
-67.9 5231
-67.7 5115
-67.5 5261
-67.3 5189
-67.1 5215
-66.9 5207
-66.7 5352
-66.5 5169
-66.3 5317
-66.1 5241
-65.9 5299
-65.7 5319
-65.5 5297
-65.3 5266
-65.1 5197
-64.9 5230
-64.7 5197
-64.5 5259
-64.3 5392
-64.1 5208
-63.9 5199
-63.7 5253
-63.5 5273
-63.3 5129
-63.1 5253
-62.9 5222
-62.7 5220
-62.5 5184
-62.3 5235
-62.1 5181
-61.9 5245
-61.7 5225
-61.5 5201
-61.3 5203
-61.1 5100
-60.9 5251
-60.7 5351
-60.5 5233
-60.3 5150
-60.1 5203
-59.9 5247
-59.7 5145
-59.5 5231
-59.3 5243
-59.1 5138
-58.9 5238
-58.7 5203
-58.5 5113
-58.3 5082
-58.1 5276
-57.9 5130
-57.7 5236
-57.5 5241
-57.3 5248
-57.1 5193
-56.9 5266
-56.7 5212
-56.5 5207
-56.3 5190
-56.1 5218
-55.9 5170
-55.7 4987
-55.5 5151
-55.3 5143
-55.1 5148
-54.9 5223
-54.7 5159
-54.5 5195
-54.3 5256
-54.1 5130
-53.9 5068
-53.7 5086
-53.5 5156
-53.3 5263
-53.1 5166
-52.9 5085
-52.7 5113
-52.5 5280
-52.3 5201
-52.1 5084
-51.9 5139
-51.7 5194
-51.5 5020
-51.3 5205
-51.1 5183
-50.9 5122
-50.7 5275
-50.5 5102
-50.3 5141
-50.1 5072
-49.9 5182
-49.7 5214
-49.5 5236
-49.3 5123
-49.1 5137
-48.9 5163
-48.7 5129
-48.5 5161
-48.3 5037
-48.1 5137
-47.9 5129
-47.7 5280
-47.5 5181
-47.3 5103
-47.1 5175
-46.9 5172
-46.7 5074
-46.5 5214
-46.3 5137
-46.1 5222
-45.9 5079
-45.7 5152
-45.5 5113
-45.3 5077
-45.1 5107
-44.9 5143
-44.7 5134
-44.5 5136
-44.3 5089
-44.1 5031
-43.9 5105
-43.7 5187
-43.5 5067
-43.3 5135
-43.1 5085
-42.9 5012
-42.7 5079
-42.5 5166
-42.3 5172
-42.1 5059
-41.9 5110
-41.7 5144
-41.5 5116
-41.3 5238
-41.1 5170
-40.9 5183
-40.7 5105
-40.5 5180
-40.3 5225
-40.1 5097
-39.9 5108
-39.7 5241
-39.5 5160
-39.3 5067
-39.1 5141
-38.9 5091
-38.7 5226
-38.5 5178
-38.3 5147
-38.1 5141
-37.9 5092
-37.7 5210
-37.5 5260
-37.3 5130
-37.1 5029
-36.9 5078
-36.7 5030
-36.5 5180
-36.3 5172
-36.1 5070
-35.9 5119
-35.7 5246
-35.5 5020
-35.3 5109
-35.1 5075
-34.9 5208
-34.7 5210
-34.5 5200
-34.3 5233
-34.1 4963
-33.9 5150
-33.7 5108
-33.5 5116
-33.3 5106
-33.1 5005
-32.9 5025
-32.7 5087
-32.5 5049
-32.3 5063
-32.1 5156
-31.9 5102
-31.7 4989
-31.5 5154
-31.3 5088
-31.1 5125
-30.9 5222
-30.7 5123
-30.5 5092
-30.3 5166
-30.1 5056
-29.9 5162
-29.7 5009
-29.5 5038
-29.3 5120
-29.1 5129
-28.9 5109
-28.7 5047
-28.5 5140
-28.3 5286
-28.1 5119
-27.9 5189
-27.7 5084
-27.5 5078
-27.3 5120
-27.1 5175
-26.9 5044
-26.7 5214
-26.5 5104
-26.3 5129
-26.1 5123
-25.9 5155
-25.7 5030
-25.5 5138
-25.3 4997
-25.1 5229
-24.9 4988
-24.7 5122
-24.5 5099
-24.3 5099
-24.1 5092
-23.9 5144
-23.7 5111
-23.5 5067
-23.3 5110
-23.1 5078
-22.9 5120
-22.7 5079
-22.5 5104
-22.3 5019
-22.1 5019
-21.9 5167
-21.7 5270
-21.5 5180
-21.3 5235
-21.1 5074
-20.9 5039
-20.7 5068
-20.5 5137
-20.3 5027
-20.1 4996
-19.9 5195
-19.7 5109
-19.5 5113
-19.3 5076
-19.1 5201
-18.9 5069
-18.7 5057
-18.5 5047
-18.3 5192
-18.1 5152
-17.9 5147
-17.7 5090
-17.5 5220
-17.3 5023
-17.1 5012
-16.9 5231
-16.7 5092
-16.5 5069
-16.3 5109
-16.1 5112
-15.9 5048
-15.7 4980
-15.5 4999
-15.3 5205
-15.1 5201
-14.9 5036
-14.7 5166
-14.5 5073
-14.3 5063
-14.1 5025
-13.9 4956
-13.7 5103
-13.5 5116
-13.3 5061
-13.1 5160
-12.9 5119
-12.7 5033
-12.5 4946
-12.3 5125
-12.1 5047
-11.9 4973
-11.7 4995
-11.5 5050
-11.3 5049
-11.1 5027
-10.9 5052
-10.7 5047
-10.5 5017
-10.3 5166
-10.1 5016
-9.9 5042
-9.7 5100
-9.5 4978
-9.3 5154
-9.1 4953
-8.9 5103
-8.7 5074
-8.5 5076
-8.3 5178
-8.1 5100
-7.9 5106
-7.7 5235
-7.5 4984
-7.3 5098
-7.1 5192
-6.9 5006
-6.7 5194
-6.5 5010
-6.3 5105
-6.1 5197
-5.9 5049
-5.7 5048
-5.5 5209
-5.3 5035
-5.1 5056
-4.9 4956
-4.7 5144
-4.5 5053
-4.3 4972
-4.1 5271
-3.9 5039
-3.7 5114
-3.5 5087
-3.3 5214
-3.1 5167
-2.9 5150
-2.7 5147
-2.5 5081
-2.3 5163
-2.1 5176
-1.9 4959
-1.7 5080
-1.5 5158
-1.3 5121
-1.1 5177
-0.9 5108
-0.7 5136
-0.5 5033
-0.3 5114
-0.1 5243
0.1 5129
0.3 5085
0.5 5172
0.7 5163
0.9 5129
1.1 5163
1.3 5173
1.5 5195
1.7 5079
1.9 5238
2.1 5113
2.3 5134
2.5 5199
2.7 5101
2.9 5145
3.1 5324
3.3 5137
3.5 5064
3.7 5151
3.9 5026
4.1 5280
4.3 5110
4.5 5195
4.7 5176
4.9 5072
5.1 5161
5.3 5127
5.5 5167
5.7 4969
5.9 5152
6.1 5057
6.3 5187
6.5 5064
6.7 5161
6.9 5007
7.1 4891
7.3 5022
7.5 4995
7.7 4976
7.9 4991
8.1 4886
8.3 5003
8.5 5013
8.7 5030
8.9 4908
9.1 4850
9.3 5071
9.5 4915
9.7 4891
9.9 4952
10.1 4993
10.3 4925
10.5 4852
10.7 4894
10.9 4864
11.1 4915
11.3 4890
11.5 4925
11.7 4854
11.9 4833
12.1 4706
12.3 4729
12.5 4773
12.7 4718
12.9 4744
13.1 4777
13.3 4664
13.5 4747
13.7 4700
13.9 4581
14.1 4586
14.3 4655
14.5 4496
14.7 4441
14.9 4544
15.1 4457
15.3 4547
15.5 4435
15.7 4342
15.9 4396
16.1 4390
16.3 4372
16.5 4218
16.7 4192
16.9 4227
17.1 4063
17.3 4290
17.5 4175
17.7 4202
17.9 3983
18.1 4083
18.3 4035
18.5 4004
18.7 3849
18.9 3880
19.1 3735
19.3 3774
19.5 3715
19.7 3760
19.9 3689
20.1 3513
20.3 3678
20.5 3502
20.7 3463
20.9 3498
21.1 3417
21.3 3405
21.5 3184
21.7 3251
21.9 3167
22.1 3164
22.3 3094
22.5 3085
22.7 2949
22.9 2967
23.1 2901
23.3 2758
23.5 2784
23.7 2741
23.9 2783
24.1 2693
24.3 2589
24.5 2614
24.7 2530
24.9 2369
25.1 2322
25.3 2306
25.5 2319
25.7 2196
25.9 2244
26.1 2183
26.3 1996
26.5 2086
26.7 1911
26.9 1988
27.1 1871
27.3 1790
27.5 1824
27.7 1707
27.9 1655
28.1 1616
28.3 1521
28.5 1456
28.7 1507
28.9 1501
29.1 1381
29.3 1375
29.5 1329
29.7 1221
29.9 1216
30.1 1171
30.3 1144
30.5 1118
30.7 1065
30.9 997
31.1 1058
31.3 949
31.5 935
31.7 836
31.9 840
32.1 826
32.3 724
32.5 747
32.7 769
32.9 691
33.1 605
33.3 610
33.5 582
33.7 544
33.9 550
34.1 537
34.3 483
34.5 501
34.7 469
34.9 393
35.1 373
35.3 404
35.5 337
35.7 351
35.9 333
36.1 309
36.3 292
36.5 254
36.7 237
36.9 234
37.1 208
37.3 200
37.5 189
37.7 165
37.9 172
38.1 147
38.3 162
38.5 171
38.7 135
38.9 110
39.1 127
39.3 122
39.5 107
39.7 93
39.9 91
40.1 72
40.3 78
40.5 71
40.7 74
40.9 76
41.1 52
41.3 66
41.5 53
41.7 51
41.9 39
42.1 49
42.3 35
42.5 50
42.7 39
42.9 41
43.1 34
43.3 33
43.5 27
43.7 31
43.9 23
44.1 35
44.3 20
44.5 19
44.7 21
44.9 18
45.1 23
45.3 16
45.5 20
45.7 21
45.9 20
46.1 10
46.3 20
46.5 21
46.7 22
46.9 15
47.1 17
47.3 17
47.5 18
47.7 16
47.9 19
48.1 11
48.3 13
48.5 20
48.7 8
48.9 12
49.1 9
49.3 14
49.5 17
49.7 12
49.9 13
