-209.9 0
-209.7 3
-209.5 0
-209.3 2
-209.1 0
-208.9 0
-208.7 1
-208.5 2
-208.3 0
-208.1 4
-207.9 2
-207.7 1
-207.5 0
-207.3 1
-207.1 1
-206.9 3
-206.7 2
-206.5 0
-206.3 4
-206.1 2
-205.9 0
-205.7 1
-205.5 4
-205.3 0
-205.1 0
-204.9 2
-204.7 0
-204.5 3
-204.3 3
-204.1 1
-203.9 2
-203.7 1
-203.5 1
-203.3 1
-203.1 3
-202.9 4
-202.7 0
-202.5 0
-202.3 1
-202.1 3
-201.9 0
-201.7 1
-201.5 4
-201.3 1
-201.1 0
-200.9 2
-200.7 3
-200.5 1
-200.3 5
-200.1 0
-199.9 1
-199.7 3
-199.5 2
-199.3 3
-199.1 9
-198.9 22
-198.7 29
-198.5 72
-198.3 105
-198.1 198
-197.9 307
-197.7 424
-197.5 649
-197.3 910
-197.1 1153
-196.9 1486
-196.7 1924
-196.5 2200
-196.3 2565
-196.1 3089
-195.9 3621
-195.7 4102
-195.5 4722
-195.3 5526
-195.1 6250
-194.9 6931
-194.7 7467
-194.5 8377
-194.3 8905
-194.1 9572
-193.9 9826
-193.7 10147
-193.5 10480
-193.3 10451
-193.1 10482
-192.9 10514
-192.7 10420
-192.5 10330
-192.3 10213
-192.1 10242
-191.9 10101
-191.7 9904
-191.5 9806
-191.3 9717
-191.1 9752
-190.9 9360
-190.7 9388
-190.5 9156
-190.3 9122
-190.1 9154
-189.9 9026
-189.7 8900
-189.5 8843
-189.3 8693
-189.1 8495
-188.9 8572
-188.7 8481
-188.5 8534
-188.3 8348
-188.1 8278
-187.9 8168
-187.7 8202
-187.5 8084
-187.3 8083
-187.1 8000
-186.9 8096
-186.7 8009
-186.5 7780
-186.3 7982
-186.1 7801
-185.9 7799
-185.7 7831
-185.5 7833
-185.3 7647
-185.1 7496
-184.9 7585
-184.7 7523
-184.5 7559
-184.3 7507
-184.1 7490
-183.9 7611
-183.7 7381
-183.5 7446
-183.3 7330
-183.1 7338
-182.9 7143
-182.7 7238
-182.5 7280
-182.3 7137
-182.1 7230
-181.9 7069
-181.7 6960
-181.5 6870
-181.3 6908
-181.1 6841
-180.9 6990
-180.7 6798
-180.5 6726
-180.3 6725
-180.1 6554
-179.9 6595
-179.7 6537
-179.5 6619
-179.3 6426
-179.1 6410
-178.9 6436
-178.7 6311
-178.5 6419
-178.3 6261
-178.1 6188
-177.9 6337
-177.7 6226
-177.5 6277
-177.3 6030
-177.1 6024
-176.9 5938
-176.7 5918
-176.5 5967
-176.3 6047
-176.1 5957
-175.9 5901
-175.7 5879
-175.5 5757
-175.3 5824
-175.1 5903
-174.9 5743
-174.7 5918
-174.5 5688
-174.3 5828
-174.1 5746
-173.9 5625
-173.7 5609
-173.5 5704
-173.3 5693
-173.1 5614
-172.9 5562
-172.7 5568
-172.5 5634
-172.3 5706
-172.1 5494
-171.9 5598
-171.7 5612
-171.5 5421
-171.3 5388
-171.1 5544
-170.9 5263
-170.7 5389
-170.5 5509
-170.3 5482
-170.1 5307
-169.9 5379
-169.7 5410
-169.5 5429
-169.3 5401
-169.1 5442
-168.9 5297
-168.7 5456
-168.5 5219
-168.3 5348
-168.1 5322
-167.9 5331
-167.7 5325
-167.5 5365
-167.3 5206
-167.1 5416
-166.9 5252
-166.7 5180
-166.5 5232
-166.3 5355
-166.1 5261
-165.9 5222
-165.7 5213
-165.5 5164
-165.3 5278
-165.1 5251
-164.9 5222
-164.7 5091
-164.5 5207
-164.3 5306
-164.1 5190
-163.9 5083
-163.7 5116
-163.5 5225
-163.3 5163
-163.1 5202
-162.9 5137
-162.7 5132
-162.5 5084
-162.3 5133
-162.1 5169
-161.9 5026
-161.7 5141
-161.5 5147
-161.3 5051
-161.1 5183
-160.9 5068
-160.7 5107
-160.5 5233
-160.3 5087
-160.1 5180
-159.9 5215
-159.7 5120
-159.5 5129
-159.3 5102
-159.1 5212
-158.9 5027
-158.7 4947
-158.5 5258
-158.3 5112
-158.1 5070
-157.9 5053
-157.7 5094
-157.5 5065
-157.3 5109
-157.1 5057
-156.9 5075
-156.7 5269
-156.5 5018
-156.3 5050
-156.1 5025
-155.9 5129
-155.7 5031
-155.5 5255
-155.3 5153
-155.1 5061
-154.9 5015
-154.7 5043
-154.5 5058
-154.3 5006
-154.1 5118
-153.9 5056
-153.7 5194
-153.5 5017
-153.3 5080
-153.1 4917
-152.9 5011
-152.7 4964
-152.5 5135
-152.3 5059
-152.1 5056
-151.9 5143
-151.7 5069
-151.5 5176
-151.3 5101
-151.1 5048
-150.9 4942
-150.7 4952
-150.5 4959
-150.3 5005
-150.1 5065
-149.9 5026
-149.7 5070
-149.5 4987
-149.3 5110
-149.1 4922
-148.9 5143
-148.7 5021
-148.5 4897
-148.3 5013
-148.1 4967
-147.9 5090
-147.7 4902
-147.5 4974
-147.3 4847
-147.1 4960
-146.9 4958
-146.7 4865
-146.5 4870
-146.3 4929
-146.1 4986
-145.9 4949
-145.7 4821
-145.5 4900
-145.3 4942
-145.1 4847
-144.9 4860
-144.7 4967
-144.5 4891
-144.3 4879
-144.1 4779
-143.9 5050
-143.7 4986
-143.5 4892
-143.3 4903
-143.1 4898
-142.9 4834
-142.7 4886
-142.5 4810
-142.3 4934
-142.1 4786
-141.9 4785
-141.7 4979
-141.5 4681
-141.3 4779
-141.1 4765
-140.9 4817
-140.7 4808
-140.5 4864
-140.3 4709
-140.1 4931
-139.9 4932
-139.7 4799
-139.5 4920
-139.3 4799
-139.1 4770
-138.9 4786
-138.7 4854
-138.5 4922
-138.3 4902
-138.1 4919
-137.9 4774
-137.7 4934
-137.5 4848
-137.3 4893
-137.1 4934
-136.9 4977
-136.7 4984
-136.5 4978
-136.3 5062
-136.1 4955
-135.9 5007
-135.7 4923
-135.5 4946
-135.3 5064
-135.1 5113
-134.9 5083
-134.7 5044
-134.5 4998
-134.3 4932
-134.1 5029
-133.9 5269
-133.7 5063
-133.5 5080
-133.3 4923
-133.1 5042
-132.9 5071
-132.7 5177
-132.5 5042
-132.3 5099
-132.1 5140
-131.9 5214
-131.7 5101
-131.5 5057
-131.3 5252
-131.1 5229
-130.9 4951
-130.7 5228
-130.5 5070
-130.3 5074
-130.1 5170
-129.9 5084
-129.7 5197
-129.5 5079
-129.3 5098
-129.1 5192
-128.9 5223
-128.7 5267
-128.5 5188
-128.3 5089
-128.1 5257
-127.9 5139
-127.7 5184
-127.5 5167
-127.3 5169
-127.1 5026
-126.9 5132
-126.7 5091
-126.5 5181
-126.3 5199
-126.1 5035
-125.9 5068
-125.7 5166
-125.5 5002
-125.3 4998
-125.1 5146
-124.9 5125
-124.7 4961
-124.5 5115
-124.3 5006
-124.1 5057
-123.9 5042
-123.7 4901
-123.5 5050
-123.3 5077
-123.1 4959
-122.9 5111
-122.7 5083
-122.5 5122
-122.3 4915
-122.1 5049
-121.9 5029
-121.7 4982
-121.5 5071
-121.3 5138
-121.1 5167
-120.9 4960
-120.7 5018
-120.5 4932
-120.3 5039
-120.1 5080
-119.9 5106
-119.7 4938
-119.5 5042
-119.3 5037
-119.1 4992
-118.9 5156
-118.7 4898
-118.5 4954
-118.3 4893
-118.1 4948
-117.9 4942
-117.7 4861
-117.5 4956
-117.3 4973
-117.1 4949
-116.9 5000
-116.7 5011
-116.5 4901
-116.3 5065
-116.1 5026
-115.9 4888
-115.7 5096
-115.5 4927
-115.3 4936
-115.1 4904
-114.9 5002
-114.7 4896
-114.5 4952
-114.3 4912
-114.1 4917
-113.9 4892
-113.7 4954
-113.5 5050
-113.3 5021
-113.1 4945
-112.9 4935
-112.7 4842
-112.5 5021
-112.3 5084
-112.1 4875
-111.9 4920
-111.7 4963
-111.5 4930
-111.3 4873
-111.1 4958
-110.9 4991
-110.7 4894
-110.5 5002
-110.3 4944
-110.1 4861
-109.9 4933
-109.7 4907
-109.5 4906
-109.3 4954
-109.1 4943
-108.9 4930
-108.7 4864
-108.5 4888
-108.3 4936
-108.1 4777
-107.9 4951
-107.7 5010
-107.5 4736
-107.3 4975
-107.1 5021
-106.9 4835
-106.7 4992
-106.5 4895
-106.3 4932
-106.1 4894
-105.9 4826
-105.7 4769
-105.5 4901
-105.3 4914
-105.1 4813
-104.9 4858
-104.7 4864
-104.5 4933
-104.3 4889
-104.1 4918
-103.9 4815
-103.7 4749
-103.5 4897
-103.3 4949
-103.1 4866
-102.9 4934
-102.7 4953
-102.5 4947
-102.3 4896
-102.1 4767
-101.9 4757
-101.7 4894
-101.5 4764
-101.3 4991
-101.1 4814
-100.9 4959
-100.7 4800
-100.5 4930
-100.3 4861
-100.1 5091
-99.9 4909
-99.7 4919
-99.5 4875
-99.3 4900
-99.1 4960
-98.9 4840
-98.7 4834
-98.5 4991
-98.3 4962
-98.1 4931
-97.9 4858
-97.7 4836
-97.5 4970
-97.3 4872
-97.1 4889
-96.9 4880
-96.7 4906
-96.5 4810
-96.3 5066
-96.1 4990
-95.9 4949
-95.7 4891
-95.5 4863
-95.3 4898
-95.1 4934
-94.9 4979
-94.7 4924
-94.5 4915
-94.3 4984
-94.1 5005
-93.9 5007
-93.7 4955
-93.5 5111
-93.3 4995
-93.1 4870
-92.9 4980
-92.7 4951
-92.5 4918
-92.3 4919
-92.1 5026
-91.9 4821
-91.7 4986
-91.5 5131
-91.3 5003
-91.1 4937
-90.9 4979
-90.7 5013
-90.5 4875
-90.3 5120
-90.1 4816
-89.9 5069
-89.7 4934
-89.5 4768
-89.3 4897
-89.1 5073
-88.9 5016
-88.7 4883
-88.5 4990
-88.3 5025
-88.1 5058
-87.9 5017
-87.7 4992
-87.5 5054
-87.3 4908
-87.1 4811
-86.9 5008
-86.7 4889
-86.5 4970
-86.3 4952
-86.1 4870
-85.9 4938
-85.7 4860
-85.5 4849
-85.3 4898
-85.1 4950
-84.9 4859
-84.7 4905
-84.5 4847
-84.3 4895
-84.1 4940
-83.9 4879
-83.7 5009
-83.5 4918
-83.3 4919
-83.1 4981
-82.9 4889
-82.7 4880
-82.5 4939
-82.3 4800
-82.1 4883
-81.9 4946
-81.7 4931
-81.5 4943
-81.3 4963
-81.1 4996
-80.9 4932
-80.7 4898
-80.5 4858
-80.3 4887
-80.1 4811
-79.9 4894
-79.7 4828
-79.5 4754
-79.3 4892
-79.1 4886
-78.9 4963
-78.7 4861
-78.5 5030
-78.3 4848
-78.1 4849
-77.9 4847
-77.7 4901
-77.5 4840
-77.3 4833
-77.1 4921
-76.9 4929
-76.7 4829
-76.5 4984
-76.3 4826
-76.1 4834
-75.9 4826
-75.7 4908
-75.5 4989
-75.3 4916
-75.1 4878
-74.9 4846
-74.7 5011
-74.5 4850
-74.3 4926
-74.1 4943
-73.9 4886
-73.7 4847
-73.5 4835
-73.3 4955
-73.1 4774
-72.9 4907
-72.7 4945
-72.5 4884
-72.3 4930
-72.1 4866
-71.9 4991
-71.7 4976
-71.5 4931
-71.3 4976
-71.1 5058
-70.9 4893
-70.7 4891
-70.5 4895
-70.3 5068
-70.1 4933
-69.9 4957
-69.7 4872
-69.5 4991
-69.3 4950
-69.1 4953
-68.9 4927
-68.7 4984
-68.5 4906
-68.3 4978
-68.1 4871
-67.9 4844
-67.7 4950
-67.5 4879
-67.3 4911
-67.1 4881
-66.9 4937
-66.7 4900
-66.5 4807
-66.3 4946
-66.1 4959
-65.9 4930
-65.7 4958
-65.5 5048
-65.3 4964
-65.1 4958
-64.9 4850
-64.7 4972
-64.5 4875
-64.3 4939
-64.1 5003
-63.9 4910
-63.7 4920
-63.5 4943
-63.3 4782
-63.1 4752
-62.9 4864
-62.7 4903
-62.5 4869
-62.3 4972
-62.1 4878
-61.9 4939
-61.7 4907
-61.5 4838
-61.3 4886
-61.1 4874
-60.9 4905
-60.7 4851
-60.5 4912
-60.3 4821
-60.1 4867
-59.9 4968
-59.7 5008
-59.5 4866
-59.3 4779
-59.1 4822
-58.9 4903
-58.7 4929
-58.5 4951
-58.3 4916
-58.1 4932
-57.9 4942
-57.7 4962
-57.5 4971
-57.3 4849
-57.1 4847
-56.9 4883
-56.7 4966
-56.5 4957
-56.3 4900
-56.1 4849
-55.9 4832
-55.7 4971
-55.5 5057
-55.3 4925
-55.1 4953
-54.9 4947
-54.7 4777
-54.5 4748
-54.3 4992
-54.1 4823
-53.9 4883
-53.7 4951
-53.5 5045
-53.3 4929
-53.1 4950
-52.9 5006
-52.7 4883
-52.5 5020
-52.3 4739
-52.1 5004
-51.9 4901
-51.7 4973
-51.5 4889
-51.3 4963
-51.1 4947
-50.9 4956
-50.7 4878
-50.5 4942
-50.3 4863
-50.1 4999
-49.9 5039
-49.7 4986
-49.5 4912
-49.3 4946
-49.1 4884
-48.9 4856
-48.7 4914
-48.5 4970
-48.3 4950
-48.1 4947
-47.9 5014
-47.7 4878
-47.5 4981
-47.3 4971
-47.1 5020
-46.9 4857
-46.7 4903
-46.5 4985
-46.3 4964
-46.1 4928
-45.9 4981
-45.7 4745
-45.5 5076
-45.3 4892
-45.1 5033
-44.9 4999
-44.7 4873
-44.5 4959
-44.3 4776
-44.1 4894
-43.9 4883
-43.7 4916
-43.5 4967
-43.3 4949
-43.1 5116
-42.9 4892
-42.7 4965
-42.5 4970
-42.3 4901
-42.1 4948
-41.9 5009
-41.7 4840
-41.5 4836
-41.3 4991
-41.1 4922
-40.9 4779
-40.7 4931
-40.5 4871
-40.3 4852
-40.1 4895
-39.9 4944
-39.7 4882
-39.5 4906
-39.3 4918
-39.1 5048
-38.9 4939
-38.7 4832
-38.5 4954
-38.3 4917
-38.1 4889
-37.9 4938
-37.7 4912
-37.5 4922
-37.3 4996
-37.1 4924
-36.9 5050
-36.7 4870
-36.5 4838
-36.3 4931
-36.1 4902
-35.9 4922
-35.7 4846
-35.5 4976
-35.3 4907
-35.1 4960
-34.9 4800
-34.7 4902
-34.5 4843
-34.3 4966
-34.1 4802
-33.9 4875
-33.7 4934
-33.5 4940
-33.3 4942
-33.1 4942
-32.9 4877
-32.7 4991
-32.5 4901
-32.3 4862
-32.1 4903
-31.9 4808
-31.7 4871
-31.5 4971
-31.3 4942
-31.1 4957
-30.9 4913
-30.7 4751
-30.5 4907
-30.3 4851
-30.1 4864
-29.9 4717
-29.7 4773
-29.5 4816
-29.3 4825
-29.1 4857
-28.9 4935
-28.7 4827
-28.5 4753
-28.3 4872
-28.1 5001
-27.9 5025
-27.7 4808
-27.5 4890
-27.3 4841
-27.1 5006
-26.9 4914
-26.7 4903
-26.5 4793
-26.3 4891
-26.1 4826
-25.9 4919
-25.7 4750
-25.5 4791
-25.3 4870
-25.1 4794
-24.9 4898
-24.7 4928
-24.5 4949
-24.3 4802
-24.1 4921
-23.9 4854
-23.7 4827
-23.5 4725
-23.3 4783
-23.1 4873
-22.9 4859
-22.7 4980
-22.5 4878
-22.3 4816
-22.1 4774
-21.9 4849
-21.7 4767
-21.5 4694
-21.3 4703
-21.1 4840
-20.9 5018
-20.7 4823
-20.5 4930
-20.3 4873
-20.1 4767
-19.9 4763
-19.7 4795
-19.5 4881
-19.3 4879
-19.1 4850
-18.9 4913
-18.7 4799
-18.5 4896
-18.3 4924
-18.1 4655
-17.9 4967
-17.7 5049
-17.5 4930
-17.3 4821
-17.1 4866
-16.9 4808
-16.7 4836
-16.5 4867
-16.3 4720
-16.1 4913
-15.9 4923
-15.7 4883
-15.5 4859
-15.3 4867
-15.1 4878
-14.9 4914
-14.7 4859
-14.5 4995
-14.3 4966
-14.1 4851
-13.9 4987
-13.7 4710
-13.5 4849
-13.3 4914
-13.1 4950
-12.9 5006
-12.7 4968
-12.5 4875
-12.3 4900
-12.1 4922
-11.9 4958
-11.7 4920
-11.5 4917
-11.3 4949
-11.1 4927
-10.9 4962
-10.7 4821
-10.5 4915
-10.3 4823
-10.1 4872
-9.9 4967
-9.7 4891
-9.5 4989
-9.3 4917
-9.1 4935
-8.9 4968
-8.7 4943
-8.5 4966
-8.3 4754
-8.1 4949
-7.9 5010
-7.7 4882
-7.5 5029
-7.3 4763
-7.1 4912
-6.9 4939
-6.7 4976
-6.5 4971
-6.3 4789
-6.1 4762
-5.9 4875
-5.7 4861
-5.5 4939
-5.3 4838
-5.1 4902
-4.9 4904
-4.7 4909
-4.5 4797
-4.3 4974
-4.1 5005
-3.9 4894
-3.7 4917
-3.5 4935
-3.3 5005
-3.1 4775
-2.9 4829
-2.7 4749
-2.5 5028
-2.3 4864
-2.1 4895
-1.9 4815
-1.7 4878
-1.5 4877
-1.3 4995
-1.1 4854
-0.9 4978
-0.7 4802
-0.5 4901
-0.3 4894
-0.1 4785
0.1 4883
0.3 4738
0.5 4840
0.7 4852
0.9 4897
1.1 4901
1.3 4836
1.5 4932
1.7 4911
1.9 4830
2.1 4730
2.3 4780
2.5 4879
2.7 4989
2.9 4846
3.1 4846
3.3 4885
3.5 4918
3.7 4874
3.9 4744
4.1 4895
4.3 4800
4.5 4882
4.7 4887
4.9 4834
5.1 4964
5.3 4822
5.5 4872
5.7 4907
5.9 4795
6.1 4810
6.3 4752
6.5 4731
6.7 4736
6.9 4749
7.1 4773
7.3 4837
7.5 4846
7.7 4699
7.9 4685
8.1 4795
8.3 4816
8.5 4684
8.7 4795
8.9 4812
9.1 4693
9.3 4823
9.5 4906
9.7 4831
9.9 4795
10.1 4695
10.3 4594
10.5 4585
10.7 4797
10.9 4641
11.1 4720
11.3 4576
11.5 4755
11.7 4697
11.9 4645
12.1 4560
12.3 4576
12.5 4560
12.7 4574
12.9 4492
13.1 4611
13.3 4489
13.5 4506
13.7 4367
13.9 4376
14.1 4362
14.3 4376
14.5 4329
14.7 4370
14.9 4258
15.1 4177
15.3 4173
15.5 4222
15.7 3995
15.9 4088
16.1 3916
16.3 3951
16.5 3967
16.7 3860
16.9 3938
17.1 3882
17.3 3939
17.5 3878
17.7 3652
17.9 3695
18.1 3689
18.3 3612
18.5 3654
18.7 3465
18.9 3469
19.1 3507
19.3 3322
19.5 3423
19.7 3375
19.9 3180
20.1 3088
20.3 3169
20.5 3084
20.7 3123
20.9 3029
21.1 2980
21.3 3013
21.5 2846
21.7 2799
21.9 2763
22.1 2724
22.3 2693
22.5 2770
22.7 2496
22.9 2486
23.1 2630
23.3 2524
23.5 2418
23.7 2258
23.9 2321
24.1 2265
24.3 2125
24.5 2210
24.7 2113
24.9 2083
25.1 2066
25.3 1969
25.5 1887
25.7 1858
25.9 1830
26.1 1781
26.3 1752
26.5 1663
26.7 1700
26.9 1698
27.1 1602
27.3 1531
27.5 1497
27.7 1531
27.9 1431
28.1 1404
28.3 1415
28.5 1395
28.7 1312
28.9 1275
29.1 1205
29.3 1237
29.5 1135
29.7 1139
29.9 1019
30.1 1068
30.3 986
30.5 999
30.7 965
30.9 953
31.1 891
31.3 842
31.5 777
31.7 743
31.9 730
32.1 744
32.3 709
32.5 656
32.7 613
32.9 584
33.1 611
33.3 550
33.5 548
33.7 515
33.9 490
34.1 465
34.3 433
34.5 420
34.7 425
34.9 389
35.1 382
35.3 325
35.5 315
35.7 304
35.9 274
36.1 302
36.3 257
36.5 232
36.7 215
36.9 198
37.1 204
37.3 161
37.5 176
37.7 167
37.9 149
38.1 131
38.3 138
38.5 125
38.7 111
38.9 104
39.1 110
39.3 91
39.5 87
39.7 79
39.9 85
40.1 62
40.3 73
40.5 64
40.7 48
40.9 57
41.1 64
41.3 50
41.5 67
41.7 32
41.9 40
42.1 39
42.3 28
42.5 25
42.7 27
42.9 37
43.1 27
43.3 20
43.5 18
43.7 19
43.9 16
44.1 19
44.3 22
44.5 15
44.7 18
44.9 22
45.1 13
45.3 10
45.5 14
45.7 15
45.9 18
46.1 14
46.3 20
46.5 5
46.7 15
46.9 13
47.1 15
47.3 11
47.5 5
47.7 19
47.9 12
48.1 11
48.3 7
48.5 11
48.7 14
48.9 12
49.1 12
49.3 12
49.5 10
49.7 10
49.9 13
