-209.9 0
-209.7 13
-209.5 5
-209.3 7
-209.1 11
-208.9 4
-208.7 3
-208.5 7
-208.3 10
-208.1 5
-207.9 3
-207.7 4
-207.5 4
-207.3 1
-207.1 10
-206.9 8
-206.7 12
-206.5 6
-206.3 8
-206.1 8
-205.9 6
-205.7 3
-205.5 12
-205.3 9
-205.1 6
-204.9 10
-204.7 12
-204.5 8
-204.3 8
-204.1 13
-203.9 14
-203.7 23
-203.5 23
-203.3 16
-203.1 14
-202.9 19
-202.7 32
-202.5 29
-202.3 39
-202.1 62
-201.9 83
-201.7 140
-201.5 202
-201.3 271
-201.1 401
-200.9 519
-200.7 582
-200.5 761
-200.3 848
-200.1 1036
-199.9 1005
-199.7 1145
-199.5 1202
-199.3 1264
-199.1 1303
-198.9 1354
-198.7 1374
-198.5 1493
-198.3 1609
-198.1 1732
-197.9 2067
-197.7 2313
-197.5 2618
-197.3 3086
-197.1 3450
-196.9 4144
-196.7 4641
-196.5 5279
-196.3 5861
-196.1 6464
-195.9 7182
-195.7 7699
-195.5 8164
-195.3 8623
-195.1 9010
-194.9 9248
-194.7 9437
-194.5 9681
-194.3 9987
-194.1 10051
-193.9 10198
-193.7 10061
-193.5 10234
-193.3 10029
-193.1 10061
-192.9 10019
-192.7 10153
-192.5 9854
-192.3 9739
-192.1 9617
-191.9 9472
-191.7 9556
-191.5 9357
-191.3 9373
-191.1 9294
-190.9 9020
-190.7 9019
-190.5 9086
-190.3 8831
-190.1 8676
-189.9 8700
-189.7 8414
-189.5 8554
-189.3 8493
-189.1 8428
-188.9 8551
-188.7 8374
-188.5 8285
-188.3 8507
-188.1 8316
-187.9 8139
-187.7 8069
-187.5 8179
-187.3 7975
-187.1 8140
-186.9 8065
-186.7 7832
-186.5 7832
-186.3 7755
-186.1 7821
-185.9 7921
-185.7 7823
-185.5 7795
-185.3 7594
-185.1 7494
-184.9 7446
-184.7 7340
-184.5 7394
-184.3 7405
-184.1 7344
-183.9 7315
-183.7 7405
-183.5 7227
-183.3 7008
-183.1 7066
-182.9 7131
-182.7 6855
-182.5 7013
-182.3 6965
-182.1 6834
-181.9 6876
-181.7 6932
-181.5 6709
-181.3 6732
-181.1 6727
-180.9 6561
-180.7 6507
-180.5 6455
-180.3 6550
-180.1 6282
-179.9 6426
-179.7 6342
-179.5 6302
-179.3 6198
-179.1 6098
-178.9 6232
-178.7 6054
-178.5 6062
-178.3 6013
-178.1 6021
-177.9 6032
-177.7 5881
-177.5 5875
-177.3 5977
-177.1 5963
-176.9 6027
-176.7 5780
-176.5 5950
-176.3 5905
-176.1 6012
-175.9 5809
-175.7 5812
-175.5 5893
-175.3 5759
-175.1 5668
-174.9 5628
-174.7 5739
-174.5 5746
-174.3 5778
-174.1 5697
-173.9 5565
-173.7 5756
-173.5 5458
-173.3 5574
-173.1 5499
-172.9 5525
-172.7 5646
-172.5 5377
-172.3 5441
-172.1 5511
-171.9 5507
-171.7 5532
-171.5 5526
-171.3 5470
-171.1 5578
-170.9 5526
-170.7 5387
-170.5 5576
-170.3 5459
-170.1 5288
-169.9 5301
-169.7 5385
-169.5 5441
-169.3 5458
-169.1 5390
-168.9 5425
-168.7 5257
-168.5 5189
-168.3 5229
-168.1 5317
-167.9 5290
-167.7 5294
-167.5 5253
-167.3 5094
-167.1 5376
-166.9 5298
-166.7 5211
-166.5 5361
-166.3 5152
-166.1 5220
-165.9 5368
-165.7 5232
-165.5 5083
-165.3 5279
-165.1 5286
-164.9 5204
-164.7 5196
-164.5 5218
-164.3 5230
-164.1 5211
-163.9 5156
-163.7 5032
-163.5 5202
-163.3 5247
-163.1 5200
-162.9 5261
-162.7 5145
-162.5 5309
-162.3 5260
-162.1 5194
-161.9 5152
-161.7 5133
-161.5 5286
-161.3 5126
-161.1 5167
-160.9 5188
-160.7 5295
-160.5 5348
-160.3 5324
-160.1 5341
-159.9 5135
-159.7 5098
-159.5 5088
-159.3 5074
-159.1 5193
-158.9 5137
-158.7 5224
-158.5 5295
-158.3 5072
-158.1 5200
-157.9 5148
-157.7 5028
-157.5 5114
-157.3 5091
-157.1 5111
-156.9 5095
-156.7 5061
-156.5 5187
-156.3 5219
-156.1 5123
-155.9 5224
-155.7 5113
-155.5 5240
-155.3 5100
-155.1 5026
-154.9 5103
-154.7 5119
-154.5 5105
-154.3 5167
-154.1 5151
-153.9 5148
-153.7 5067
-153.5 4986
-153.3 5199
-153.1 5151
-152.9 5174
-152.7 5063
-152.5 5078
-152.3 5122
-152.1 5050
-151.9 5139
-151.7 5130
-151.5 5098
-151.3 5140
-151.1 5139
-150.9 4994
-150.7 5198
-150.5 5018
-150.3 4938
-150.1 4995
-149.9 4957
-149.7 5025
-149.5 4995
-149.3 4946
-149.1 5113
-148.9 5087
-148.7 4988
-148.5 5080
-148.3 5099
-148.1 4995
-147.9 4914
-147.7 5005
-147.5 5008
-147.3 5035
-147.1 5129
-146.9 4970
-146.7 5033
-146.5 5041
-146.3 5022
-146.1 4965
-145.9 4942
-145.7 4963
-145.5 4861
-145.3 5021
-145.1 4844
-144.9 4861
-144.7 4990
-144.5 4848
-144.3 5009
-144.1 4896
-143.9 4870
-143.7 4906
-143.5 4941
-143.3 5008
-143.1 4990
-142.9 4919
-142.7 5001
-142.5 4913
-142.3 4856
-142.1 5047
-141.9 4931
-141.7 4952
-141.5 4920
-141.3 4950
-141.1 4870
-140.9 4995
-140.7 4875
-140.5 4894
-140.3 5004
-140.1 4914
-139.9 4936
-139.7 4926
-139.5 5076
-139.3 4951
-139.1 5018
-138.9 5013
-138.7 5054
-138.5 4996
-138.3 4988
-138.1 5121
-137.9 4973
-137.7 5122
-137.5 4990
-137.3 4823
-137.1 5087
-136.9 5019
-136.7 5086
-136.5 5198
-136.3 5029
-136.1 5206
-135.9 5184
-135.7 5184
-135.5 5055
-135.3 5059
-135.1 5155
-134.9 5275
-134.7 5189
-134.5 5191
-134.3 5153
-134.1 5227
-133.9 5187
-133.7 5084
-133.5 5119
-133.3 5190
-133.1 5196
-132.9 5286
-132.7 5163
-132.5 5116
-132.3 5261
-132.1 5184
-131.9 5269
-131.7 5139
-131.5 5175
-131.3 5070
-131.1 5234
-130.9 5102
-130.7 5220
-130.5 5217
-130.3 5132
-130.1 5338
-129.9 5255
-129.7 5291
-129.5 5311
-129.3 5173
-129.1 5203
-128.9 5161
-128.7 5283
-128.5 5321
-128.3 5142
-128.1 5124
-127.9 5173
-127.7 5157
-127.5 5218
-127.3 5336
-127.1 5250
-126.9 5215
-126.7 5244
-126.5 5068
-126.3 4962
-126.1 5114
-125.9 5083
-125.7 5124
-125.5 5306
-125.3 5249
-125.1 5040
-124.9 5196
-124.7 5205
-124.5 5188
-124.3 5064
-124.1 4971
-123.9 5057
-123.7 5125
-123.5 5173
-123.3 5148
-123.1 5083
-122.9 5089
-122.7 5044
-122.5 5111
-122.3 5220
-122.1 5012
-121.9 5119
-121.7 5036
-121.5 5080
-121.3 5020
-121.1 5130
-120.9 5128
-120.7 5059
-120.5 5023
-120.3 5134
-120.1 5048
-119.9 5188
-119.7 5061
-119.5 5036
-119.3 4981
-119.1 5107
-118.9 5140
-118.7 4948
-118.5 5091
-118.3 4951
-118.1 4783
-117.9 4993
-117.7 4888
-117.5 4863
-117.3 5028
-117.1 4975
-116.9 4980
-116.7 5094
-116.5 4799
-116.3 4956
-116.1 5095
-115.9 4845
-115.7 4737
-115.5 4987
-115.3 4992
-115.1 5057
-114.9 5130
-114.7 4933
-114.5 4968
-114.3 5120
-114.1 5086
-113.9 5029
-113.7 4899
-113.5 5066
-113.3 4976
-113.1 4990
-112.9 5124
-112.7 4935
-112.5 5065
-112.3 4980
-112.1 5043
-111.9 4862
-111.7 4906
-111.5 5029
-111.3 4959
-111.1 5015
-110.9 5028
-110.7 5024
-110.5 5040
-110.3 5075
-110.1 4915
-109.9 4870
-109.7 4974
-109.5 4890
-109.3 5074
-109.1 5103
-108.9 4824
-108.7 4908
-108.5 5041
-108.3 4999
-108.1 4886
-107.9 4947
-107.7 5045
-107.5 5141
-107.3 4996
-107.1 4990
-106.9 4950
-106.7 4945
-106.5 5077
-106.3 4911
-106.1 5048
-105.9 4947
-105.7 4902
-105.5 4995
-105.3 5087
-105.1 5134
-104.9 4954
-104.7 4937
-104.5 4964
-104.3 4931
-104.1 4971
-103.9 4979
-103.7 5002
-103.5 4955
-103.3 4984
-103.1 5072
-102.9 5031
-102.7 4986
-102.5 4974
-102.3 5015
-102.1 5112
-101.9 4976
-101.7 4929
-101.5 4994
-101.3 4954
-101.1 4974
-100.9 5029
-100.7 5014
-100.5 5090
-100.3 5166
-100.1 5075
-99.9 4857
-99.7 4903
-99.5 5096
-99.3 4962
-99.1 4903
-98.9 5012
-98.7 5015
-98.5 5038
-98.3 4940
-98.1 5005
-97.9 4953
-97.7 4991
-97.5 5007
-97.3 4943
-97.1 5041
-96.9 5061
-96.7 5072
-96.5 4853
-96.3 5027
-96.1 5032
-95.9 5034
-95.7 4943
-95.5 4973
-95.3 4979
-95.1 4989
-94.9 4957
-94.7 4891
-94.5 5103
-94.3 4978
-94.1 5021
-93.9 5069
-93.7 4858
-93.5 5054
-93.3 5006
-93.1 4916
-92.9 4931
-92.7 5040
-92.5 4998
-92.3 4959
-92.1 5041
-91.9 5175
-91.7 4987
-91.5 4936
-91.3 4962
-91.1 5065
-90.9 5085
-90.7 5037
-90.5 4940
-90.3 5078
-90.1 4946
-89.9 4899
-89.7 4988
-89.5 5003
-89.3 4985
-89.1 4964
-88.9 4871
-88.7 5020
-88.5 4967
-88.3 4989
-88.1 4967
-87.9 4875
-87.7 4902
-87.5 5007
-87.3 5022
-87.1 4918
-86.9 4964
-86.7 5053
-86.5 4946
-86.3 4918
-86.1 4871
-85.9 5012
-85.7 4938
-85.5 4889
-85.3 4898
-85.1 4864
-84.9 4905
-84.7 4937
-84.5 5029
-84.3 4918
-84.1 5023
-83.9 4944
-83.7 5010
-83.5 4786
-83.3 4966
-83.1 5151
-82.9 5000
-82.7 4793
-82.5 4978
-82.3 4933
-82.1 4975
-81.9 4783
-81.7 5034
-81.5 4953
-81.3 4937
-81.1 4996
-80.9 4970
-80.7 5047
-80.5 5025
-80.3 4941
-80.1 5057
-79.9 4997
-79.7 4926
-79.5 4924
-79.3 5051
-79.1 4993
-78.9 4893
-78.7 4926
-78.5 5033
-78.3 5134
-78.1 4965
-77.9 4910
-77.7 5061
-77.5 4961
-77.3 5109
-77.1 5048
-76.9 5079
-76.7 4972
-76.5 4905
-76.3 4974
-76.1 5034
-75.9 5083
-75.7 4957
-75.5 5110
-75.3 4983
-75.1 5024
-74.9 4950
-74.7 4900
-74.5 5031
-74.3 5020
-74.1 4954
-73.9 4948
-73.7 4972
-73.5 4949
-73.3 5043
-73.1 5004
-72.9 4917
-72.7 5088
-72.5 4979
-72.3 5004
-72.1 4976
-71.9 5181
-71.7 4918
-71.5 4954
-71.3 5076
-71.1 4853
-70.9 4856
-70.7 4934
-70.5 4869
-70.3 4975
-70.1 5049
-69.9 5038
-69.7 4962
-69.5 5056
-69.3 5007
-69.1 5169
-68.9 4939
-68.7 5086
-68.5 4958
-68.3 4881
-68.1 4845
-67.9 4929
-67.7 4900
-67.5 4926
-67.3 4907
-67.1 4876
-66.9 5013
-66.7 5037
-66.5 4965
-66.3 5098
-66.1 5083
-65.9 5055
-65.7 5024
-65.5 5021
-65.3 5007
-65.1 5019
-64.9 5097
-64.7 5007
-64.5 4991
-64.3 5110
-64.1 5011
-63.9 5138
-63.7 5014
-63.5 4920
-63.3 4929
-63.1 4981
-62.9 5026
-62.7 5005
-62.5 5033
-62.3 5073
-62.1 4958
-61.9 4923
-61.7 4992
-61.5 5023
-61.3 4877
-61.1 4890
-60.9 5154
-60.7 5064
-60.5 5148
-60.3 5001
-60.1 4922
-59.9 5102
-59.7 4917
-59.5 4897
-59.3 5032
-59.1 5091
-58.9 5036
-58.7 5100
-58.5 5163
-58.3 5027
-58.1 5055
-57.9 5034
-57.7 5103
-57.5 5046
-57.3 4996
-57.1 5074
-56.9 5075
-56.7 5034
-56.5 4900
-56.3 5059
-56.1 5038
-55.9 5018
-55.7 5020
-55.5 5061
-55.3 4907
-55.1 5025
-54.9 5076
-54.7 4912
-54.5 5002
-54.3 4954
-54.1 4888
-53.9 4769
-53.7 4899
-53.5 4907
-53.3 4956
-53.1 5115
-52.9 4947
-52.7 5012
-52.5 5040
-52.3 4878
-52.1 4989
-51.9 4915
-51.7 4997
-51.5 4923
-51.3 4944
-51.1 4931
-50.9 4989
-50.7 5075
-50.5 4957
-50.3 4723
-50.1 4994
-49.9 5077
-49.7 4960
-49.5 5125
-49.3 5051
-49.1 5094
-48.9 4961
-48.7 4945
-48.5 5074
-48.3 4879
-48.1 4890
-47.9 5042
-47.7 5043
-47.5 4981
-47.3 4991
-47.1 4992
-46.9 5007
-46.7 4923
-46.5 4981
-46.3 5064
-46.1 4927
-45.9 5031
-45.7 5063
-45.5 4987
-45.3 5074
-45.1 4913
-44.9 4959
-44.7 5084
-44.5 5103
-44.3 5000
-44.1 4994
-43.9 4995
-43.7 4966
-43.5 5097
-43.3 4989
-43.1 5111
-42.9 4922
-42.7 5052
-42.5 5047
-42.3 4793
-42.1 4986
-41.9 5013
-41.7 5048
-41.5 4878
-41.3 4983
-41.1 4891
-40.9 5012
-40.7 4943
-40.5 4937
-40.3 5036
-40.1 4995
-39.9 4945
-39.7 5015
-39.5 4874
-39.3 4976
-39.1 4928
-38.9 4897
-38.7 5003
-38.5 5005
-38.3 4996
-38.1 4980
-37.9 5043
-37.7 4986
-37.5 5028
-37.3 5021
-37.1 4922
-36.9 4905
-36.7 4890
-36.5 4952
-36.3 4954
-36.1 4879
-35.9 5001
-35.7 4906
-35.5 4998
-35.3 4980
-35.1 4978
-34.9 5018
-34.7 4875
-34.5 4956
-34.3 5052
-34.1 4942
-33.9 4981
-33.7 4854
-33.5 4907
-33.3 5060
-33.1 4983
-32.9 4903
-32.7 4890
-32.5 5108
-32.3 4941
-32.1 4896
-31.9 4976
-31.7 5081
-31.5 4854
-31.3 4882
-31.1 5028
-30.9 4923
-30.7 5060
-30.5 4998
-30.3 4841
-30.1 4837
-29.9 4956
-29.7 5101
-29.5 4865
-29.3 4945
-29.1 4866
-28.9 4993
-28.7 4949
-28.5 4955
-28.3 4959
-28.1 4912
-27.9 5000
-27.7 5041
-27.5 4946
-27.3 4992
-27.1 5071
-26.9 4958
-26.7 4992
-26.5 4936
-26.3 4785
-26.1 4986
-25.9 4927
-25.7 4898
-25.5 4810
-25.3 4890
-25.1 4829
-24.9 4959
-24.7 4919
-24.5 5017
-24.3 4929
-24.1 4904
-23.9 4852
-23.7 5066
-23.5 4910
-23.3 5032
-23.1 4922
-22.9 5023
-22.7 5072
-22.5 4861
-22.3 5020
-22.1 4942
-21.9 4907
-21.7 4953
-21.5 4841
-21.3 5086
-21.1 4971
-20.9 5099
-20.7 5008
-20.5 4933
-20.3 4983
-20.1 5054
-19.9 4961
-19.7 4982
-19.5 4913
-19.3 4889
-19.1 5004
-18.9 4910
-18.7 4992
-18.5 4825
-18.3 4911
-18.1 5009
-17.9 4983
-17.7 4958
-17.5 4780
-17.3 4969
-17.1 4929
-16.9 5097
-16.7 4931
-16.5 4941
-16.3 4840
-16.1 4943
-15.9 4995
-15.7 4991
-15.5 4933
-15.3 4914
-15.1 4977
-14.9 4905
-14.7 5008
-14.5 4989
-14.3 5039
-14.1 4976
-13.9 5056
-13.7 5109
-13.5 4875
-13.3 5087
-13.1 4923
-12.9 4889
-12.7 4966
-12.5 5030
-12.3 4803
-12.1 4885
-11.9 4966
-11.7 5015
-11.5 5026
-11.3 4809
-11.1 4961
-10.9 5048
-10.7 4938
-10.5 4942
-10.3 5059
-10.1 4872
-9.9 4960
-9.7 4940
-9.5 4857
-9.3 4925
-9.1 5032
-8.9 4959
-8.7 4999
-8.5 4991
-8.3 5038
-8.1 5018
-7.9 5225
-7.7 4878
-7.5 5064
-7.3 4870
-7.1 5000
-6.9 4958
-6.7 4973
-6.5 4939
-6.3 4947
-6.1 4954
-5.9 5023
-5.7 5004
-5.5 5098
-5.3 5033
-5.1 4972
-4.9 4933
-4.7 4996
-4.5 5004
-4.3 4914
-4.1 4992
-3.9 4920
-3.7 5014
-3.5 5078
-3.3 4884
-3.1 4993
-2.9 4927
-2.7 4843
-2.5 5009
-2.3 4938
-2.1 5078
-1.9 5006
-1.7 4981
-1.5 4844
-1.3 4966
-1.1 4893
-0.9 4912
-0.7 4947
-0.5 5023
-0.3 5018
-0.1 4880
0.1 4898
0.3 4915
0.5 4879
0.7 4975
0.9 4892
1.1 4995
1.3 4861
1.5 5011
1.7 5033
1.9 4949
2.1 4974
2.3 4716
2.5 4953
2.7 4879
2.9 4996
3.1 4911
3.3 5013
3.5 4841
3.7 4900
3.9 4928
4.1 4861
4.3 4904
4.5 4930
4.7 5096
4.9 5052
5.1 4824
5.3 4926
5.5 4934
5.7 4832
5.9 4740
6.1 4900
6.3 4896
6.5 4875
6.7 4897
6.9 4773
7.1 4953
7.3 5009
7.5 4916
7.7 4913
7.9 5049
8.1 4791
8.3 4954
8.5 4967
8.7 4918
8.9 4962
9.1 4862
9.3 4826
9.5 4908
9.7 4792
9.9 4831
10.1 4931
10.3 4901
10.5 4913
10.7 4839
10.9 4941
11.1 4683
11.3 4865
11.5 4832
11.7 4942
11.9 4886
12.1 4773
12.3 4779
12.5 4827
12.7 4833
12.9 4760
13.1 4705
13.3 4875
13.5 4629
13.7 4665
13.9 4522
14.1 4687
14.3 4629
14.5 4525
14.7 4640
14.9 4478
15.1 4434
15.3 4532
15.5 4522
15.7 4436
15.9 4265
16.1 4208
16.3 4295
16.5 4246
16.7 4286
16.9 4149
17.1 4168
17.3 4107
17.5 4243
17.7 4018
17.9 3965
18.1 3901
18.3 3978
18.5 3833
18.7 3879
18.9 3742
19.1 3643
19.3 3628
19.5 3648
19.7 3577
19.9 3568
20.1 3591
20.3 3447
20.5 3384
20.7 3375
20.9 3266
21.1 3188
21.3 3152
21.5 3154
21.7 3112
21.9 2972
22.1 2928
22.3 2923
22.5 2883
22.7 2826
22.9 2878
23.1 2711
23.3 2727
23.5 2738
23.7 2516
23.9 2464
24.1 2494
24.3 2455
24.5 2395
24.7 2315
24.9 2267
25.1 2292
25.3 2270
25.5 2085
25.7 2152
25.9 2068
26.1 2013
26.3 2027
26.5 1929
26.7 1899
26.9 1877
27.1 1749
27.3 1710
27.5 1533
27.7 1567
27.9 1586
28.1 1506
28.3 1545
28.5 1426
28.7 1381
28.9 1290
29.1 1329
29.3 1284
29.5 1188
29.7 1149
29.9 1135
30.1 1102
30.3 1024
30.5 1054
30.7 938
30.9 975
31.1 927
31.3 826
31.5 858
31.7 785
31.9 799
32.1 717
32.3 667
32.5 725
32.7 649
32.9 606
33.1 579
33.3 604
33.5 536
33.7 500
33.9 482
34.1 484
34.3 466
34.5 415
34.7 366
34.9 396
35.1 361
35.3 341
35.5 350
35.7 347
35.9 279
36.1 306
36.3 244
36.5 246
36.7 242
36.9 199
37.1 204
37.3 215
37.5 194
37.7 169
37.9 136
38.1 150
38.3 138
38.5 146
38.7 140
38.9 121
39.1 104
39.3 92
39.5 87
39.7 87
39.9 68
40.1 87
40.3 75
40.5 57
40.7 62
40.9 72
41.1 62
41.3 49
41.5 42
41.7 60
41.9 46
42.1 29
42.3 49
42.5 38
42.7 38
42.9 38
43.1 26
43.3 34
43.5 28
43.7 29
43.9 29
44.1 23
44.3 23
44.5 29
44.7 24
44.9 24
45.1 22
45.3 26
45.5 19
45.7 24
45.9 11
46.1 18
46.3 14
46.5 18
46.7 17
46.9 15
47.1 11
47.3 20
47.5 16
47.7 21
47.9 13
48.1 19
48.3 15
48.5 16
48.7 18
48.9 18
49.1 21
49.3 13
49.5 10
49.7 19
49.9 19
