-1589.9 0
-1589.7 0
-1589.5 1
-1589.3 0
-1589.1 0
-1588.9 0
-1588.7 0
-1588.5 0
-1588.3 0
-1588.1 0
-1587.9 0
-1587.7 1
-1587.5 0
-1587.3 0
-1587.1 1
-1586.9 0
-1586.7 1
-1586.5 0
-1586.3 2
-1586.1 0
-1585.9 0
-1585.7 0
-1585.5 1
-1585.3 0
-1585.1 0
-1584.9 0
-1584.7 0
-1584.5 1
-1584.3 1
-1584.1 0
-1583.9 0
-1583.7 0
-1583.5 0
-1583.3 0
-1583.1 1
-1582.9 0
-1582.7 0
-1582.5 0
-1582.3 0
-1582.1 0
-1581.9 0
-1581.7 0
-1581.5 0
-1581.3 0
-1581.1 0
-1580.9 0
-1580.7 1
-1580.5 0
-1580.3 1
-1580.1 0
-1579.9 0
-1579.7 0
-1579.5 1
-1579.3 3
-1579.1 1
-1578.9 5
-1578.7 2
-1578.5 0
-1578.3 5
-1578.1 0
-1577.9 6
-1577.7 6
-1577.5 4
-1577.3 1
-1577.1 9
-1576.9 5
-1576.7 11
-1576.5 8
-1576.3 9
-1576.1 10
-1575.9 17
-1575.7 14
-1575.5 26
-1575.3 21
-1575.1 21
-1574.9 19
-1574.7 32
-1574.5 26
-1574.3 24
-1574.1 46
-1573.9 42
-1573.7 46
-1573.5 43
-1573.3 62
-1573.1 59
-1572.9 50
-1572.7 68
-1572.5 61
-1572.3 99
-1572.1 86
-1571.9 92
-1571.7 95
-1571.5 101
-1571.3 124
-1571.1 109
-1570.9 131
-1570.7 151
-1570.5 131
-1570.3 174
-1570.1 151
-1569.9 164
-1569.7 157
-1569.5 187
-1569.3 185
-1569.1 196
-1568.9 204
-1568.7 231
-1568.5 232
-1568.3 236
-1568.1 244
-1567.9 249
-1567.7 279
-1567.5 272
-1567.3 278
-1567.1 322
-1566.9 302
-1566.7 337
-1566.5 347
-1566.3 359
-1566.1 337
-1565.9 347
-1565.7 353
-1565.5 369
-1565.3 379
-1565.1 374
-1564.9 382
-1564.7 387
-1564.5 391
-1564.3 426
-1564.1 396
-1563.9 416
-1563.7 385
-1563.5 381
-1563.3 380
-1563.1 356
-1562.9 425
-1562.7 415
-1562.5 382
-1562.3 414
-1562.1 416
-1561.9 413
-1561.7 416
-1561.5 419
-1561.3 424
-1561.1 386
-1560.9 381
-1560.7 342
-1560.5 378
-1560.3 372
-1560.1 363
-1559.9 366
-1559.7 340
-1559.5 366
-1559.3 365
-1559.1 331
-1558.9 372
-1558.7 334
-1558.5 341
-1558.3 342
-1558.1 360
-1557.9 336
-1557.7 304
-1557.5 300
-1557.3 342
-1557.1 325
-1556.9 332
-1556.7 326
-1556.5 321
-1556.3 315
-1556.1 327
-1555.9 311
-1555.7 285
-1555.5 315
-1555.3 306
-1555.1 339
-1554.9 296
-1554.7 319
-1554.5 309
-1554.3 300
-1554.1 285
-1553.9 307
-1553.7 292
-1553.5 290
-1553.3 288
-1553.1 257
-1552.9 273
-1552.7 277
-1552.5 297
-1552.3 296
-1552.1 305
-1551.9 243
-1551.7 270
-1551.5 255
-1551.3 262
-1551.1 257
-1550.9 243
-1550.7 287
-1550.5 248
-1550.3 265
-1550.1 285
-1549.9 276
-1549.7 236
-1549.5 255
-1549.3 262
-1549.1 282
-1548.9 259
-1548.7 270
-1548.5 266
-1548.3 242
-1548.1 264
-1547.9 286
-1547.7 223
-1547.5 241
-1547.3 269
-1547.1 238
-1546.9 231
-1546.7 260
-1546.5 235
-1546.3 270
-1546.1 257
-1545.9 227
-1545.7 234
-1545.5 250
-1545.3 230
-1545.1 243
-1544.9 257
-1544.7 232
-1544.5 234
-1544.3 234
-1544.1 231
-1543.9 248
-1543.7 265
-1543.5 242
-1543.3 259
-1543.1 253
-1542.9 223
-1542.7 246
-1542.5 234
-1542.3 218
-1542.1 233
-1541.9 230
-1541.7 253
-1541.5 251
-1541.3 231
-1541.1 235
-1540.9 218
-1540.7 233
-1540.5 249
-1540.3 222
-1540.1 242
-1539.9 256
-1539.7 209
-1539.5 256
-1539.3 228
-1539.1 254
-1538.9 242
-1538.7 238
-1538.5 278
-1538.3 236
-1538.1 225
-1537.9 244
-1537.7 225
-1537.5 226
-1537.3 221
-1537.1 257
-1536.9 252
-1536.7 253
-1536.5 216
-1536.3 236
-1536.1 227
-1535.9 244
-1535.7 269
-1535.5 204
-1535.3 229
-1535.1 219
-1534.9 219
-1534.7 238
-1534.5 235
-1534.3 243
-1534.1 234
-1533.9 240
-1533.7 221
-1533.5 204
-1533.3 232
-1533.1 232
-1532.9 227
-1532.7 205
-1532.5 228
-1532.3 245
-1532.1 235
-1531.9 221
-1531.7 215
-1531.5 207
-1531.3 230
-1531.1 260
-1530.9 222
-1530.7 211
-1530.5 229
-1530.3 233
-1530.1 246
-1529.9 224
-1529.7 216
-1529.5 228
-1529.3 226
-1529.1 219
-1528.9 214
-1528.7 215
-1528.5 210
-1528.3 221
-1528.1 219
-1527.9 233
-1527.7 250
-1527.5 220
-1527.3 228
-1527.1 233
-1526.9 221
-1526.7 242
-1526.5 228
-1526.3 242
-1526.1 226
-1525.9 239
-1525.7 236
-1525.5 209
-1525.3 254
-1525.1 223
-1524.9 254
-1524.7 243
-1524.5 221
-1524.3 236
-1524.1 227
-1523.9 230
-1523.7 234
-1523.5 216
-1523.3 219
-1523.1 214
-1522.9 237
-1522.7 215
-1522.5 239
-1522.3 218
-1522.1 232
-1521.9 231
-1521.7 240
-1521.5 247
-1521.3 242
-1521.1 232
-1520.9 211
-1520.7 245
-1520.5 218
-1520.3 198
-1520.1 228
-1519.9 225
-1519.7 230
-1519.5 209
-1519.3 235
-1519.1 196
-1518.9 222
-1518.7 239
-1518.5 241
-1518.3 216
-1518.1 230
-1517.9 218
-1517.7 219
-1517.5 249
-1517.3 239
-1517.1 211
-1516.9 214
-1516.7 214
-1516.5 215
-1516.3 226
-1516.1 232
-1515.9 208
-1515.7 235
-1515.5 241
-1515.3 223
-1515.1 198
-1514.9 196
-1514.7 213
-1514.5 198
-1514.3 213
-1514.1 251
-1513.9 230
-1513.7 214
-1513.5 230
-1513.3 235
-1513.1 224
-1512.9 209
-1512.7 239
-1512.5 208
-1512.3 224
-1512.1 182
-1511.9 213
-1511.7 200
-1511.5 223
-1511.3 241
-1511.1 231
-1510.9 203
-1510.7 207
-1510.5 242
-1510.3 231
-1510.1 215
-1509.9 206
-1509.7 198
-1509.5 231
-1509.3 206
-1509.1 246
-1508.9 224
-1508.7 237
-1508.5 233
-1508.3 242
-1508.1 188
-1507.9 200
-1507.7 213
-1507.5 215
-1507.3 235
-1507.1 206
-1506.9 239
-1506.7 215
-1506.5 216
-1506.3 217
-1506.1 256
-1505.9 234
-1505.7 228
-1505.5 233
-1505.3 201
-1505.1 227
-1504.9 259
-1504.7 230
-1504.5 236
-1504.3 238
-1504.1 225
-1503.9 229
-1503.7 220
-1503.5 251
-1503.3 244
-1503.1 224
-1502.9 218
-1502.7 218
-1502.5 261
-1502.3 243
-1502.1 198
-1501.9 228
-1501.7 188
-1501.5 221
-1501.3 225
-1501.1 197
-1500.9 209
-1500.7 202
-1500.5 217
-1500.3 230
-1500.1 205
-1499.9 207
-1499.7 222
-1499.5 225
-1499.3 210
-1499.1 209
-1498.9 211
-1498.7 211
-1498.5 234
-1498.3 204
-1498.1 228
-1497.9 201
-1497.7 192
-1497.5 204
-1497.3 210
-1497.1 230
-1496.9 216
-1496.7 242
-1496.5 193
-1496.3 226
-1496.1 222
-1495.9 203
-1495.7 199
-1495.5 227
-1495.3 233
-1495.1 221
-1494.9 229
-1494.7 228
-1494.5 181
-1494.3 232
-1494.1 204
-1493.9 237
-1493.7 226
-1493.5 216
-1493.3 204
-1493.1 217
-1492.9 224
-1492.7 205
-1492.5 213
-1492.3 226
-1492.1 231
-1491.9 226
-1491.7 206
-1491.5 206
-1491.3 215
-1491.1 230
-1490.9 210
-1490.7 237
-1490.5 266
-1490.3 213
-1490.1 232
-1489.9 248
-1489.7 243
-1489.5 262
-1489.3 267
-1489.1 234
-1488.9 241
-1488.7 259
-1488.5 217
-1488.3 245
-1488.1 215
-1487.9 230
-1487.7 241
-1487.5 229
-1487.3 215
-1487.1 215
-1486.9 242
-1486.7 236
-1486.5 215
-1486.3 242
-1486.1 217
-1485.9 277
-1485.7 226
-1485.5 238
-1485.3 200
-1485.1 214
-1484.9 222
-1484.7 221
-1484.5 213
-1484.3 211
-1484.1 221
-1483.9 208
-1483.7 212
-1483.5 234
-1483.3 206
-1483.1 230
-1482.9 170
-1482.7 223
-1482.5 245
-1482.3 199
-1482.1 249
-1481.9 224
-1481.7 221
-1481.5 228
-1481.3 219
-1481.1 211
-1480.9 232
-1480.7 187
-1480.5 217
-1480.3 217
-1480.1 208
-1479.9 204
-1479.7 219
-1479.5 240
-1479.3 223
-1479.1 209
-1478.9 217
-1478.7 213
-1478.5 229
-1478.3 215
-1478.1 205
-1477.9 188
-1477.7 225
-1477.5 216
-1477.3 205
-1477.1 190
-1476.9 214
-1476.7 227
-1476.5 211
-1476.3 205
-1476.1 237
-1475.9 230
-1475.7 239
-1475.5 215
-1475.3 253
-1475.1 218
-1474.9 217
-1474.7 244
-1474.5 222
-1474.3 229
-1474.1 233
-1473.9 235
-1473.7 224
-1473.5 226
-1473.3 227
-1473.1 243
-1472.9 251
-1472.7 219
-1472.5 226
-1472.3 239
-1472.1 214
-1471.9 240
-1471.7 218
-1471.5 260
-1471.3 239
-1471.1 217
-1470.9 232
-1470.7 259
-1470.5 230
-1470.3 221
-1470.1 249
-1469.9 239
-1469.7 225
-1469.5 196
-1469.3 226
-1469.1 218
-1468.9 227
-1468.7 195
-1468.5 227
-1468.3 201
-1468.1 213
-1467.9 199
-1467.7 216
-1467.5 226
-1467.3 216
-1467.1 212
-1466.9 213
-1466.7 212
-1466.5 209
-1466.3 245
-1466.1 192
-1465.9 237
-1465.7 236
-1465.5 202
-1465.3 239
-1465.1 241
-1464.9 203
-1464.7 229
-1464.5 225
-1464.3 204
-1464.1 217
-1463.9 217
-1463.7 203
-1463.5 203
-1463.3 210
-1463.1 232
-1462.9 200
-1462.7 222
-1462.5 242
-1462.3 218
-1462.1 223
-1461.9 225
-1461.7 226
-1461.5 228
-1461.3 216
-1461.1 233
-1460.9 194
-1460.7 233
-1460.5 218
-1460.3 206
-1460.1 215
-1459.9 202
-1459.7 233
-1459.5 183
-1459.3 220
-1459.1 234
-1458.9 213
-1458.7 223
-1458.5 184
-1458.3 223
-1458.1 227
-1457.9 217
-1457.7 204
-1457.5 231
-1457.3 254
-1457.1 263
-1456.9 219
-1456.7 239
-1456.5 251
-1456.3 269
-1456.1 214
-1455.9 227
-1455.7 227
-1455.5 216
-1455.3 229
-1455.1 224
-1454.9 205
-1454.7 213
-1454.5 266
-1454.3 222
-1454.1 229
-1453.9 223
-1453.7 218
-1453.5 213
-1453.3 231
-1453.1 205
-1452.9 248
-1452.7 207
-1452.5 222
-1452.3 204
-1452.1 208
-1451.9 239
-1451.7 205
-1451.5 194
-1451.3 214
-1451.1 210
-1450.9 210
-1450.7 234
-1450.5 225
-1450.3 209
-1450.1 227
-1449.9 252
-1449.7 196
-1449.5 223
-1449.3 241
-1449.1 214
-1448.9 220
-1448.7 239
-1448.5 188
-1448.3 208
-1448.1 198
-1447.9 238
-1447.7 215
-1447.5 251
-1447.3 245
-1447.1 212
-1446.9 219
-1446.7 226
-1446.5 206
-1446.3 242
-1446.1 235
-1445.9 209
-1445.7 231
-1445.5 236
-1445.3 211
-1445.1 214
-1444.9 201
-1444.7 210
-1444.5 223
-1444.3 226
-1444.1 210
-1443.9 243
-1443.7 241
-1443.5 238
-1443.3 199
-1443.1 227
-1442.9 239
-1442.7 226
-1442.5 240
-1442.3 225
-1442.1 237
-1441.9 261
-1441.7 227
-1441.5 219
-1441.3 243
-1441.1 220
-1440.9 211
-1440.7 230
-1440.5 226
-1440.3 203
-1440.1 224
-1439.9 238
-1439.7 233
-1439.5 193
-1439.3 193
-1439.1 227
-1438.9 214
-1438.7 215
-1438.5 219
-1438.3 222
-1438.1 204
-1437.9 216
-1437.7 228
-1437.5 221
-1437.3 233
-1437.1 239
-1436.9 208
-1436.7 238
-1436.5 241
-1436.3 231
-1436.1 239
-1435.9 189
-1435.7 239
-1435.5 243
-1435.3 231
-1435.1 207
-1434.9 237
-1434.7 234
-1434.5 211
-1434.3 222
-1434.1 195
-1433.9 218
-1433.7 240
-1433.5 215
-1433.3 212
-1433.1 221
-1432.9 217
-1432.7 264
-1432.5 239
-1432.3 214
-1432.1 249
-1431.9 247
-1431.7 212
-1431.5 209
-1431.3 220
-1431.1 235
-1430.9 225
-1430.7 213
-1430.5 187
-1430.3 240
-1430.1 225
-1429.9 250
-1429.7 216
-1429.5 236
-1429.3 215
-1429.1 253
-1428.9 227
-1428.7 243
-1428.5 217
-1428.3 248
-1428.1 238
-1427.9 258
-1427.7 230
-1427.5 221
-1427.3 235
-1427.1 256
-1426.9 263
-1426.7 219
-1426.5 193
-1426.3 223
-1426.1 242
-1425.9 179
-1425.7 217
-1425.5 250
-1425.3 200
-1425.1 216
-1424.9 213
-1424.7 228
-1424.5 198
-1424.3 224
-1424.1 233
-1423.9 225
-1423.7 229
-1423.5 227
-1423.3 233
-1423.1 234
-1422.9 251
-1422.7 220
-1422.5 233
-1422.3 223
-1422.1 204
-1421.9 246
-1421.7 203
-1421.5 212
-1421.3 215
-1421.1 244
-1420.9 223
-1420.7 246
-1420.5 240
-1420.3 224
-1420.1 229
-1419.9 217
-1419.7 238
-1419.5 205
-1419.3 222
-1419.1 230
-1418.9 215
-1418.7 255
-1418.5 228
-1418.3 225
-1418.1 231
-1417.9 227
-1417.7 230
-1417.5 212
-1417.3 218
-1417.1 228
-1416.9 222
-1416.7 208
-1416.5 222
-1416.3 208
-1416.1 190
-1415.9 205
-1415.7 197
-1415.5 209
-1415.3 221
-1415.1 219
-1414.9 229
-1414.7 206
-1414.5 203
-1414.3 215
-1414.1 232
-1413.9 253
-1413.7 218
-1413.5 209
-1413.3 218
-1413.1 219
-1412.9 225
-1412.7 212
-1412.5 216
-1412.3 223
-1412.1 235
-1411.9 222
-1411.7 223
-1411.5 199
-1411.3 200
-1411.1 213
-1410.9 204
-1410.7 214
-1410.5 215
-1410.3 239
-1410.1 216
-1409.9 225
-1409.7 245
-1409.5 207
-1409.3 238
-1409.1 237
-1408.9 203
-1408.7 192
-1408.5 237
-1408.3 206
-1408.1 215
-1407.9 207
-1407.7 211
-1407.5 192
-1407.3 216
-1407.1 204
-1406.9 217
-1406.7 215
-1406.5 241
-1406.3 211
-1406.1 210
-1405.9 223
-1405.7 236
-1405.5 210
-1405.3 211
-1405.1 213
-1404.9 206
-1404.7 226
-1404.5 206
-1404.3 248
-1404.1 208
-1403.9 236
-1403.7 214
-1403.5 212
-1403.3 197
-1403.1 209
-1402.9 240
-1402.7 209
-1402.5 212
-1402.3 232
-1402.1 212
-1401.9 231
-1401.7 208
-1401.5 239
-1401.3 240
-1401.1 202
-1400.9 216
-1400.7 217
-1400.5 236
-1400.3 233
-1400.1 218
-1399.9 231
-1399.7 250
-1399.5 228
-1399.3 200
-1399.1 216
-1398.9 205
-1398.7 223
-1398.5 211
-1398.3 229
-1398.1 201
-1397.9 229
-1397.7 198
-1397.5 230
-1397.3 214
-1397.1 218
-1396.9 221
-1396.7 193
-1396.5 242
-1396.3 252
-1396.1 222
-1395.9 232
-1395.7 227
-1395.5 214
-1395.3 230
-1395.1 250
-1394.9 216
-1394.7 196
-1394.5 211
-1394.3 208
-1394.1 269
-1393.9 226
-1393.7 217
-1393.5 220
-1393.3 226
-1393.1 226
-1392.9 216
-1392.7 247
-1392.5 225
-1392.3 233
-1392.1 202
-1391.9 240
-1391.7 218
-1391.5 217
-1391.3 226
-1391.1 231
-1390.9 227
-1390.7 224
-1390.5 233
-1390.3 216
-1390.1 212
-1389.9 206
-1389.7 210
-1389.5 220
-1389.3 221
-1389.1 245
-1388.9 257
-1388.7 229
-1388.5 198
-1388.3 212
-1388.1 192
-1387.9 219
-1387.7 205
-1387.5 209
-1387.3 211
-1387.1 245
-1386.9 223
-1386.7 217
-1386.5 225
-1386.3 208
-1386.1 211
-1385.9 256
-1385.7 202
-1385.5 228
-1385.3 218
-1385.1 236
-1384.9 224
-1384.7 220
-1384.5 198
-1384.3 201
-1384.1 225
-1383.9 247
-1383.7 225
-1383.5 221
-1383.3 211
-1383.1 207
-1382.9 218
-1382.7 206
-1382.5 219
-1382.3 176
-1382.1 197
-1381.9 203
-1381.7 212
-1381.5 242
-1381.3 209
-1381.1 218
-1380.9 228
-1380.7 220
-1380.5 222
-1380.3 243
-1380.1 197
-1379.9 208
-1379.7 253
-1379.5 194
-1379.3 220
-1379.1 230
-1378.9 210
-1378.7 209
-1378.5 224
-1378.3 222
-1378.1 210
-1377.9 196
-1377.7 220
-1377.5 208
-1377.3 210
-1377.1 208
-1376.9 217
-1376.7 199
-1376.5 195
-1376.3 230
-1376.1 216
-1375.9 229
-1375.7 189
-1375.5 223
-1375.3 205
-1375.1 218
-1374.9 213
-1374.7 199
-1374.5 180
-1374.3 193
-1374.1 221
-1373.9 220
-1373.7 209
-1373.5 253
-1373.3 207
-1373.1 224
-1372.9 217
-1372.7 211
-1372.5 218
-1372.3 201
-1372.1 220
-1371.9 210
-1371.7 192
-1371.5 234
-1371.3 216
-1371.1 211
-1370.9 221
-1370.7 240
-1370.5 213
-1370.3 239
-1370.1 199
-1369.9 235
-1369.7 238
-1369.5 225
-1369.3 237
-1369.1 196
-1368.9 207
-1368.7 222
-1368.5 203
-1368.3 224
-1368.1 208
-1367.9 220
-1367.7 216
-1367.5 233
-1367.3 221
-1367.1 235
-1366.9 209
-1366.7 245
-1366.5 208
-1366.3 209
-1366.1 191
-1365.9 248
-1365.7 219
-1365.5 205
-1365.3 227
-1365.1 212
-1364.9 205
-1364.7 214
-1364.5 198
-1364.3 235
-1364.1 217
-1363.9 198
-1363.7 216
-1363.5 206
-1363.3 214
-1363.1 211
-1362.9 227
-1362.7 212
-1362.5 213
-1362.3 185
-1362.1 206
-1361.9 231
-1361.7 194
-1361.5 211
-1361.3 214
-1361.1 228
-1360.9 208
-1360.7 218
-1360.5 213
-1360.3 210
-1360.1 189
-1359.9 191
-1359.7 198
-1359.5 191
-1359.3 183
-1359.1 190
-1358.9 205
-1358.7 215
-1358.5 200
-1358.3 206
-1358.1 196
-1357.9 223
-1357.7 179
-1357.5 193
-1357.3 175
-1357.1 192
-1356.9 173
-1356.7 183
-1356.5 195
-1356.3 189
-1356.1 176
-1355.9 192
-1355.7 175
-1355.5 188
-1355.3 186
-1355.1 192
-1354.9 158
-1354.7 172
-1354.5 163
-1354.3 182
-1354.1 172
-1353.9 170
-1353.7 164
-1353.5 152
-1353.3 154
-1353.1 153
-1352.9 148
-1352.7 156
-1352.5 147
-1352.3 149
-1352.1 159
-1351.9 124
-1351.7 132
-1351.5 156
-1351.3 156
-1351.1 129
-1350.9 142
-1350.7 139
-1350.5 134
-1350.3 125
-1350.1 114
-1349.9 126
-1349.7 116
-1349.5 139
-1349.3 138
-1349.1 113
-1348.9 119
-1348.7 113
-1348.5 121
-1348.3 117
-1348.1 104
-1347.9 133
-1347.7 98
-1347.5 133
-1347.3 117
-1347.1 91
-1346.9 98
-1346.7 117
-1346.5 116
-1346.3 102
-1346.1 77
-1345.9 96
-1345.7 87
-1345.5 97
-1345.3 79
-1345.1 90
-1344.9 85
-1344.7 74
-1344.5 97
-1344.3 78
-1344.1 85
-1343.9 81
-1343.7 90
-1343.5 92
-1343.3 91
-1343.1 85
-1342.9 101
-1342.7 92
-1342.5 78
-1342.3 88
-1342.1 95
-1341.9 68
-1341.7 72
-1341.5 79
-1341.3 82
-1341.1 61
-1340.9 88
-1340.7 72
-1340.5 58
-1340.3 70
-1340.1 57
-1339.9 47
-1339.7 73
-1339.5 61
-1339.3 63
-1339.1 65
-1338.9 71
-1338.7 63
-1338.5 62
-1338.3 60
-1338.1 56
-1337.9 62
-1337.7 63
-1337.5 54
-1337.3 53
-1337.1 46
-1336.9 51
-1336.7 52
-1336.5 50
-1336.3 60
-1336.1 37
-1335.9 46
-1335.7 43
-1335.5 49
-1335.3 52
-1335.1 52
-1334.9 39
-1334.7 39
-1334.5 34
-1334.3 54
-1334.1 39
-1333.9 38
-1333.7 52
-1333.5 36
-1333.3 44
-1333.1 37
-1332.9 27
-1332.7 29
-1332.5 38
-1332.3 40
-1332.1 35
-1331.9 28
-1331.7 27
-1331.5 26
-1331.3 38
-1331.1 23
-1330.9 19
-1330.7 35
-1330.5 32
-1330.3 33
-1330.1 20
-1329.9 26
-1329.7 28
-1329.5 23
-1329.3 22
-1329.1 20
-1328.9 22
-1328.7 26
-1328.5 23
-1328.3 20
-1328.1 28
-1327.9 23
-1327.7 27
-1327.5 33
-1327.3 15
-1327.1 24
-1326.9 17
-1326.7 18
-1326.5 17
-1326.3 24
-1326.1 16
-1325.9 19
-1325.7 12
-1325.5 13
-1325.3 13
-1325.1 11
-1324.9 8
-1324.7 17
-1324.5 9
-1324.3 16
-1324.1 17
-1323.9 10
-1323.7 12
-1323.5 16
-1323.3 14
-1323.1 10
-1322.9 13
-1322.7 7
-1322.5 7
-1322.3 10
-1322.1 12
-1321.9 6
-1321.7 12
-1321.5 9
-1321.3 8
-1321.1 11
-1320.9 7
-1320.7 6
-1320.5 8
-1320.3 8
-1320.1 3
-1319.9 3
-1319.7 8
-1319.5 8
-1319.3 9
-1319.1 12
-1318.9 12
-1318.7 4
-1318.5 4
-1318.3 6
-1318.1 5
-1317.9 4
-1317.7 5
-1317.5 4
-1317.3 4
-1317.1 9
-1316.9 3
-1316.7 4
-1316.5 0
-1316.3 7
-1316.1 4
-1315.9 5
-1315.7 4
-1315.5 1
-1315.3 3
-1315.1 2
-1314.9 3
-1314.7 4
-1314.5 5
-1314.3 3
-1314.1 8
-1313.9 2
-1313.7 7
-1313.5 6
-1313.3 3
-1313.1 2
-1312.9 2
-1312.7 5
-1312.5 3
-1312.3 4
-1312.1 4
-1311.9 10
-1311.7 5
-1311.5 4
-1311.3 4
-1311.1 3
-1310.9 3
-1310.7 6
-1310.5 5
-1310.3 1
-1310.1 1
-1309.9 3
-1309.7 6
-1309.5 1
-1309.3 5
-1309.1 2
-1308.9 0
-1308.7 4
-1308.5 3
-1308.3 4
-1308.1 5
-1307.9 2
-1307.7 3
-1307.5 2
-1307.3 2
-1307.1 4
-1306.9 3
-1306.7 1
-1306.5 6
-1306.3 4
-1306.1 7
-1305.9 4
-1305.7 0
-1305.5 3
-1305.3 1
-1305.1 4
-1304.9 4
-1304.7 4
-1304.5 0
-1304.3 1
-1304.1 1
-1303.9 3
-1303.7 1
-1303.5 2
-1303.3 4
-1303.1 4
-1302.9 5
-1302.7 2
-1302.5 3
-1302.3 3
-1302.1 5
-1301.9 3
-1301.7 1
-1301.5 4
-1301.3 2
-1301.1 2
-1300.9 3
-1300.7 3
-1300.5 2
-1300.3 4
-1300.1 3
