-1589.9 0
-1589.7 0
-1589.5 0
-1589.3 1
-1589.1 0
-1588.9 0
-1588.7 0
-1588.5 0
-1588.3 0
-1588.1 0
-1587.9 0
-1587.7 0
-1587.5 0
-1587.3 0
-1587.1 1
-1586.9 0
-1586.7 0
-1586.5 0
-1586.3 0
-1586.1 0
-1585.9 0
-1585.7 0
-1585.5 1
-1585.3 0
-1585.1 0
-1584.9 0
-1584.7 0
-1584.5 0
-1584.3 0
-1584.1 0
-1583.9 0
-1583.7 0
-1583.5 1
-1583.3 0
-1583.1 1
-1582.9 0
-1582.7 0
-1582.5 0
-1582.3 0
-1582.1 0
-1581.9 0
-1581.7 0
-1581.5 0
-1581.3 0
-1581.1 0
-1580.9 1
-1580.7 1
-1580.5 0
-1580.3 0
-1580.1 0
-1579.9 0
-1579.7 0
-1579.5 0
-1579.3 0
-1579.1 0
-1578.9 0
-1578.7 0
-1578.5 0
-1578.3 0
-1578.1 0
-1577.9 0
-1577.7 0
-1577.5 0
-1577.3 0
-1577.1 0
-1576.9 0
-1576.7 0
-1576.5 0
-1576.3 0
-1576.1 1
-1575.9 0
-1575.7 0
-1575.5 0
-1575.3 0
-1575.1 0
-1574.9 1
-1574.7 0
-1574.5 0
-1574.3 0
-1574.1 0
-1573.9 0
-1573.7 1
-1573.5 0
-1573.3 0
-1573.1 0
-1572.9 0
-1572.7 0
-1572.5 0
-1572.3 0
-1572.1 0
-1571.9 0
-1571.7 0
-1571.5 0
-1571.3 0
-1571.1 0
-1570.9 0
-1570.7 0
-1570.5 0
-1570.3 0
-1570.1 0
-1569.9 0
-1569.7 0
-1569.5 1
-1569.3 0
-1569.1 0
-1568.9 1
-1568.7 0
-1568.5 0
-1568.3 0
-1568.1 0
-1567.9 0
-1567.7 0
-1567.5 1
-1567.3 0
-1567.1 0
-1566.9 0
-1566.7 0
-1566.5 0
-1566.3 1
-1566.1 1
-1565.9 1
-1565.7 1
-1565.5 1
-1565.3 2
-1565.1 5
-1564.9 4
-1564.7 3
-1564.5 5
-1564.3 13
-1564.1 15
-1563.9 6
-1563.7 14
-1563.5 19
-1563.3 17
-1563.1 27
-1562.9 26
-1562.7 33
-1562.5 38
-1562.3 36
-1562.1 37
-1561.9 44
-1561.7 57
-1561.5 52
-1561.3 46
-1561.1 66
-1560.9 76
-1560.7 80
-1560.5 82
-1560.3 72
-1560.1 72
-1559.9 78
-1559.7 86
-1559.5 109
-1559.3 109
-1559.1 130
-1558.9 135
-1558.7 139
-1558.5 137
-1558.3 141
-1558.1 165
-1557.9 170
-1557.7 204
-1557.5 200
-1557.3 222
-1557.1 200
-1556.9 244
-1556.7 252
-1556.5 238
-1556.3 287
-1556.1 292
-1555.9 291
-1555.7 281
-1555.5 288
-1555.3 376
-1555.1 300
-1554.9 366
-1554.7 374
-1554.5 396
-1554.3 359
-1554.1 386
-1553.9 377
-1553.7 383
-1553.5 408
-1553.3 388
-1553.1 360
-1552.9 393
-1552.7 401
-1552.5 406
-1552.3 431
-1552.1 408
-1551.9 404
-1551.7 430
-1551.5 408
-1551.3 426
-1551.1 392
-1550.9 384
-1550.7 406
-1550.5 398
-1550.3 359
-1550.1 419
-1549.9 398
-1549.7 394
-1549.5 386
-1549.3 360
-1549.1 380
-1548.9 382
-1548.7 347
-1548.5 400
-1548.3 396
-1548.1 361
-1547.9 349
-1547.7 342
-1547.5 360
-1547.3 320
-1547.1 380
-1546.9 363
-1546.7 329
-1546.5 370
-1546.3 324
-1546.1 312
-1545.9 332
-1545.7 303
-1545.5 309
-1545.3 322
-1545.1 330
-1544.9 284
-1544.7 306
-1544.5 316
-1544.3 292
-1544.1 314
-1543.9 280
-1543.7 289
-1543.5 271
-1543.3 329
-1543.1 303
-1542.9 310
-1542.7 276
-1542.5 286
-1542.3 296
-1542.1 277
-1541.9 281
-1541.7 282
-1541.5 267
-1541.3 296
-1541.1 304
-1540.9 268
-1540.7 281
-1540.5 283
-1540.3 262
-1540.1 266
-1539.9 262
-1539.7 265
-1539.5 265
-1539.3 270
-1539.1 281
-1538.9 266
-1538.7 280
-1538.5 256
-1538.3 262
-1538.1 248
-1537.9 271
-1537.7 240
-1537.5 268
-1537.3 257
-1537.1 228
-1536.9 245
-1536.7 224
-1536.5 277
-1536.3 257
-1536.1 260
-1535.9 250
-1535.7 241
-1535.5 276
-1535.3 250
-1535.1 239
-1534.9 230
-1534.7 267
-1534.5 225
-1534.3 244
-1534.1 230
-1533.9 259
-1533.7 256
-1533.5 247
-1533.3 276
-1533.1 252
-1532.9 253
-1532.7 237
-1532.5 217
-1532.3 280
-1532.1 268
-1531.9 270
-1531.7 260
-1531.5 247
-1531.3 237
-1531.1 233
-1530.9 244
-1530.7 272
-1530.5 222
-1530.3 227
-1530.1 229
-1529.9 231
-1529.7 227
-1529.5 213
-1529.3 250
-1529.1 259
-1528.9 229
-1528.7 208
-1528.5 244
-1528.3 206
-1528.1 211
-1527.9 234
-1527.7 230
-1527.5 230
-1527.3 224
-1527.1 228
-1526.9 232
-1526.7 219
-1526.5 209
-1526.3 216
-1526.1 236
-1525.9 213
-1525.7 209
-1525.5 240
-1525.3 226
-1525.1 217
-1524.9 224
-1524.7 230
-1524.5 213
-1524.3 224
-1524.1 211
-1523.9 229
-1523.7 244
-1523.5 233
-1523.3 215
-1523.1 235
-1522.9 223
-1522.7 209
-1522.5 220
-1522.3 213
-1522.1 222
-1521.9 220
-1521.7 228
-1521.5 218
-1521.3 228
-1521.1 226
-1520.9 213
-1520.7 200
-1520.5 224
-1520.3 247
-1520.1 223
-1519.9 234
-1519.7 230
-1519.5 206
-1519.3 234
-1519.1 242
-1518.9 233
-1518.7 230
-1518.5 237
-1518.3 226
-1518.1 224
-1517.9 205
-1517.7 223
-1517.5 237
-1517.3 212
-1517.1 211
-1516.9 216
-1516.7 226
-1516.5 243
-1516.3 248
-1516.1 206
-1515.9 225
-1515.7 203
-1515.5 232
-1515.3 201
-1515.1 238
-1514.9 205
-1514.7 224
-1514.5 248
-1514.3 214
-1514.1 220
-1513.9 233
-1513.7 231
-1513.5 210
-1513.3 213
-1513.1 215
-1512.9 213
-1512.7 254
-1512.5 222
-1512.3 242
-1512.1 222
-1511.9 218
-1511.7 237
-1511.5 232
-1511.3 246
-1511.1 250
-1510.9 243
-1510.7 204
-1510.5 231
-1510.3 227
-1510.1 218
-1509.9 246
-1509.7 245
-1509.5 212
-1509.3 207
-1509.1 204
-1508.9 221
-1508.7 235
-1508.5 226
-1508.3 234
-1508.1 208
-1507.9 219
-1507.7 238
-1507.5 216
-1507.3 202
-1507.1 207
-1506.9 204
-1506.7 217
-1506.5 200
-1506.3 206
-1506.1 222
-1505.9 225
-1505.7 210
-1505.5 211
-1505.3 212
-1505.1 203
-1504.9 207
-1504.7 204
-1504.5 219
-1504.3 198
-1504.1 211
-1503.9 194
-1503.7 205
-1503.5 228
-1503.3 229
-1503.1 217
-1502.9 193
-1502.7 250
-1502.5 219
-1502.3 228
-1502.1 216
-1501.9 218
-1501.7 202
-1501.5 243
-1501.3 233
-1501.1 201
-1500.9 245
-1500.7 213
-1500.5 220
-1500.3 216
-1500.1 237
-1499.9 228
-1499.7 231
-1499.5 238
-1499.3 234
-1499.1 244
-1498.9 238
-1498.7 245
-1498.5 228
-1498.3 223
-1498.1 223
-1497.9 232
-1497.7 229
-1497.5 233
-1497.3 231
-1497.1 213
-1496.9 234
-1496.7 217
-1496.5 218
-1496.3 252
-1496.1 230
-1495.9 216
-1495.7 235
-1495.5 232
-1495.3 236
-1495.1 213
-1494.9 221
-1494.7 245
-1494.5 238
-1494.3 210
-1494.1 238
-1493.9 219
-1493.7 195
-1493.5 219
-1493.3 197
-1493.1 207
-1492.9 218
-1492.7 193
-1492.5 205
-1492.3 224
-1492.1 217
-1491.9 198
-1491.7 221
-1491.5 217
-1491.3 194
-1491.1 208
-1490.9 193
-1490.7 215
-1490.5 213
-1490.3 213
-1490.1 220
-1489.9 221
-1489.7 214
-1489.5 216
-1489.3 222
-1489.1 218
-1488.9 228
-1488.7 214
-1488.5 228
-1488.3 214
-1488.1 220
-1487.9 225
-1487.7 237
-1487.5 214
-1487.3 214
-1487.1 222
-1486.9 245
-1486.7 220
-1486.5 223
-1486.3 202
-1486.1 201
-1485.9 230
-1485.7 260
-1485.5 213
-1485.3 218
-1485.1 223
-1484.9 230
-1484.7 219
-1484.5 263
-1484.3 224
-1484.1 235
-1483.9 234
-1483.7 232
-1483.5 230
-1483.3 224
-1483.1 243
-1482.9 218
-1482.7 235
-1482.5 260
-1482.3 251
-1482.1 233
-1481.9 226
-1481.7 248
-1481.5 262
-1481.3 243
-1481.1 236
-1480.9 238
-1480.7 251
-1480.5 239
-1480.3 199
-1480.1 216
-1479.9 235
-1479.7 224
-1479.5 264
-1479.3 236
-1479.1 223
-1478.9 242
-1478.7 248
-1478.5 220
-1478.3 240
-1478.1 207
-1477.9 189
-1477.7 202
-1477.5 191
-1477.3 214
-1477.1 174
-1476.9 211
-1476.7 194
-1476.5 203
-1476.3 228
-1476.1 216
-1475.9 226
-1475.7 224
-1475.5 215
-1475.3 195
-1475.1 212
-1474.9 243
-1474.7 215
-1474.5 209
-1474.3 222
-1474.1 228
-1473.9 222
-1473.7 207
-1473.5 230
-1473.3 210
-1473.1 165
-1472.9 202
-1472.7 246
-1472.5 221
-1472.3 212
-1472.1 236
-1471.9 216
-1471.7 210
-1471.5 201
-1471.3 216
-1471.1 236
-1470.9 221
-1470.7 216
-1470.5 200
-1470.3 233
-1470.1 210
-1469.9 216
-1469.7 190
-1469.5 231
-1469.3 252
-1469.1 227
-1468.9 238
-1468.7 208
-1468.5 203
-1468.3 225
-1468.1 222
-1467.9 212
-1467.7 207
-1467.5 218
-1467.3 217
-1467.1 201
-1466.9 239
-1466.7 241
-1466.5 217
-1466.3 214
-1466.1 243
-1465.9 218
-1465.7 201
-1465.5 251
-1465.3 238
-1465.1 219
-1464.9 268
-1464.7 221
-1464.5 254
-1464.3 242
-1464.1 209
-1463.9 249
-1463.7 238
-1463.5 245
-1463.3 263
-1463.1 213
-1462.9 209
-1462.7 235
-1462.5 227
-1462.3 227
-1462.1 220
-1461.9 240
-1461.7 216
-1461.5 247
-1461.3 230
-1461.1 246
-1460.9 221
-1460.7 214
-1460.5 238
-1460.3 203
-1460.1 211
-1459.9 217
-1459.7 216
-1459.5 228
-1459.3 195
-1459.1 212
-1458.9 185
-1458.7 207
-1458.5 240
-1458.3 211
-1458.1 235
-1457.9 188
-1457.7 213
-1457.5 210
-1457.3 225
-1457.1 212
-1456.9 188
-1456.7 233
-1456.5 222
-1456.3 203
-1456.1 201
-1455.9 208
-1455.7 209
-1455.5 233
-1455.3 233
-1455.1 214
-1454.9 226
-1454.7 206
-1454.5 202
-1454.3 200
-1454.1 238
-1453.9 205
-1453.7 207
-1453.5 211
-1453.3 208
-1453.1 211
-1452.9 208
-1452.7 226
-1452.5 204
-1452.3 223
-1452.1 228
-1451.9 211
-1451.7 205
-1451.5 186
-1451.3 229
-1451.1 229
-1450.9 230
-1450.7 207
-1450.5 233
-1450.3 238
-1450.1 224
-1449.9 227
-1449.7 244
-1449.5 242
-1449.3 266
-1449.1 217
-1448.9 225
-1448.7 230
-1448.5 226
-1448.3 229
-1448.1 217
-1447.9 225
-1447.7 232
-1447.5 262
-1447.3 229
-1447.1 231
-1446.9 208
-1446.7 230
-1446.5 219
-1446.3 282
-1446.1 260
-1445.9 244
-1445.7 232
-1445.5 219
-1445.3 211
-1445.1 211
-1444.9 255
-1444.7 234
-1444.5 233
-1444.3 223
-1444.1 206
-1443.9 220
-1443.7 193
-1443.5 206
-1443.3 224
-1443.1 203
-1442.9 242
-1442.7 219
-1442.5 181
-1442.3 212
-1442.1 199
-1441.9 196
-1441.7 248
-1441.5 197
-1441.3 231
-1441.1 236
-1440.9 211
-1440.7 231
-1440.5 220
-1440.3 248
-1440.1 207
-1439.9 227
-1439.7 215
-1439.5 228
-1439.3 201
-1439.1 231
-1438.9 198
-1438.7 190
-1438.5 198
-1438.3 212
-1438.1 218
-1437.9 257
-1437.7 213
-1437.5 185
-1437.3 226
-1437.1 219
-1436.9 211
-1436.7 235
-1436.5 225
-1436.3 211
-1436.1 228
-1435.9 218
-1435.7 218
-1435.5 194
-1435.3 218
-1435.1 240
-1434.9 240
-1434.7 234
-1434.5 216
-1434.3 235
-1434.1 233
-1433.9 201
-1433.7 240
-1433.5 234
-1433.3 241
-1433.1 227
-1432.9 212
-1432.7 208
-1432.5 218
-1432.3 219
-1432.1 232
-1431.9 226
-1431.7 223
-1431.5 224
-1431.3 199
-1431.1 202
-1430.9 229
-1430.7 224
-1430.5 227
-1430.3 208
-1430.1 220
-1429.9 260
-1429.7 209
-1429.5 240
-1429.3 208
-1429.1 244
-1428.9 230
-1428.7 243
-1428.5 226
-1428.3 235
-1428.1 231
-1427.9 227
-1427.7 229
-1427.5 227
-1427.3 205
-1427.1 209
-1426.9 223
-1426.7 222
-1426.5 207
-1426.3 200
-1426.1 230
-1425.9 240
-1425.7 204
-1425.5 230
-1425.3 250
-1425.1 241
-1424.9 221
-1424.7 209
-1424.5 241
-1424.3 197
-1424.1 228
-1423.9 250
-1423.7 226
-1423.5 232
-1423.3 234
-1423.1 225
-1422.9 241
-1422.7 230
-1422.5 240
-1422.3 227
-1422.1 211
-1421.9 219
-1421.7 230
-1421.5 214
-1421.3 211
-1421.1 225
-1420.9 212
-1420.7 207
-1420.5 194
-1420.3 217
-1420.1 208
-1419.9 216
-1419.7 238
-1419.5 221
-1419.3 210
-1419.1 202
-1418.9 209
-1418.7 214
-1418.5 195
-1418.3 232
-1418.1 241
-1417.9 233
-1417.7 217
-1417.5 239
-1417.3 221
-1417.1 225
-1416.9 198
-1416.7 207
-1416.5 203
-1416.3 217
-1416.1 227
-1415.9 216
-1415.7 205
-1415.5 216
-1415.3 234
-1415.1 221
-1414.9 217
-1414.7 238
-1414.5 219
-1414.3 219
-1414.1 243
-1413.9 221
-1413.7 231
-1413.5 218
-1413.3 210
-1413.1 228
-1412.9 189
-1412.7 264
-1412.5 215
-1412.3 231
-1412.1 238
-1411.9 233
-1411.7 207
-1411.5 206
-1411.3 216
-1411.1 247
-1410.9 235
-1410.7 226
-1410.5 225
-1410.3 237
-1410.1 225
-1409.9 225
-1409.7 230
-1409.5 231
-1409.3 196
-1409.1 226
-1408.9 221
-1408.7 229
-1408.5 204
-1408.3 261
-1408.1 218
-1407.9 247
-1407.7 237
-1407.5 228
-1407.3 211
-1407.1 200
-1406.9 220
-1406.7 216
-1406.5 227
-1406.3 224
-1406.1 216
-1405.9 224
-1405.7 224
-1405.5 243
-1405.3 219
-1405.1 233
-1404.9 208
-1404.7 236
-1404.5 217
-1404.3 222
-1404.1 220
-1403.9 213
-1403.7 230
-1403.5 230
-1403.3 213
-1403.1 208
-1402.9 195
-1402.7 211
-1402.5 214
-1402.3 234
-1402.1 243
-1401.9 222
-1401.7 218
-1401.5 231
-1401.3 234
-1401.1 232
-1400.9 234
-1400.7 204
-1400.5 222
-1400.3 231
-1400.1 213
-1399.9 234
-1399.7 208
-1399.5 220
-1399.3 192
-1399.1 215
-1398.9 241
-1398.7 211
-1398.5 226
-1398.3 220
-1398.1 206
-1397.9 217
-1397.7 245
-1397.5 247
-1397.3 203
-1397.1 233
-1396.9 219
-1396.7 200
-1396.5 209
-1396.3 211
-1396.1 203
-1395.9 226
-1395.7 219
-1395.5 175
-1395.3 168
-1395.1 201
-1394.9 225
-1394.7 222
-1394.5 225
-1394.3 229
-1394.1 215
-1393.9 198
-1393.7 232
-1393.5 222
-1393.3 199
-1393.1 221
-1392.9 198
-1392.7 196
-1392.5 220
-1392.3 195
-1392.1 238
-1391.9 220
-1391.7 224
-1391.5 221
-1391.3 220
-1391.1 221
-1390.9 223
-1390.7 233
-1390.5 232
-1390.3 194
-1390.1 222
-1389.9 214
-1389.7 210
-1389.5 208
-1389.3 219
-1389.1 202
-1388.9 234
-1388.7 230
-1388.5 226
-1388.3 201
-1388.1 190
-1387.9 214
-1387.7 221
-1387.5 236
-1387.3 229
-1387.1 221
-1386.9 243
-1386.7 223
-1386.5 223
-1386.3 248
-1386.1 237
-1385.9 241
-1385.7 243
-1385.5 214
-1385.3 216
-1385.1 217
-1384.9 205
-1384.7 224
-1384.5 213
-1384.3 226
-1384.1 227
-1383.9 214
-1383.7 209
-1383.5 208
-1383.3 190
-1383.1 187
-1382.9 240
-1382.7 256
-1382.5 203
-1382.3 196
-1382.1 203
-1381.9 224
-1381.7 214
-1381.5 228
-1381.3 209
-1381.1 213
-1380.9 214
-1380.7 246
-1380.5 235
-1380.3 216
-1380.1 207
-1379.9 205
-1379.7 210
-1379.5 218
-1379.3 208
-1379.1 203
-1378.9 191
-1378.7 220
-1378.5 219
-1378.3 206
-1378.1 216
-1377.9 214
-1377.7 191
-1377.5 207
-1377.3 213
-1377.1 191
-1376.9 219
-1376.7 216
-1376.5 230
-1376.3 181
-1376.1 184
-1375.9 228
-1375.7 218
-1375.5 217
-1375.3 210
-1375.1 200
-1374.9 261
-1374.7 211
-1374.5 250
-1374.3 225
-1374.1 234
-1373.9 207
-1373.7 210
-1373.5 227
-1373.3 223
-1373.1 231
-1372.9 198
-1372.7 218
-1372.5 232
-1372.3 237
-1372.1 215
-1371.9 222
-1371.7 247
-1371.5 203
-1371.3 218
-1371.1 221
-1370.9 219
-1370.7 226
-1370.5 214
-1370.3 209
-1370.1 213
-1369.9 226
-1369.7 225
-1369.5 212
-1369.3 246
-1369.1 216
-1368.9 228
-1368.7 212
-1368.5 183
-1368.3 223
-1368.1 234
-1367.9 211
-1367.7 208
-1367.5 212
-1367.3 223
-1367.1 205
-1366.9 246
-1366.7 225
-1366.5 231
-1366.3 231
-1366.1 229
-1365.9 219
-1365.7 225
-1365.5 189
-1365.3 214
-1365.1 202
-1364.9 213
-1364.7 227
-1364.5 229
-1364.3 215
-1364.1 217
-1363.9 231
-1363.7 210
-1363.5 200
-1363.3 221
-1363.1 195
-1362.9 209
-1362.7 210
-1362.5 213
-1362.3 238
-1362.1 229
-1361.9 223
-1361.7 230
-1361.5 199
-1361.3 219
-1361.1 236
-1360.9 258
-1360.7 204
-1360.5 240
-1360.3 201
-1360.1 221
-1359.9 214
-1359.7 205
-1359.5 211
-1359.3 235
-1359.1 212
-1358.9 220
-1358.7 220
-1358.5 187
-1358.3 203
-1358.1 216
-1357.9 227
-1357.7 220
-1357.5 205
-1357.3 237
-1357.1 235
-1356.9 192
-1356.7 211
-1356.5 215
-1356.3 214
-1356.1 211
-1355.9 226
-1355.7 194
-1355.5 187
-1355.3 220
-1355.1 265
-1354.9 224
-1354.7 189
-1354.5 228
-1354.3 192
-1354.1 195
-1353.9 207
-1353.7 213
-1353.5 246
-1353.3 200
-1353.1 219
-1352.9 213
-1352.7 231
-1352.5 189
-1352.3 204
-1352.1 209
-1351.9 242
-1351.7 217
-1351.5 210
-1351.3 226
-1351.1 218
-1350.9 219
-1350.7 207
-1350.5 227
-1350.3 220
-1350.1 215
-1349.9 230
-1349.7 196
-1349.5 220
-1349.3 212
-1349.1 243
-1348.9 243
-1348.7 216
-1348.5 238
-1348.3 208
-1348.1 225
-1347.9 225
-1347.7 224
-1347.5 218
-1347.3 222
-1347.1 193
-1346.9 208
-1346.7 230
-1346.5 203
-1346.3 192
-1346.1 217
-1345.9 187
-1345.7 203
-1345.5 199
-1345.3 206
-1345.1 174
-1344.9 205
-1344.7 206
-1344.5 217
-1344.3 209
-1344.1 202
-1343.9 188
-1343.7 198
-1343.5 182
-1343.3 181
-1343.1 189
-1342.9 224
-1342.7 201
-1342.5 200
-1342.3 180
-1342.1 187
-1341.9 178
-1341.7 176
-1341.5 146
-1341.3 163
-1341.1 174
-1340.9 172
-1340.7 158
-1340.5 189
-1340.3 164
-1340.1 142
-1339.9 157
-1339.7 152
-1339.5 142
-1339.3 155
-1339.1 167
-1338.9 161
-1338.7 169
-1338.5 135
-1338.3 147
-1338.1 133
-1337.9 142
-1337.7 126
-1337.5 137
-1337.3 150
-1337.1 142
-1336.9 109
-1336.7 135
-1336.5 125
-1336.3 153
-1336.1 132
-1335.9 107
-1335.7 116
-1335.5 130
-1335.3 141
-1335.1 104
-1334.9 101
-1334.7 124
-1334.5 97
-1334.3 105
-1334.1 104
-1333.9 91
-1333.7 110
-1333.5 96
-1333.3 111
-1333.1 114
-1332.9 89
-1332.7 96
-1332.5 115
-1332.3 92
-1332.1 103
-1331.9 83
-1331.7 116
-1331.5 92
-1331.3 105
-1331.1 74
-1330.9 83
-1330.7 102
-1330.5 80
-1330.3 94
-1330.1 76
-1329.9 88
-1329.7 91
-1329.5 86
-1329.3 78
-1329.1 88
-1328.9 96
-1328.7 70
-1328.5 88
-1328.3 88
-1328.1 76
-1327.9 75
-1327.7 74
-1327.5 77
-1327.3 76
-1327.1 87
-1326.9 62
-1326.7 61
-1326.5 74
-1326.3 73
-1326.1 54
-1325.9 57
-1325.7 58
-1325.5 50
-1325.3 61
-1325.1 61
-1324.9 48
-1324.7 43
-1324.5 53
-1324.3 44
-1324.1 71
-1323.9 57
-1323.7 47
-1323.5 54
-1323.3 49
-1323.1 46
-1322.9 52
-1322.7 31
-1322.5 43
-1322.3 45
-1322.1 51
-1321.9 46
-1321.7 43
-1321.5 47
-1321.3 44
-1321.1 39
-1320.9 37
-1320.7 32
-1320.5 39
-1320.3 36
-1320.1 45
-1319.9 43
-1319.7 36
-1319.5 27
-1319.3 42
-1319.1 27
-1318.9 25
-1318.7 39
-1318.5 36
-1318.3 35
-1318.1 32
-1317.9 32
-1317.7 30
-1317.5 28
-1317.3 24
-1317.1 31
-1316.9 31
-1316.7 22
-1316.5 23
-1316.3 31
-1316.1 24
-1315.9 34
-1315.7 31
-1315.5 16
-1315.3 28
-1315.1 33
-1314.9 18
-1314.7 20
-1314.5 18
-1314.3 18
-1314.1 18
-1313.9 30
-1313.7 19
-1313.5 23
-1313.3 29
-1313.1 17
-1312.9 14
-1312.7 20
-1312.5 19
-1312.3 19
-1312.1 15
-1311.9 26
-1311.7 12
-1311.5 10
-1311.3 11
-1311.1 12
-1310.9 14
-1310.7 11
-1310.5 18
-1310.3 14
-1310.1 13
-1309.9 18
-1309.7 7
-1309.5 13
-1309.3 9
-1309.1 9
-1308.9 8
-1308.7 6
-1308.5 11
-1308.3 10
-1308.1 5
-1307.9 6
-1307.7 5
-1307.5 8
-1307.3 9
-1307.1 9
-1306.9 12
-1306.7 3
-1306.5 6
-1306.3 2
-1306.1 6
-1305.9 3
-1305.7 8
-1305.5 6
-1305.3 4
-1305.1 4
-1304.9 6
-1304.7 4
-1304.5 4
-1304.3 7
-1304.1 5
-1303.9 4
-1303.7 6
-1303.5 1
-1303.3 4
-1303.1 5
-1302.9 4
-1302.7 5
-1302.5 5
-1302.3 3
-1302.1 7
-1301.9 6
-1301.7 2
-1301.5 3
-1301.3 5
-1301.1 6
-1300.9 2
-1300.7 1
-1300.5 3
-1300.3 2
-1300.1 1
