-1589.9 0
-1589.7 0
-1589.5 0
-1589.3 0
-1589.1 0
-1588.9 0
-1588.7 0
-1588.5 0
-1588.3 0
-1588.1 0
-1587.9 0
-1587.7 0
-1587.5 0
-1587.3 0
-1587.1 0
-1586.9 0
-1586.7 0
-1586.5 0
-1586.3 0
-1586.1 0
-1585.9 0
-1585.7 0
-1585.5 0
-1585.3 0
-1585.1 0
-1584.9 0
-1584.7 0
-1584.5 0
-1584.3 0
-1584.1 0
-1583.9 0
-1583.7 0
-1583.5 0
-1583.3 0
-1583.1 0
-1582.9 0
-1582.7 0
-1582.5 0
-1582.3 0
-1582.1 0
-1581.9 1
-1581.7 0
-1581.5 0
-1581.3 0
-1581.1 0
-1580.9 0
-1580.7 0
-1580.5 0
-1580.3 1
-1580.1 0
-1579.9 0
-1579.7 0
-1579.5 0
-1579.3 0
-1579.1 0
-1578.9 0
-1578.7 0
-1578.5 0
-1578.3 0
-1578.1 0
-1577.9 0
-1577.7 0
-1577.5 0
-1577.3 0
-1577.1 0
-1576.9 0
-1576.7 0
-1576.5 0
-1576.3 1
-1576.1 0
-1575.9 0
-1575.7 0
-1575.5 0
-1575.3 0
-1575.1 0
-1574.9 0
-1574.7 0
-1574.5 0
-1574.3 0
-1574.1 0
-1573.9 0
-1573.7 1
-1573.5 0
-1573.3 0
-1573.1 0
-1572.9 0
-1572.7 0
-1572.5 0
-1572.3 0
-1572.1 0
-1571.9 0
-1571.7 0
-1571.5 0
-1571.3 0
-1571.1 0
-1570.9 0
-1570.7 0
-1570.5 0
-1570.3 0
-1570.1 0
-1569.9 0
-1569.7 0
-1569.5 0
-1569.3 0
-1569.1 0
-1568.9 0
-1568.7 0
-1568.5 0
-1568.3 0
-1568.1 0
-1567.9 0
-1567.7 0
-1567.5 0
-1567.3 0
-1567.1 0
-1566.9 0
-1566.7 0
-1566.5 0
-1566.3 0
-1566.1 0
-1565.9 0
-1565.7 0
-1565.5 0
-1565.3 0
-1565.1 0
-1564.9 0
-1564.7 0
-1564.5 2
-1564.3 1
-1564.1 1
-1563.9 1
-1563.7 4
-1563.5 5
-1563.3 10
-1563.1 10
-1562.9 7
-1562.7 14
-1562.5 15
-1562.3 15
-1562.1 17
-1561.9 28
-1561.7 25
-1561.5 26
-1561.3 40
-1561.1 39
-1560.9 34
-1560.7 39
-1560.5 46
-1560.3 38
-1560.1 51
-1559.9 63
-1559.7 53
-1559.5 66
-1559.3 77
-1559.1 80
-1558.9 84
-1558.7 92
-1558.5 97
-1558.3 115
-1558.1 105
-1557.9 106
-1557.7 154
-1557.5 138
-1557.3 159
-1557.1 173
-1556.9 159
-1556.7 182
-1556.5 191
-1556.3 216
-1556.1 233
-1555.9 246
-1555.7 216
-1555.5 266
-1555.3 267
-1555.1 286
-1554.9 303
-1554.7 299
-1554.5 329
-1554.3 318
-1554.1 324
-1553.9 340
-1553.7 386
-1553.5 395
-1553.3 361
-1553.1 354
-1552.9 411
-1552.7 396
-1552.5 406
-1552.3 393
-1552.1 393
-1551.9 397
-1551.7 391
-1551.5 425
-1551.3 382
-1551.1 435
-1550.9 481
-1550.7 425
-1550.5 438
-1550.3 434
-1550.1 397
-1549.9 429
-1549.7 425
-1549.5 395
-1549.3 392
-1549.1 396
-1548.9 452
-1548.7 367
-1548.5 381
-1548.3 406
-1548.1 398
-1547.9 367
-1547.7 365
-1547.5 392
-1547.3 411
-1547.1 347
-1546.9 352
-1546.7 350
-1546.5 371
-1546.3 330
-1546.1 365
-1545.9 338
-1545.7 332
-1545.5 334
-1545.3 342
-1545.1 340
-1544.9 331
-1544.7 332
-1544.5 348
-1544.3 323
-1544.1 305
-1543.9 322
-1543.7 303
-1543.5 329
-1543.3 322
-1543.1 298
-1542.9 328
-1542.7 293
-1542.5 279
-1542.3 310
-1542.1 305
-1541.9 263
-1541.7 299
-1541.5 283
-1541.3 272
-1541.1 284
-1540.9 276
-1540.7 272
-1540.5 274
-1540.3 291
-1540.1 261
-1539.9 273
-1539.7 278
-1539.5 246
-1539.3 266
-1539.1 264
-1538.9 295
-1538.7 262
-1538.5 253
-1538.3 280
-1538.1 231
-1537.9 265
-1537.7 258
-1537.5 239
-1537.3 260
-1537.1 266
-1536.9 243
-1536.7 256
-1536.5 243
-1536.3 276
-1536.1 261
-1535.9 245
-1535.7 280
-1535.5 251
-1535.3 244
-1535.1 246
-1534.9 259
-1534.7 263
-1534.5 253
-1534.3 261
-1534.1 240
-1533.9 278
-1533.7 240
-1533.5 265
-1533.3 234
-1533.1 239
-1532.9 260
-1532.7 242
-1532.5 214
-1532.3 250
-1532.1 269
-1531.9 260
-1531.7 264
-1531.5 241
-1531.3 235
-1531.1 245
-1530.9 203
-1530.7 245
-1530.5 232
-1530.3 220
-1530.1 216
-1529.9 225
-1529.7 265
-1529.5 214
-1529.3 220
-1529.1 238
-1528.9 231
-1528.7 228
-1528.5 242
-1528.3 241
-1528.1 209
-1527.9 209
-1527.7 224
-1527.5 214
-1527.3 239
-1527.1 227
-1526.9 259
-1526.7 250
-1526.5 231
-1526.3 225
-1526.1 223
-1525.9 238
-1525.7 210
-1525.5 217
-1525.3 226
-1525.1 220
-1524.9 258
-1524.7 224
-1524.5 248
-1524.3 239
-1524.1 244
-1523.9 258
-1523.7 238
-1523.5 247
-1523.3 217
-1523.1 250
-1522.9 215
-1522.7 259
-1522.5 203
-1522.3 262
-1522.1 224
-1521.9 234
-1521.7 250
-1521.5 246
-1521.3 228
-1521.1 236
-1520.9 265
-1520.7 239
-1520.5 211
-1520.3 237
-1520.1 243
-1519.9 245
-1519.7 237
-1519.5 225
-1519.3 208
-1519.1 243
-1518.9 217
-1518.7 228
-1518.5 230
-1518.3 222
-1518.1 257
-1517.9 237
-1517.7 201
-1517.5 231
-1517.3 252
-1517.1 219
-1516.9 251
-1516.7 224
-1516.5 218
-1516.3 224
-1516.1 215
-1515.9 226
-1515.7 220
-1515.5 217
-1515.3 245
-1515.1 203
-1514.9 227
-1514.7 212
-1514.5 196
-1514.3 221
-1514.1 231
-1513.9 221
-1513.7 217
-1513.5 192
-1513.3 198
-1513.1 225
-1512.9 192
-1512.7 192
-1512.5 202
-1512.3 198
-1512.1 204
-1511.9 212
-1511.7 230
-1511.5 193
-1511.3 210
-1511.1 200
-1510.9 195
-1510.7 214
-1510.5 214
-1510.3 192
-1510.1 219
-1509.9 207
-1509.7 234
-1509.5 200
-1509.3 211
-1509.1 209
-1508.9 235
-1508.7 191
-1508.5 216
-1508.3 209
-1508.1 219
-1507.9 243
-1507.7 241
-1507.5 240
-1507.3 241
-1507.1 230
-1506.9 243
-1506.7 231
-1506.5 248
-1506.3 232
-1506.1 219
-1505.9 267
-1505.7 215
-1505.5 260
-1505.3 219
-1505.1 230
-1504.9 250
-1504.7 245
-1504.5 245
-1504.3 235
-1504.1 227
-1503.9 208
-1503.7 226
-1503.5 189
-1503.3 242
-1503.1 198
-1502.9 212
-1502.7 212
-1502.5 220
-1502.3 225
-1502.1 220
-1501.9 249
-1501.7 185
-1501.5 208
-1501.3 175
-1501.1 266
-1500.9 183
-1500.7 188
-1500.5 186
-1500.3 205
-1500.1 215
-1499.9 227
-1499.7 179
-1499.5 222
-1499.3 200
-1499.1 215
-1498.9 215
-1498.7 220
-1498.5 200
-1498.3 194
-1498.1 194
-1497.9 209
-1497.7 220
-1497.5 198
-1497.3 167
-1497.1 203
-1496.9 225
-1496.7 187
-1496.5 205
-1496.3 200
-1496.1 185
-1495.9 208
-1495.7 210
-1495.5 182
-1495.3 203
-1495.1 219
-1494.9 233
-1494.7 209
-1494.5 221
-1494.3 221
-1494.1 227
-1493.9 214
-1493.7 214
-1493.5 228
-1493.3 217
-1493.1 203
-1492.9 206
-1492.7 241
-1492.5 262
-1492.3 246
-1492.1 219
-1491.9 236
-1491.7 200
-1491.5 249
-1491.3 218
-1491.1 227
-1490.9 243
-1490.7 231
-1490.5 245
-1490.3 231
-1490.1 213
-1489.9 253
-1489.7 248
-1489.5 208
-1489.3 239
-1489.1 240
-1488.9 213
-1488.7 248
-1488.5 232
-1488.3 243
-1488.1 234
-1487.9 230
-1487.7 239
-1487.5 214
-1487.3 240
-1487.1 218
-1486.9 205
-1486.7 267
-1486.5 244
-1486.3 229
-1486.1 238
-1485.9 235
-1485.7 254
-1485.5 250
-1485.3 234
-1485.1 240
-1484.9 219
-1484.7 228
-1484.5 228
-1484.3 243
-1484.1 220
-1483.9 227
-1483.7 206
-1483.5 211
-1483.3 231
-1483.1 221
-1482.9 208
-1482.7 198
-1482.5 207
-1482.3 219
-1482.1 200
-1481.9 222
-1481.7 239
-1481.5 194
-1481.3 214
-1481.1 203
-1480.9 218
-1480.7 225
-1480.5 224
-1480.3 201
-1480.1 195
-1479.9 223
-1479.7 206
-1479.5 208
-1479.3 209
-1479.1 219
-1478.9 200
-1478.7 209
-1478.5 184
-1478.3 235
-1478.1 227
-1477.9 220
-1477.7 200
-1477.5 205
-1477.3 214
-1477.1 217
-1476.9 217
-1476.7 223
-1476.5 231
-1476.3 233
-1476.1 221
-1475.9 219
-1475.7 239
-1475.5 211
-1475.3 242
-1475.1 214
-1474.9 232
-1474.7 202
-1474.5 209
-1474.3 245
-1474.1 213
-1473.9 215
-1473.7 205
-1473.5 223
-1473.3 212
-1473.1 229
-1472.9 225
-1472.7 255
-1472.5 240
-1472.3 225
-1472.1 225
-1471.9 232
-1471.7 260
-1471.5 246
-1471.3 226
-1471.1 213
-1470.9 253
-1470.7 232
-1470.5 237
-1470.3 241
-1470.1 248
-1469.9 249
-1469.7 253
-1469.5 226
-1469.3 243
-1469.1 206
-1468.9 237
-1468.7 221
-1468.5 229
-1468.3 242
-1468.1 218
-1467.9 244
-1467.7 264
-1467.5 198
-1467.3 236
-1467.1 210
-1466.9 203
-1466.7 215
-1466.5 192
-1466.3 216
-1466.1 203
-1465.9 217
-1465.7 216
-1465.5 207
-1465.3 205
-1465.1 202
-1464.9 208
-1464.7 227
-1464.5 220
-1464.3 204
-1464.1 218
-1463.9 199
-1463.7 208
-1463.5 223
-1463.3 228
-1463.1 221
-1462.9 199
-1462.7 192
-1462.5 201
-1462.3 201
-1462.1 211
-1461.9 212
-1461.7 220
-1461.5 208
-1461.3 209
-1461.1 240
-1460.9 214
-1460.7 205
-1460.5 230
-1460.3 235
-1460.1 198
-1459.9 205
-1459.7 231
-1459.5 199
-1459.3 208
-1459.1 218
-1458.9 220
-1458.7 260
-1458.5 246
-1458.3 187
-1458.1 243
-1457.9 219
-1457.7 240
-1457.5 236
-1457.3 222
-1457.1 226
-1456.9 240
-1456.7 217
-1456.5 224
-1456.3 234
-1456.1 220
-1455.9 243
-1455.7 218
-1455.5 250
-1455.3 267
-1455.1 236
-1454.9 244
-1454.7 226
-1454.5 216
-1454.3 227
-1454.1 257
-1453.9 224
-1453.7 238
-1453.5 232
-1453.3 251
-1453.1 261
-1452.9 248
-1452.7 240
-1452.5 222
-1452.3 236
-1452.1 212
-1451.9 230
-1451.7 232
-1451.5 215
-1451.3 231
-1451.1 248
-1450.9 233
-1450.7 241
-1450.5 245
-1450.3 237
-1450.1 195
-1449.9 238
-1449.7 241
-1449.5 229
-1449.3 223
-1449.1 227
-1448.9 221
-1448.7 216
-1448.5 228
-1448.3 239
-1448.1 217
-1447.9 215
-1447.7 245
-1447.5 219
-1447.3 228
-1447.1 221
-1446.9 229
-1446.7 209
-1446.5 194
-1446.3 204
-1446.1 214
-1445.9 208
-1445.7 209
-1445.5 224
-1445.3 208
-1445.1 210
-1444.9 214
-1444.7 206
-1444.5 207
-1444.3 197
-1444.1 195
-1443.9 233
-1443.7 203
-1443.5 238
-1443.3 210
-1443.1 196
-1442.9 194
-1442.7 231
-1442.5 221
-1442.3 240
-1442.1 217
-1441.9 239
-1441.7 223
-1441.5 216
-1441.3 217
-1441.1 217
-1440.9 223
-1440.7 215
-1440.5 230
-1440.3 237
-1440.1 218
-1439.9 200
-1439.7 228
-1439.5 232
-1439.3 210
-1439.1 205
-1438.9 222
-1438.7 208
-1438.5 218
-1438.3 214
-1438.1 220
-1437.9 237
-1437.7 217
-1437.5 239
-1437.3 244
-1437.1 215
-1436.9 244
-1436.7 239
-1436.5 237
-1436.3 241
-1436.1 205
-1435.9 219
-1435.7 217
-1435.5 217
-1435.3 253
-1435.1 233
-1434.9 230
-1434.7 223
-1434.5 253
-1434.3 241
-1434.1 218
-1433.9 217
-1433.7 221
-1433.5 217
-1433.3 229
-1433.1 247
-1432.9 204
-1432.7 217
-1432.5 233
-1432.3 224
-1432.1 241
-1431.9 214
-1431.7 234
-1431.5 224
-1431.3 203
-1431.1 224
-1430.9 214
-1430.7 242
-1430.5 221
-1430.3 180
-1430.1 212
-1429.9 208
-1429.7 224
-1429.5 212
-1429.3 211
-1429.1 213
-1428.9 208
-1428.7 226
-1428.5 242
-1428.3 199
-1428.1 209
-1427.9 204
-1427.7 211
-1427.5 180
-1427.3 200
-1427.1 203
-1426.9 209
-1426.7 223
-1426.5 209
-1426.3 193
-1426.1 249
-1425.9 236
-1425.7 210
-1425.5 220
-1425.3 218
-1425.1 210
-1424.9 213
-1424.7 194
-1424.5 226
-1424.3 207
-1424.1 201
-1423.9 218
-1423.7 206
-1423.5 223
-1423.3 234
-1423.1 199
-1422.9 213
-1422.7 222
-1422.5 219
-1422.3 220
-1422.1 212
-1421.9 208
-1421.7 236
-1421.5 223
-1421.3 201
-1421.1 199
-1420.9 227
-1420.7 219
-1420.5 212
-1420.3 223
-1420.1 218
-1419.9 245
-1419.7 206
-1419.5 237
-1419.3 249
-1419.1 220
-1418.9 230
-1418.7 234
-1418.5 216
-1418.3 202
-1418.1 229
-1417.9 232
-1417.7 213
-1417.5 215
-1417.3 238
-1417.1 219
-1416.9 221
-1416.7 246
-1416.5 234
-1416.3 215
-1416.1 255
-1415.9 230
-1415.7 242
-1415.5 217
-1415.3 245
-1415.1 246
-1414.9 230
-1414.7 214
-1414.5 233
-1414.3 233
-1414.1 219
-1413.9 240
-1413.7 193
-1413.5 240
-1413.3 233
-1413.1 277
-1412.9 220
-1412.7 222
-1412.5 222
-1412.3 211
-1412.1 208
-1411.9 212
-1411.7 218
-1411.5 224
-1411.3 195
-1411.1 219
-1410.9 224
-1410.7 232
-1410.5 208
-1410.3 209
-1410.1 225
-1409.9 254
-1409.7 201
-1409.5 210
-1409.3 211
-1409.1 215
-1408.9 217
-1408.7 255
-1408.5 212
-1408.3 214
-1408.1 228
-1407.9 199
-1407.7 235
-1407.5 252
-1407.3 194
-1407.1 206
-1406.9 202
-1406.7 215
-1406.5 218
-1406.3 213
-1406.1 236
-1405.9 208
-1405.7 195
-1405.5 215
-1405.3 227
-1405.1 197
-1404.9 220
-1404.7 232
-1404.5 203
-1404.3 205
-1404.1 206
-1403.9 214
-1403.7 220
-1403.5 224
-1403.3 221
-1403.1 219
-1402.9 244
-1402.7 235
-1402.5 192
-1402.3 234
-1402.1 230
-1401.9 201
-1401.7 222
-1401.5 185
-1401.3 234
-1401.1 211
-1400.9 216
-1400.7 204
-1400.5 224
-1400.3 231
-1400.1 227
-1399.9 221
-1399.7 213
-1399.5 232
-1399.3 253
-1399.1 235
-1398.9 243
-1398.7 221
-1398.5 213
-1398.3 239
-1398.1 206
-1397.9 220
-1397.7 237
-1397.5 238
-1397.3 232
-1397.1 225
-1396.9 218
-1396.7 248
-1396.5 252
-1396.3 221
-1396.1 222
-1395.9 199
-1395.7 238
-1395.5 226
-1395.3 213
-1395.1 211
-1394.9 221
-1394.7 217
-1394.5 221
-1394.3 218
-1394.1 208
-1393.9 219
-1393.7 200
-1393.5 208
-1393.3 226
-1393.1 219
-1392.9 230
-1392.7 224
-1392.5 225
-1392.3 234
-1392.1 216
-1391.9 221
-1391.7 237
-1391.5 221
-1391.3 192
-1391.1 223
-1390.9 216
-1390.7 193
-1390.5 227
-1390.3 209
-1390.1 213
-1389.9 233
-1389.7 221
-1389.5 211
-1389.3 204
-1389.1 196
-1388.9 222
-1388.7 236
-1388.5 209
-1388.3 241
-1388.1 230
-1387.9 231
-1387.7 211
-1387.5 215
-1387.3 211
-1387.1 206
-1386.9 221
-1386.7 212
-1386.5 197
-1386.3 209
-1386.1 203
-1385.9 212
-1385.7 233
-1385.5 236
-1385.3 214
-1385.1 209
-1384.9 218
-1384.7 210
-1384.5 230
-1384.3 187
-1384.1 195
-1383.9 214
-1383.7 203
-1383.5 229
-1383.3 209
-1383.1 213
-1382.9 222
-1382.7 228
-1382.5 208
-1382.3 197
-1382.1 200
-1381.9 213
-1381.7 229
-1381.5 217
-1381.3 229
-1381.1 226
-1380.9 253
-1380.7 214
-1380.5 207
-1380.3 212
-1380.1 216
-1379.9 245
-1379.7 221
-1379.5 236
-1379.3 240
-1379.1 230
-1378.9 222
-1378.7 210
-1378.5 231
-1378.3 218
-1378.1 231
-1377.9 210
-1377.7 217
-1377.5 196
-1377.3 218
-1377.1 209
-1376.9 199
-1376.7 231
-1376.5 218
-1376.3 218
-1376.1 227
-1375.9 231
-1375.7 235
-1375.5 238
-1375.3 225
-1375.1 227
-1374.9 236
-1374.7 213
-1374.5 211
-1374.3 221
-1374.1 209
-1373.9 224
-1373.7 245
-1373.5 215
-1373.3 220
-1373.1 209
-1372.9 197
-1372.7 214
-1372.5 228
-1372.3 213
-1372.1 218
-1371.9 224
-1371.7 230
-1371.5 210
-1371.3 192
-1371.1 219
-1370.9 202
-1370.7 220
-1370.5 228
-1370.3 214
-1370.1 214
-1369.9 203
-1369.7 204
-1369.5 210
-1369.3 233
-1369.1 217
-1368.9 203
-1368.7 213
-1368.5 207
-1368.3 192
-1368.1 211
-1367.9 205
-1367.7 198
-1367.5 209
-1367.3 195
-1367.1 224
-1366.9 210
-1366.7 228
-1366.5 224
-1366.3 222
-1366.1 222
-1365.9 222
-1365.7 201
-1365.5 219
-1365.3 225
-1365.1 229
-1364.9 201
-1364.7 228
-1364.5 224
-1364.3 246
-1364.1 229
-1363.9 214
-1363.7 241
-1363.5 235
-1363.3 203
-1363.1 236
-1362.9 219
-1362.7 209
-1362.5 227
-1362.3 222
-1362.1 219
-1361.9 225
-1361.7 213
-1361.5 209
-1361.3 230
-1361.1 233
-1360.9 249
-1360.7 235
-1360.5 209
-1360.3 213
-1360.1 223
-1359.9 199
-1359.7 223
-1359.5 233
-1359.3 223
-1359.1 223
-1358.9 219
-1358.7 219
-1358.5 199
-1358.3 217
-1358.1 198
-1357.9 253
-1357.7 214
-1357.5 222
-1357.3 232
-1357.1 238
-1356.9 232
-1356.7 221
-1356.5 202
-1356.3 211
-1356.1 238
-1355.9 201
-1355.7 258
-1355.5 212
-1355.3 240
-1355.1 224
-1354.9 220
-1354.7 225
-1354.5 216
-1354.3 221
-1354.1 234
-1353.9 197
-1353.7 179
-1353.5 206
-1353.3 204
-1353.1 231
-1352.9 185
-1352.7 214
-1352.5 216
-1352.3 193
-1352.1 229
-1351.9 210
-1351.7 207
-1351.5 229
-1351.3 212
-1351.1 197
-1350.9 200
-1350.7 201
-1350.5 216
-1350.3 204
-1350.1 211
-1349.9 204
-1349.7 232
-1349.5 248
-1349.3 227
-1349.1 179
-1348.9 250
-1348.7 186
-1348.5 199
-1348.3 196
-1348.1 218
-1347.9 197
-1347.7 210
-1347.5 216
-1347.3 208
-1347.1 208
-1346.9 208
-1346.7 237
-1346.5 202
-1346.3 202
-1346.1 209
-1345.9 197
-1345.7 199
-1345.5 209
-1345.3 193
-1345.1 212
-1344.9 192
-1344.7 179
-1344.5 164
-1344.3 213
-1344.1 202
-1343.9 174
-1343.7 175
-1343.5 194
-1343.3 187
-1343.1 193
-1342.9 191
-1342.7 178
-1342.5 172
-1342.3 180
-1342.1 194
-1341.9 172
-1341.7 205
-1341.5 197
-1341.3 180
-1341.1 170
-1340.9 161
-1340.7 159
-1340.5 169
-1340.3 176
-1340.1 151
-1339.9 178
-1339.7 172
-1339.5 145
-1339.3 166
-1339.1 165
-1338.9 151
-1338.7 154
-1338.5 138
-1338.3 149
-1338.1 127
-1337.9 138
-1337.7 142
-1337.5 137
-1337.3 144
-1337.1 142
-1336.9 155
-1336.7 139
-1336.5 129
-1336.3 135
-1336.1 115
-1335.9 112
-1335.7 130
-1335.5 127
-1335.3 129
-1335.1 131
-1334.9 139
-1334.7 112
-1334.5 120
-1334.3 101
-1334.1 111
-1333.9 99
-1333.7 121
-1333.5 107
-1333.3 110
-1333.1 106
-1332.9 100
-1332.7 101
-1332.5 95
-1332.3 91
-1332.1 106
-1331.9 108
-1331.7 83
-1331.5 92
-1331.3 90
-1331.1 99
-1330.9 77
-1330.7 96
-1330.5 95
-1330.3 80
-1330.1 65
-1329.9 80
-1329.7 84
-1329.5 80
-1329.3 83
-1329.1 80
-1328.9 68
-1328.7 90
-1328.5 78
-1328.3 74
-1328.1 83
-1327.9 87
-1327.7 60
-1327.5 72
-1327.3 65
-1327.1 66
-1326.9 67
-1326.7 64
-1326.5 58
-1326.3 66
-1326.1 58
-1325.9 59
-1325.7 62
-1325.5 72
-1325.3 70
-1325.1 50
-1324.9 60
-1324.7 56
-1324.5 66
-1324.3 57
-1324.1 67
-1323.9 41
-1323.7 54
-1323.5 48
-1323.3 66
-1323.1 44
-1322.9 47
-1322.7 54
-1322.5 57
-1322.3 53
-1322.1 57
-1321.9 57
-1321.7 55
-1321.5 43
-1321.3 48
-1321.1 48
-1320.9 47
-1320.7 51
-1320.5 43
-1320.3 29
-1320.1 48
-1319.9 35
-1319.7 43
-1319.5 38
-1319.3 39
-1319.1 46
-1318.9 36
-1318.7 37
-1318.5 39
-1318.3 42
-1318.1 38
-1317.9 40
-1317.7 37
-1317.5 34
-1317.3 35
-1317.1 37
-1316.9 36
-1316.7 35
-1316.5 21
-1316.3 25
-1316.1 22
-1315.9 20
-1315.7 21
-1315.5 27
-1315.3 28
-1315.1 27
-1314.9 22
-1314.7 25
-1314.5 19
-1314.3 25
-1314.1 29
-1313.9 20
-1313.7 16
-1313.5 26
-1313.3 30
-1313.1 20
-1312.9 21
-1312.7 17
-1312.5 21
-1312.3 11
-1312.1 13
-1311.9 16
-1311.7 20
-1311.5 17
-1311.3 17
-1311.1 16
-1310.9 16
-1310.7 9
-1310.5 14
-1310.3 13
-1310.1 9
-1309.9 12
-1309.7 11
-1309.5 17
-1309.3 5
-1309.1 7
-1308.9 9
-1308.7 10
-1308.5 8
-1308.3 13
-1308.1 7
-1307.9 8
-1307.7 7
-1307.5 6
-1307.3 9
-1307.1 10
-1306.9 8
-1306.7 7
-1306.5 3
-1306.3 3
-1306.1 4
-1305.9 7
-1305.7 5
-1305.5 8
-1305.3 9
-1305.1 10
-1304.9 11
-1304.7 4
-1304.5 2
-1304.3 4
-1304.1 2
-1303.9 4
-1303.7 6
-1303.5 3
-1303.3 6
-1303.1 1
-1302.9 6
-1302.7 3
-1302.5 7
-1302.3 4
-1302.1 5
-1301.9 6
-1301.7 4
-1301.5 10
-1301.3 6
-1301.1 4
-1300.9 1
-1300.7 2
-1300.5 4
-1300.3 3
-1300.1 5
