-1589.9 0
-1589.7 1
-1589.5 0
-1589.3 0
-1589.1 0
-1588.9 0
-1588.7 0
-1588.5 1
-1588.3 0
-1588.1 0
-1587.9 0
-1587.7 0
-1587.5 0
-1587.3 1
-1587.1 0
-1586.9 0
-1586.7 0
-1586.5 0
-1586.3 0
-1586.1 0
-1585.9 0
-1585.7 1
-1585.5 0
-1585.3 0
-1585.1 1
-1584.9 1
-1584.7 1
-1584.5 1
-1584.3 0
-1584.1 2
-1583.9 0
-1583.7 1
-1583.5 0
-1583.3 0
-1583.1 0
-1582.9 0
-1582.7 0
-1582.5 0
-1582.3 0
-1582.1 1
-1581.9 1
-1581.7 1
-1581.5 1
-1581.3 0
-1581.1 2
-1580.9 0
-1580.7 0
-1580.5 1
-1580.3 1
-1580.1 1
-1579.9 1
-1579.7 0
-1579.5 0
-1579.3 0
-1579.1 0
-1578.9 1
-1578.7 2
-1578.5 0
-1578.3 3
-1578.1 0
-1577.9 1
-1577.7 5
-1577.5 5
-1577.3 3
-1577.1 3
-1576.9 4
-1576.7 4
-1576.5 5
-1576.3 11
-1576.1 6
-1575.9 13
-1575.7 12
-1575.5 12
-1575.3 13
-1575.1 17
-1574.9 19
-1574.7 18
-1574.5 15
-1574.3 32
-1574.1 37
-1573.9 32
-1573.7 49
-1573.5 43
-1573.3 49
-1573.1 42
-1572.9 44
-1572.7 57
-1572.5 75
-1572.3 75
-1572.1 58
-1571.9 72
-1571.7 73
-1571.5 105
-1571.3 123
-1571.1 106
-1570.9 114
-1570.7 133
-1570.5 124
-1570.3 131
-1570.1 130
-1569.9 151
-1569.7 164
-1569.5 207
-1569.3 178
-1569.1 182
-1568.9 217
-1568.7 220
-1568.5 217
-1568.3 226
-1568.1 261
-1567.9 276
-1567.7 287
-1567.5 294
-1567.3 298
-1567.1 315
-1566.9 322
-1566.7 300
-1566.5 313
-1566.3 299
-1566.1 335
-1565.9 340
-1565.7 365
-1565.5 379
-1565.3 356
-1565.1 379
-1564.9 360
-1564.7 423
-1564.5 417
-1564.3 399
-1564.1 413
-1563.9 425
-1563.7 371
-1563.5 419
-1563.3 396
-1563.1 394
-1562.9 409
-1562.7 398
-1562.5 383
-1562.3 402
-1562.1 406
-1561.9 405
-1561.7 436
-1561.5 409
-1561.3 392
-1561.1 391
-1560.9 384
-1560.7 382
-1560.5 384
-1560.3 362
-1560.1 356
-1559.9 386
-1559.7 395
-1559.5 361
-1559.3 348
-1559.1 308
-1558.9 382
-1558.7 385
-1558.5 358
-1558.3 353
-1558.1 336
-1557.9 338
-1557.7 324
-1557.5 336
-1557.3 358
-1557.1 336
-1556.9 325
-1556.7 317
-1556.5 318
-1556.3 299
-1556.1 311
-1555.9 320
-1555.7 298
-1555.5 313
-1555.3 307
-1555.1 310
-1554.9 300
-1554.7 310
-1554.5 305
-1554.3 304
-1554.1 267
-1553.9 291
-1553.7 305
-1553.5 254
-1553.3 281
-1553.1 279
-1552.9 296
-1552.7 279
-1552.5 305
-1552.3 296
-1552.1 296
-1551.9 272
-1551.7 274
-1551.5 292
-1551.3 302
-1551.1 267
-1550.9 252
-1550.7 255
-1550.5 265
-1550.3 238
-1550.1 275
-1549.9 262
-1549.7 244
-1549.5 291
-1549.3 251
-1549.1 292
-1548.9 276
-1548.7 253
-1548.5 281
-1548.3 261
-1548.1 239
-1547.9 265
-1547.7 243
-1547.5 272
-1547.3 285
-1547.1 304
-1546.9 269
-1546.7 229
-1546.5 230
-1546.3 231
-1546.1 253
-1545.9 295
-1545.7 249
-1545.5 264
-1545.3 263
-1545.1 259
-1544.9 251
-1544.7 231
-1544.5 235
-1544.3 237
-1544.1 236
-1543.9 235
-1543.7 236
-1543.5 232
-1543.3 254
-1543.1 239
-1542.9 249
-1542.7 250
-1542.5 252
-1542.3 240
-1542.1 212
-1541.9 260
-1541.7 252
-1541.5 259
-1541.3 236
-1541.1 235
-1540.9 238
-1540.7 229
-1540.5 183
-1540.3 217
-1540.1 212
-1539.9 228
-1539.7 248
-1539.5 241
-1539.3 225
-1539.1 260
-1538.9 231
-1538.7 237
-1538.5 241
-1538.3 242
-1538.1 248
-1537.9 242
-1537.7 240
-1537.5 271
-1537.3 214
-1537.1 244
-1536.9 260
-1536.7 213
-1536.5 250
-1536.3 240
-1536.1 239
-1535.9 233
-1535.7 243
-1535.5 218
-1535.3 246
-1535.1 236
-1534.9 217
-1534.7 237
-1534.5 244
-1534.3 247
-1534.1 216
-1533.9 213
-1533.7 238
-1533.5 233
-1533.3 235
-1533.1 245
-1532.9 227
-1532.7 240
-1532.5 232
-1532.3 253
-1532.1 218
-1531.9 213
-1531.7 238
-1531.5 241
-1531.3 217
-1531.1 217
-1530.9 232
-1530.7 234
-1530.5 221
-1530.3 232
-1530.1 235
-1529.9 216
-1529.7 240
-1529.5 226
-1529.3 216
-1529.1 204
-1528.9 217
-1528.7 250
-1528.5 229
-1528.3 227
-1528.1 225
-1527.9 205
-1527.7 218
-1527.5 212
-1527.3 262
-1527.1 248
-1526.9 216
-1526.7 235
-1526.5 210
-1526.3 247
-1526.1 204
-1525.9 219
-1525.7 232
-1525.5 195
-1525.3 251
-1525.1 228
-1524.9 209
-1524.7 231
-1524.5 203
-1524.3 229
-1524.1 220
-1523.9 230
-1523.7 222
-1523.5 241
-1523.3 213
-1523.1 221
-1522.9 220
-1522.7 222
-1522.5 222
-1522.3 216
-1522.1 197
-1521.9 189
-1521.7 213
-1521.5 198
-1521.3 218
-1521.1 210
-1520.9 225
-1520.7 213
-1520.5 198
-1520.3 196
-1520.1 209
-1519.9 225
-1519.7 226
-1519.5 214
-1519.3 205
-1519.1 204
-1518.9 183
-1518.7 232
-1518.5 233
-1518.3 227
-1518.1 220
-1517.9 222
-1517.7 210
-1517.5 234
-1517.3 211
-1517.1 240
-1516.9 235
-1516.7 210
-1516.5 244
-1516.3 230
-1516.1 239
-1515.9 215
-1515.7 214
-1515.5 225
-1515.3 199
-1515.1 236
-1514.9 222
-1514.7 217
-1514.5 251
-1514.3 235
-1514.1 219
-1513.9 220
-1513.7 214
-1513.5 218
-1513.3 227
-1513.1 238
-1512.9 220
-1512.7 216
-1512.5 200
-1512.3 229
-1512.1 202
-1511.9 214
-1511.7 232
-1511.5 213
-1511.3 233
-1511.1 206
-1510.9 238
-1510.7 236
-1510.5 253
-1510.3 209
-1510.1 242
-1509.9 221
-1509.7 199
-1509.5 201
-1509.3 239
-1509.1 213
-1508.9 217
-1508.7 238
-1508.5 221
-1508.3 247
-1508.1 219
-1507.9 210
-1507.7 223
-1507.5 251
-1507.3 206
-1507.1 190
-1506.9 199
-1506.7 209
-1506.5 211
-1506.3 217
-1506.1 220
-1505.9 190
-1505.7 221
-1505.5 227
-1505.3 218
-1505.1 231
-1504.9 217
-1504.7 207
-1504.5 223
-1504.3 216
-1504.1 209
-1503.9 230
-1503.7 226
-1503.5 215
-1503.3 204
-1503.1 236
-1502.9 247
-1502.7 190
-1502.5 233
-1502.3 243
-1502.1 226
-1501.9 238
-1501.7 227
-1501.5 261
-1501.3 241
-1501.1 209
-1500.9 252
-1500.7 241
-1500.5 241
-1500.3 233
-1500.1 219
-1499.9 203
-1499.7 213
-1499.5 237
-1499.3 232
-1499.1 245
-1498.9 234
-1498.7 214
-1498.5 229
-1498.3 215
-1498.1 236
-1497.9 233
-1497.7 218
-1497.5 223
-1497.3 248
-1497.1 242
-1496.9 231
-1496.7 239
-1496.5 230
-1496.3 221
-1496.1 230
-1495.9 247
-1495.7 222
-1495.5 217
-1495.3 219
-1495.1 231
-1494.9 231
-1494.7 241
-1494.5 211
-1494.3 221
-1494.1 240
-1493.9 236
-1493.7 236
-1493.5 223
-1493.3 244
-1493.1 218
-1492.9 240
-1492.7 238
-1492.5 210
-1492.3 221
-1492.1 209
-1491.9 195
-1491.7 209
-1491.5 179
-1491.3 231
-1491.1 224
-1490.9 215
-1490.7 210
-1490.5 222
-1490.3 210
-1490.1 233
-1489.9 229
-1489.7 225
-1489.5 190
-1489.3 224
-1489.1 231
-1488.9 220
-1488.7 199
-1488.5 213
-1488.3 254
-1488.1 209
-1487.9 212
-1487.7 240
-1487.5 211
-1487.3 224
-1487.1 245
-1486.9 233
-1486.7 246
-1486.5 232
-1486.3 212
-1486.1 206
-1485.9 218
-1485.7 194
-1485.5 207
-1485.3 254
-1485.1 218
-1484.9 213
-1484.7 216
-1484.5 236
-1484.3 240
-1484.1 255
-1483.9 209
-1483.7 221
-1483.5 252
-1483.3 224
-1483.1 220
-1482.9 232
-1482.7 215
-1482.5 207
-1482.3 240
-1482.1 223
-1481.9 224
-1481.7 200
-1481.5 219
-1481.3 248
-1481.1 224
-1480.9 249
-1480.7 246
-1480.5 197
-1480.3 241
-1480.1 216
-1479.9 209
-1479.7 252
-1479.5 260
-1479.3 216
-1479.1 232
-1478.9 210
-1478.7 246
-1478.5 223
-1478.3 239
-1478.1 228
-1477.9 222
-1477.7 241
-1477.5 240
-1477.3 250
-1477.1 249
-1476.9 245
-1476.7 223
-1476.5 206
-1476.3 230
-1476.1 216
-1475.9 242
-1475.7 207
-1475.5 231
-1475.3 238
-1475.1 225
-1474.9 199
-1474.7 244
-1474.5 227
-1474.3 210
-1474.1 224
-1473.9 223
-1473.7 242
-1473.5 220
-1473.3 192
-1473.1 233
-1472.9 239
-1472.7 209
-1472.5 239
-1472.3 221
-1472.1 236
-1471.9 210
-1471.7 214
-1471.5 221
-1471.3 221
-1471.1 216
-1470.9 222
-1470.7 199
-1470.5 196
-1470.3 233
-1470.1 236
-1469.9 215
-1469.7 199
-1469.5 229
-1469.3 232
-1469.1 237
-1468.9 221
-1468.7 240
-1468.5 210
-1468.3 225
-1468.1 232
-1467.9 208
-1467.7 221
-1467.5 213
-1467.3 222
-1467.1 233
-1466.9 240
-1466.7 196
-1466.5 219
-1466.3 211
-1466.1 200
-1465.9 245
-1465.7 232
-1465.5 227
-1465.3 208
-1465.1 212
-1464.9 229
-1464.7 193
-1464.5 201
-1464.3 235
-1464.1 217
-1463.9 197
-1463.7 270
-1463.5 234
-1463.3 219
-1463.1 232
-1462.9 243
-1462.7 218
-1462.5 220
-1462.3 238
-1462.1 229
-1461.9 204
-1461.7 237
-1461.5 227
-1461.3 229
-1461.1 225
-1460.9 214
-1460.7 238
-1460.5 255
-1460.3 231
-1460.1 223
-1459.9 201
-1459.7 230
-1459.5 226
-1459.3 230
-1459.1 191
-1458.9 230
-1458.7 240
-1458.5 213
-1458.3 229
-1458.1 234
-1457.9 225
-1457.7 205
-1457.5 220
-1457.3 242
-1457.1 212
-1456.9 231
-1456.7 219
-1456.5 218
-1456.3 226
-1456.1 223
-1455.9 208
-1455.7 232
-1455.5 246
-1455.3 246
-1455.1 250
-1454.9 211
-1454.7 227
-1454.5 224
-1454.3 221
-1454.1 200
-1453.9 228
-1453.7 221
-1453.5 240
-1453.3 250
-1453.1 245
-1452.9 218
-1452.7 234
-1452.5 234
-1452.3 226
-1452.1 202
-1451.9 245
-1451.7 217
-1451.5 229
-1451.3 204
-1451.1 213
-1450.9 216
-1450.7 232
-1450.5 231
-1450.3 223
-1450.1 215
-1449.9 220
-1449.7 210
-1449.5 204
-1449.3 246
-1449.1 249
-1448.9 208
-1448.7 288
-1448.5 253
-1448.3 225
-1448.1 220
-1447.9 244
-1447.7 221
-1447.5 238
-1447.3 220
-1447.1 243
-1446.9 200
-1446.7 234
-1446.5 222
-1446.3 206
-1446.1 212
-1445.9 233
-1445.7 229
-1445.5 224
-1445.3 229
-1445.1 180
-1444.9 229
-1444.7 227
-1444.5 216
-1444.3 220
-1444.1 234
-1443.9 215
-1443.7 219
-1443.5 205
-1443.3 250
-1443.1 204
-1442.9 211
-1442.7 212
-1442.5 227
-1442.3 233
-1442.1 251
-1441.9 209
-1441.7 209
-1441.5 221
-1441.3 235
-1441.1 218
-1440.9 214
-1440.7 219
-1440.5 206
-1440.3 211
-1440.1 212
-1439.9 242
-1439.7 235
-1439.5 228
-1439.3 230
-1439.1 217
-1438.9 221
-1438.7 228
-1438.5 203
-1438.3 219
-1438.1 226
-1437.9 224
-1437.7 214
-1437.5 212
-1437.3 221
-1437.1 207
-1436.9 213
-1436.7 229
-1436.5 228
-1436.3 220
-1436.1 225
-1435.9 230
-1435.7 239
-1435.5 190
-1435.3 226
-1435.1 213
-1434.9 203
-1434.7 217
-1434.5 237
-1434.3 221
-1434.1 224
-1433.9 193
-1433.7 228
-1433.5 233
-1433.3 202
-1433.1 241
-1432.9 245
-1432.7 225
-1432.5 246
-1432.3 239
-1432.1 206
-1431.9 224
-1431.7 222
-1431.5 228
-1431.3 253
-1431.1 250
-1430.9 205
-1430.7 229
-1430.5 217
-1430.3 201
-1430.1 206
-1429.9 220
-1429.7 200
-1429.5 259
-1429.3 209
-1429.1 207
-1428.9 227
-1428.7 206
-1428.5 247
-1428.3 228
-1428.1 209
-1427.9 233
-1427.7 209
-1427.5 202
-1427.3 233
-1427.1 211
-1426.9 231
-1426.7 209
-1426.5 194
-1426.3 216
-1426.1 236
-1425.9 220
-1425.7 217
-1425.5 205
-1425.3 219
-1425.1 220
-1424.9 239
-1424.7 208
-1424.5 203
-1424.3 213
-1424.1 225
-1423.9 225
-1423.7 237
-1423.5 242
-1423.3 199
-1423.1 199
-1422.9 206
-1422.7 214
-1422.5 229
-1422.3 219
-1422.1 231
-1421.9 240
-1421.7 231
-1421.5 210
-1421.3 203
-1421.1 230
-1420.9 233
-1420.7 216
-1420.5 206
-1420.3 215
-1420.1 211
-1419.9 226
-1419.7 236
-1419.5 228
-1419.3 224
-1419.1 213
-1418.9 228
-1418.7 220
-1418.5 238
-1418.3 225
-1418.1 224
-1417.9 215
-1417.7 211
-1417.5 227
-1417.3 237
-1417.1 216
-1416.9 215
-1416.7 245
-1416.5 221
-1416.3 232
-1416.1 225
-1415.9 239
-1415.7 209
-1415.5 213
-1415.3 237
-1415.1 239
-1414.9 233
-1414.7 248
-1414.5 227
-1414.3 236
-1414.1 238
-1413.9 208
-1413.7 191
-1413.5 209
-1413.3 217
-1413.1 247
-1412.9 225
-1412.7 206
-1412.5 227
-1412.3 210
-1412.1 202
-1411.9 232
-1411.7 223
-1411.5 217
-1411.3 234
-1411.1 202
-1410.9 193
-1410.7 231
-1410.5 196
-1410.3 187
-1410.1 201
-1409.9 207
-1409.7 237
-1409.5 228
-1409.3 255
-1409.1 212
-1408.9 195
-1408.7 223
-1408.5 206
-1408.3 182
-1408.1 231
-1407.9 254
-1407.7 236
-1407.5 211
-1407.3 223
-1407.1 223
-1406.9 229
-1406.7 224
-1406.5 227
-1406.3 219
-1406.1 223
-1405.9 240
-1405.7 233
-1405.5 226
-1405.3 193
-1405.1 218
-1404.9 213
-1404.7 197
-1404.5 208
-1404.3 212
-1404.1 230
-1403.9 248
-1403.7 207
-1403.5 206
-1403.3 229
-1403.1 232
-1402.9 244
-1402.7 247
-1402.5 207
-1402.3 230
-1402.1 226
-1401.9 216
-1401.7 237
-1401.5 213
-1401.3 214
-1401.1 233
-1400.9 231
-1400.7 231
-1400.5 217
-1400.3 203
-1400.1 206
-1399.9 186
-1399.7 213
-1399.5 230
-1399.3 226
-1399.1 239
-1398.9 234
-1398.7 226
-1398.5 217
-1398.3 201
-1398.1 207
-1397.9 228
-1397.7 204
-1397.5 210
-1397.3 215
-1397.1 219
-1396.9 244
-1396.7 224
-1396.5 235
-1396.3 229
-1396.1 227
-1395.9 232
-1395.7 214
-1395.5 230
-1395.3 209
-1395.1 215
-1394.9 220
-1394.7 209
-1394.5 243
-1394.3 207
-1394.1 225
-1393.9 191
-1393.7 216
-1393.5 219
-1393.3 239
-1393.1 206
-1392.9 241
-1392.7 265
-1392.5 210
-1392.3 217
-1392.1 223
-1391.9 235
-1391.7 235
-1391.5 211
-1391.3 241
-1391.1 251
-1390.9 220
-1390.7 220
-1390.5 233
-1390.3 203
-1390.1 227
-1389.9 237
-1389.7 252
-1389.5 226
-1389.3 233
-1389.1 206
-1388.9 223
-1388.7 225
-1388.5 221
-1388.3 218
-1388.1 204
-1387.9 187
-1387.7 211
-1387.5 238
-1387.3 206
-1387.1 200
-1386.9 222
-1386.7 201
-1386.5 232
-1386.3 216
-1386.1 246
-1385.9 219
-1385.7 228
-1385.5 218
-1385.3 203
-1385.1 216
-1384.9 233
-1384.7 234
-1384.5 215
-1384.3 204
-1384.1 206
-1383.9 205
-1383.7 238
-1383.5 212
-1383.3 236
-1383.1 245
-1382.9 195
-1382.7 203
-1382.5 215
-1382.3 209
-1382.1 220
-1381.9 215
-1381.7 237
-1381.5 230
-1381.3 252
-1381.1 234
-1380.9 200
-1380.7 233
-1380.5 225
-1380.3 225
-1380.1 240
-1379.9 222
-1379.7 211
-1379.5 232
-1379.3 187
-1379.1 226
-1378.9 228
-1378.7 255
-1378.5 203
-1378.3 201
-1378.1 214
-1377.9 211
-1377.7 222
-1377.5 229
-1377.3 203
-1377.1 210
-1376.9 220
-1376.7 206
-1376.5 233
-1376.3 205
-1376.1 215
-1375.9 222
-1375.7 224
-1375.5 199
-1375.3 235
-1375.1 215
-1374.9 222
-1374.7 241
-1374.5 222
-1374.3 206
-1374.1 207
-1373.9 226
-1373.7 220
-1373.5 224
-1373.3 215
-1373.1 216
-1372.9 244
-1372.7 213
-1372.5 193
-1372.3 187
-1372.1 218
-1371.9 225
-1371.7 227
-1371.5 226
-1371.3 245
-1371.1 200
-1370.9 230
-1370.7 200
-1370.5 224
-1370.3 246
-1370.1 230
-1369.9 220
-1369.7 211
-1369.5 233
-1369.3 235
-1369.1 184
-1368.9 260
-1368.7 200
-1368.5 219
-1368.3 232
-1368.1 206
-1367.9 223
-1367.7 205
-1367.5 213
-1367.3 220
-1367.1 227
-1366.9 201
-1366.7 218
-1366.5 221
-1366.3 221
-1366.1 241
-1365.9 226
-1365.7 199
-1365.5 218
-1365.3 203
-1365.1 196
-1364.9 212
-1364.7 195
-1364.5 227
-1364.3 196
-1364.1 222
-1363.9 209
-1363.7 195
-1363.5 231
-1363.3 198
-1363.1 214
-1362.9 197
-1362.7 218
-1362.5 202
-1362.3 192
-1362.1 207
-1361.9 207
-1361.7 222
-1361.5 196
-1361.3 191
-1361.1 198
-1360.9 199
-1360.7 186
-1360.5 213
-1360.3 223
-1360.1 202
-1359.9 197
-1359.7 204
-1359.5 220
-1359.3 181
-1359.1 194
-1358.9 242
-1358.7 222
-1358.5 179
-1358.3 192
-1358.1 197
-1357.9 176
-1357.7 172
-1357.5 178
-1357.3 181
-1357.1 160
-1356.9 167
-1356.7 185
-1356.5 171
-1356.3 180
-1356.1 186
-1355.9 162
-1355.7 149
-1355.5 180
-1355.3 169
-1355.1 175
-1354.9 160
-1354.7 173
-1354.5 168
-1354.3 158
-1354.1 184
-1353.9 168
-1353.7 152
-1353.5 164
-1353.3 160
-1353.1 170
-1352.9 142
-1352.7 161
-1352.5 140
-1352.3 155
-1352.1 163
-1351.9 113
-1351.7 146
-1351.5 141
-1351.3 155
-1351.1 109
-1350.9 124
-1350.7 143
-1350.5 125
-1350.3 119
-1350.1 152
-1349.9 129
-1349.7 143
-1349.5 114
-1349.3 123
-1349.1 132
-1348.9 112
-1348.7 119
-1348.5 110
-1348.3 108
-1348.1 108
-1347.9 128
-1347.7 104
-1347.5 116
-1347.3 125
-1347.1 100
-1346.9 100
-1346.7 91
-1346.5 96
-1346.3 102
-1346.1 81
-1345.9 116
-1345.7 94
-1345.5 85
-1345.3 88
-1345.1 86
-1344.9 91
-1344.7 93
-1344.5 96
-1344.3 68
-1344.1 86
-1343.9 82
-1343.7 83
-1343.5 80
-1343.3 96
-1343.1 74
-1342.9 77
-1342.7 76
-1342.5 72
-1342.3 68
-1342.1 68
-1341.9 68
-1341.7 80
-1341.5 76
-1341.3 66
-1341.1 83
-1340.9 78
-1340.7 88
-1340.5 67
-1340.3 63
-1340.1 67
-1339.9 66
-1339.7 64
-1339.5 54
-1339.3 68
-1339.1 65
-1338.9 63
-1338.7 56
-1338.5 59
-1338.3 62
-1338.1 51
-1337.9 71
-1337.7 52
-1337.5 71
-1337.3 53
-1337.1 55
-1336.9 48
-1336.7 55
-1336.5 42
-1336.3 54
-1336.1 35
-1335.9 49
-1335.7 51
-1335.5 46
-1335.3 41
-1335.1 34
-1334.9 43
-1334.7 47
-1334.5 29
-1334.3 37
-1334.1 45
-1333.9 35
-1333.7 38
-1333.5 42
-1333.3 31
-1333.1 38
-1332.9 30
-1332.7 30
-1332.5 22
-1332.3 33
-1332.1 25
-1331.9 40
-1331.7 28
-1331.5 28
-1331.3 23
-1331.1 26
-1330.9 24
-1330.7 24
-1330.5 26
-1330.3 32
-1330.1 39
-1329.9 22
-1329.7 25
-1329.5 32
-1329.3 17
-1329.1 22
-1328.9 30
-1328.7 31
-1328.5 29
-1328.3 18
-1328.1 17
-1327.9 23
-1327.7 19
-1327.5 16
-1327.3 9
-1327.1 23
-1326.9 19
-1326.7 16
-1326.5 13
-1326.3 23
-1326.1 13
-1325.9 19
-1325.7 20
-1325.5 18
-1325.3 19
-1325.1 15
-1324.9 13
-1324.7 15
-1324.5 12
-1324.3 14
-1324.1 12
-1323.9 17
-1323.7 15
-1323.5 11
-1323.3 17
-1323.1 11
-1322.9 8
-1322.7 19
-1322.5 6
-1322.3 12
-1322.1 6
-1321.9 19
-1321.7 19
-1321.5 9
-1321.3 10
-1321.1 11
-1320.9 8
-1320.7 13
-1320.5 11
-1320.3 11
-1320.1 8
-1319.9 9
-1319.7 12
-1319.5 7
-1319.3 7
-1319.1 6
-1318.9 10
-1318.7 9
-1318.5 7
-1318.3 6
-1318.1 7
-1317.9 9
-1317.7 8
-1317.5 8
-1317.3 5
-1317.1 4
-1316.9 8
-1316.7 5
-1316.5 5
-1316.3 3
-1316.1 4
-1315.9 5
-1315.7 6
-1315.5 3
-1315.3 2
-1315.1 7
-1314.9 2
-1314.7 6
-1314.5 3
-1314.3 1
-1314.1 3
-1313.9 7
-1313.7 0
-1313.5 2
-1313.3 3
-1313.1 1
-1312.9 4
-1312.7 6
-1312.5 4
-1312.3 4
-1312.1 3
-1311.9 3
-1311.7 5
-1311.5 0
-1311.3 4
-1311.1 3
-1310.9 5
-1310.7 3
-1310.5 6
-1310.3 4
-1310.1 4
-1309.9 5
-1309.7 1
-1309.5 5
-1309.3 3
-1309.1 7
-1308.9 6
-1308.7 3
-1308.5 5
-1308.3 6
-1308.1 1
-1307.9 3
-1307.7 5
-1307.5 10
-1307.3 3
-1307.1 4
-1306.9 6
-1306.7 3
-1306.5 7
-1306.3 2
-1306.1 3
-1305.9 6
-1305.7 0
-1305.5 3
-1305.3 2
-1305.1 2
-1304.9 0
-1304.7 4
-1304.5 3
-1304.3 3
-1304.1 3
-1303.9 1
-1303.7 3
-1303.5 0
-1303.3 0
-1303.1 2
-1302.9 4
-1302.7 1
-1302.5 4
-1302.3 4
-1302.1 3
-1301.9 5
-1301.7 3
-1301.5 0
-1301.3 4
-1301.1 2
-1300.9 3
-1300.7 4
-1300.5 4
-1300.3 2
-1300.1 2
