-1589.9 0
-1589.7 0
-1589.5 0
-1589.3 0
-1589.1 0
-1588.9 0
-1588.7 0
-1588.5 0
-1588.3 0
-1588.1 0
-1587.9 0
-1587.7 0
-1587.5 0
-1587.3 0
-1587.1 0
-1586.9 0
-1586.7 0
-1586.5 0
-1586.3 0
-1586.1 0
-1585.9 0
-1585.7 0
-1585.5 0
-1585.3 0
-1585.1 0
-1584.9 0
-1584.7 0
-1584.5 1
-1584.3 0
-1584.1 0
-1583.9 0
-1583.7 0
-1583.5 0
-1583.3 0
-1583.1 0
-1582.9 0
-1582.7 0
-1582.5 0
-1582.3 0
-1582.1 0
-1581.9 0
-1581.7 0
-1581.5 1
-1581.3 0
-1581.1 0
-1580.9 4
-1580.7 1
-1580.5 5
-1580.3 1
-1580.1 1
-1579.9 4
-1579.7 7
-1579.5 3
-1579.3 5
-1579.1 9
-1578.9 5
-1578.7 11
-1578.5 10
-1578.3 17
-1578.1 15
-1577.9 15
-1577.7 25
-1577.5 20
-1577.3 32
-1577.1 32
-1576.9 36
-1576.7 35
-1576.5 43
-1576.3 42
-1576.1 52
-1575.9 50
-1575.7 54
-1575.5 60
-1575.3 45
-1575.1 66
-1574.9 73
-1574.7 81
-1574.5 80
-1574.3 81
-1574.1 97
-1573.9 113
-1573.7 111
-1573.5 111
-1573.3 129
-1573.1 131
-1572.9 139
-1572.7 168
-1572.5 143
-1572.3 175
-1572.1 155
-1571.9 187
-1571.7 224
-1571.5 230
-1571.3 215
-1571.1 219
-1570.9 223
-1570.7 254
-1570.5 304
-1570.3 309
-1570.1 308
-1569.9 309
-1569.7 297
-1569.5 327
-1569.3 334
-1569.1 301
-1568.9 339
-1568.7 345
-1568.5 413
-1568.3 404
-1568.1 373
-1567.9 383
-1567.7 438
-1567.5 399
-1567.3 438
-1567.1 391
-1566.9 431
-1566.7 433
-1566.5 419
-1566.3 439
-1566.1 434
-1565.9 468
-1565.7 476
-1565.5 437
-1565.3 435
-1565.1 489
-1564.9 493
-1564.7 433
-1564.5 439
-1564.3 436
-1564.1 417
-1563.9 451
-1563.7 425
-1563.5 445
-1563.3 438
-1563.1 445
-1562.9 422
-1562.7 442
-1562.5 413
-1562.3 411
-1562.1 440
-1561.9 420
-1561.7 404
-1561.5 414
-1561.3 405
-1561.1 414
-1560.9 396
-1560.7 356
-1560.5 384
-1560.3 382
-1560.1 390
-1559.9 373
-1559.7 342
-1559.5 371
-1559.3 333
-1559.1 385
-1558.9 375
-1558.7 345
-1558.5 329
-1558.3 391
-1558.1 357
-1557.9 353
-1557.7 347
-1557.5 374
-1557.3 321
-1557.1 350
-1556.9 352
-1556.7 385
-1556.5 308
-1556.3 333
-1556.1 301
-1555.9 316
-1555.7 326
-1555.5 304
-1555.3 291
-1555.1 303
-1554.9 280
-1554.7 308
-1554.5 334
-1554.3 299
-1554.1 323
-1553.9 299
-1553.7 311
-1553.5 314
-1553.3 296
-1553.1 312
-1552.9 299
-1552.7 307
-1552.5 297
-1552.3 286
-1552.1 303
-1551.9 275
-1551.7 292
-1551.5 249
-1551.3 312
-1551.1 332
-1550.9 314
-1550.7 303
-1550.5 293
-1550.3 291
-1550.1 262
-1549.9 273
-1549.7 297
-1549.5 267
-1549.3 298
-1549.1 307
-1548.9 276
-1548.7 280
-1548.5 283
-1548.3 289
-1548.1 297
-1547.9 300
-1547.7 308
-1547.5 302
-1547.3 285
-1547.1 280
-1546.9 283
-1546.7 304
-1546.5 274
-1546.3 271
-1546.1 305
-1545.9 267
-1545.7 291
-1545.5 251
-1545.3 264
-1545.1 270
-1544.9 254
-1544.7 235
-1544.5 291
-1544.3 293
-1544.1 257
-1543.9 258
-1543.7 286
-1543.5 304
-1543.3 277
-1543.1 282
-1542.9 268
-1542.7 281
-1542.5 250
-1542.3 283
-1542.1 290
-1541.9 282
-1541.7 250
-1541.5 217
-1541.3 273
-1541.1 292
-1540.9 287
-1540.7 269
-1540.5 263
-1540.3 268
-1540.1 249
-1539.9 273
-1539.7 298
-1539.5 245
-1539.3 271
-1539.1 243
-1538.9 264
-1538.7 263
-1538.5 280
-1538.3 253
-1538.1 265
-1537.9 259
-1537.7 249
-1537.5 261
-1537.3 263
-1537.1 252
-1536.9 245
-1536.7 272
-1536.5 249
-1536.3 275
-1536.1 289
-1535.9 243
-1535.7 259
-1535.5 257
-1535.3 235
-1535.1 249
-1534.9 269
-1534.7 258
-1534.5 262
-1534.3 257
-1534.1 252
-1533.9 270
-1533.7 255
-1533.5 278
-1533.3 281
-1533.1 250
-1532.9 253
-1532.7 259
-1532.5 243
-1532.3 271
-1532.1 248
-1531.9 269
-1531.7 270
-1531.5 255
-1531.3 261
-1531.1 272
-1530.9 309
-1530.7 272
-1530.5 253
-1530.3 248
-1530.1 239
-1529.9 278
-1529.7 243
-1529.5 248
-1529.3 227
-1529.1 240
-1528.9 279
-1528.7 277
-1528.5 235
-1528.3 264
-1528.1 248
-1527.9 269
-1527.7 262
-1527.5 238
-1527.3 267
-1527.1 259
-1526.9 287
-1526.7 261
-1526.5 238
-1526.3 234
-1526.1 248
-1525.9 258
-1525.7 287
-1525.5 240
-1525.3 234
-1525.1 246
-1524.9 260
-1524.7 245
-1524.5 223
-1524.3 229
-1524.1 217
-1523.9 236
-1523.7 243
-1523.5 231
-1523.3 226
-1523.1 261
-1522.9 243
-1522.7 247
-1522.5 235
-1522.3 259
-1522.1 261
-1521.9 224
-1521.7 234
-1521.5 243
-1521.3 252
-1521.1 262
-1520.9 236
-1520.7 232
-1520.5 262
-1520.3 259
-1520.1 257
-1519.9 257
-1519.7 228
-1519.5 247
-1519.3 240
-1519.1 266
-1518.9 258
-1518.7 279
-1518.5 248
-1518.3 252
-1518.1 288
-1517.9 246
-1517.7 284
-1517.5 258
-1517.3 250
-1517.1 302
-1516.9 275
-1516.7 289
-1516.5 261
-1516.3 264
-1516.1 237
-1515.9 273
-1515.7 279
-1515.5 273
-1515.3 263
-1515.1 279
-1514.9 263
-1514.7 285
-1514.5 254
-1514.3 267
-1514.1 256
-1513.9 282
-1513.7 268
-1513.5 267
-1513.3 282
-1513.1 274
-1512.9 236
-1512.7 264
-1512.5 262
-1512.3 291
-1512.1 234
-1511.9 275
-1511.7 249
-1511.5 272
-1511.3 297
-1511.1 236
-1510.9 256
-1510.7 239
-1510.5 264
-1510.3 261
-1510.1 249
-1509.9 257
-1509.7 293
-1509.5 275
-1509.3 248
-1509.1 258
-1508.9 281
-1508.7 264
-1508.5 252
-1508.3 261
-1508.1 235
-1507.9 207
-1507.7 242
-1507.5 237
-1507.3 253
-1507.1 241
-1506.9 229
-1506.7 230
-1506.5 237
-1506.3 230
-1506.1 247
-1505.9 249
-1505.7 246
-1505.5 235
-1505.3 247
-1505.1 230
-1504.9 222
-1504.7 232
-1504.5 239
-1504.3 247
-1504.1 241
-1503.9 260
-1503.7 257
-1503.5 220
-1503.3 245
-1503.1 276
-1502.9 240
-1502.7 238
-1502.5 254
-1502.3 230
-1502.1 285
-1501.9 263
-1501.7 239
-1501.5 268
-1501.3 290
-1501.1 255
-1500.9 261
-1500.7 272
-1500.5 248
-1500.3 259
-1500.1 290
-1499.9 267
-1499.7 268
-1499.5 286
-1499.3 270
-1499.1 246
-1498.9 265
-1498.7 297
-1498.5 298
-1498.3 273
-1498.1 291
-1497.9 264
-1497.7 307
-1497.5 293
-1497.3 289
-1497.1 250
-1496.9 269
-1496.7 283
-1496.5 249
-1496.3 282
-1496.1 287
-1495.9 274
-1495.7 274
-1495.5 306
-1495.3 307
-1495.1 274
-1494.9 292
-1494.7 263
-1494.5 283
-1494.3 240
-1494.1 249
-1493.9 284
-1493.7 278
-1493.5 258
-1493.3 258
-1493.1 298
-1492.9 275
-1492.7 270
-1492.5 263
-1492.3 252
-1492.1 266
-1491.9 236
-1491.7 236
-1491.5 225
-1491.3 257
-1491.1 221
-1490.9 231
-1490.7 227
-1490.5 257
-1490.3 251
-1490.1 248
-1489.9 231
-1489.7 257
-1489.5 228
-1489.3 245
-1489.1 217
-1488.9 221
-1488.7 257
-1488.5 231
-1488.3 221
-1488.1 235
-1487.9 218
-1487.7 242
-1487.5 246
-1487.3 249
-1487.1 236
-1486.9 246
-1486.7 258
-1486.5 239
-1486.3 229
-1486.1 267
-1485.9 251
-1485.7 270
-1485.5 264
-1485.3 246
-1485.1 259
-1484.9 239
-1484.7 262
-1484.5 254
-1484.3 260
-1484.1 260
-1483.9 267
-1483.7 249
-1483.5 251
-1483.3 260
-1483.1 286
-1482.9 250
-1482.7 300
-1482.5 250
-1482.3 272
-1482.1 267
-1481.9 266
-1481.7 260
-1481.5 280
-1481.3 273
-1481.1 294
-1480.9 288
-1480.7 250
-1480.5 305
-1480.3 291
-1480.1 265
-1479.9 280
-1479.7 271
-1479.5 284
-1479.3 281
-1479.1 292
-1478.9 259
-1478.7 298
-1478.5 275
-1478.3 293
-1478.1 294
-1477.9 282
-1477.7 263
-1477.5 247
-1477.3 265
-1477.1 270
-1476.9 274
-1476.7 298
-1476.5 287
-1476.3 256
-1476.1 260
-1475.9 264
-1475.7 261
-1475.5 250
-1475.3 268
-1475.1 283
-1474.9 245
-1474.7 284
-1474.5 261
-1474.3 234
-1474.1 242
-1473.9 249
-1473.7 270
-1473.5 257
-1473.3 249
-1473.1 220
-1472.9 250
-1472.7 233
-1472.5 243
-1472.3 252
-1472.1 265
-1471.9 216
-1471.7 229
-1471.5 272
-1471.3 252
-1471.1 218
-1470.9 245
-1470.7 259
-1470.5 244
-1470.3 266
-1470.1 233
-1469.9 266
-1469.7 267
-1469.5 233
-1469.3 256
-1469.1 256
-1468.9 256
-1468.7 246
-1468.5 263
-1468.3 263
-1468.1 232
-1467.9 248
-1467.7 247
-1467.5 263
-1467.3 255
-1467.1 257
-1466.9 263
-1466.7 272
-1466.5 272
-1466.3 269
-1466.1 238
-1465.9 278
-1465.7 226
-1465.5 260
-1465.3 261
-1465.1 272
-1464.9 229
-1464.7 273
-1464.5 281
-1464.3 295
-1464.1 287
-1463.9 263
-1463.7 280
-1463.5 282
-1463.3 268
-1463.1 252
-1462.9 261
-1462.7 285
-1462.5 276
-1462.3 244
-1462.1 280
-1461.9 260
-1461.7 260
-1461.5 256
-1461.3 276
-1461.1 259
-1460.9 249
-1460.7 275
-1460.5 253
-1460.3 277
-1460.1 255
-1459.9 266
-1459.7 237
-1459.5 271
-1459.3 272
-1459.1 253
-1458.9 292
-1458.7 278
-1458.5 233
-1458.3 257
-1458.1 260
-1457.9 278
-1457.7 280
-1457.5 267
-1457.3 261
-1457.1 270
-1456.9 272
-1456.7 221
-1456.5 277
-1456.3 276
-1456.1 237
-1455.9 249
-1455.7 259
-1455.5 251
-1455.3 238
-1455.1 217
-1454.9 240
-1454.7 235
-1454.5 240
-1454.3 219
-1454.1 218
-1453.9 240
-1453.7 236
-1453.5 250
-1453.3 282
-1453.1 247
-1452.9 227
-1452.7 235
-1452.5 226
-1452.3 259
-1452.1 244
-1451.9 217
-1451.7 238
-1451.5 254
-1451.3 240
-1451.1 275
-1450.9 237
-1450.7 247
-1450.5 249
-1450.3 256
-1450.1 233
-1449.9 267
-1449.7 230
-1449.5 275
-1449.3 249
-1449.1 267
-1448.9 253
-1448.7 272
-1448.5 247
-1448.3 236
-1448.1 266
-1447.9 252
-1447.7 286
-1447.5 267
-1447.3 261
-1447.1 273
-1446.9 272
-1446.7 256
-1446.5 259
-1446.3 283
-1446.1 270
-1445.9 278
-1445.7 246
-1445.5 285
-1445.3 270
-1445.1 271
-1444.9 269
-1444.7 251
-1444.5 250
-1444.3 312
-1444.1 277
-1443.9 271
-1443.7 266
-1443.5 247
-1443.3 254
-1443.1 230
-1442.9 246
-1442.7 285
-1442.5 257
-1442.3 286
-1442.1 272
-1441.9 237
-1441.7 250
-1441.5 221
-1441.3 235
-1441.1 259
-1440.9 268
-1440.7 244
-1440.5 269
-1440.3 236
-1440.1 227
-1439.9 274
-1439.7 265
-1439.5 219
-1439.3 261
-1439.1 237
-1438.9 234
-1438.7 252
-1438.5 256
-1438.3 245
-1438.1 274
-1437.9 249
-1437.7 280
-1437.5 226
-1437.3 229
-1437.1 220
-1436.9 248
-1436.7 260
-1436.5 254
-1436.3 253
-1436.1 274
-1435.9 222
-1435.7 252
-1435.5 243
-1435.3 259
-1435.1 266
-1434.9 285
-1434.7 259
-1434.5 255
-1434.3 255
-1434.1 247
-1433.9 265
-1433.7 244
-1433.5 284
-1433.3 228
-1433.1 260
-1432.9 254
-1432.7 270
-1432.5 249
-1432.3 254
-1432.1 246
-1431.9 231
-1431.7 246
-1431.5 242
-1431.3 280
-1431.1 254
-1430.9 254
-1430.7 285
-1430.5 250
-1430.3 243
-1430.1 268
-1429.9 248
-1429.7 253
-1429.5 248
-1429.3 263
-1429.1 294
-1428.9 266
-1428.7 274
-1428.5 281
-1428.3 260
-1428.1 259
-1427.9 290
-1427.7 257
-1427.5 290
-1427.3 242
-1427.1 242
-1426.9 270
-1426.7 256
-1426.5 249
-1426.3 236
-1426.1 267
-1425.9 272
-1425.7 232
-1425.5 253
-1425.3 249
-1425.1 253
-1424.9 240
-1424.7 239
-1424.5 279
-1424.3 276
-1424.1 227
-1423.9 255
-1423.7 253
-1423.5 254
-1423.3 248
-1423.1 268
-1422.9 229
-1422.7 270
-1422.5 250
-1422.3 252
-1422.1 253
-1421.9 241
-1421.7 276
-1421.5 226
-1421.3 254
-1421.1 242
-1420.9 270
-1420.7 251
-1420.5 248
-1420.3 251
-1420.1 231
-1419.9 247
-1419.7 267
-1419.5 259
-1419.3 273
-1419.1 231
-1418.9 267
-1418.7 258
-1418.5 258
-1418.3 250
-1418.1 297
-1417.9 262
-1417.7 247
-1417.5 262
-1417.3 266
-1417.1 243
-1416.9 249
-1416.7 250
-1416.5 247
-1416.3 264
-1416.1 241
-1415.9 254
-1415.7 277
-1415.5 264
-1415.3 253
-1415.1 251
-1414.9 248
-1414.7 292
-1414.5 249
-1414.3 241
-1414.1 249
-1413.9 283
-1413.7 270
-1413.5 266
-1413.3 240
-1413.1 256
-1412.9 269
-1412.7 283
-1412.5 261
-1412.3 267
-1412.1 237
-1411.9 266
-1411.7 258
-1411.5 242
-1411.3 282
-1411.1 249
-1410.9 253
-1410.7 262
-1410.5 248
-1410.3 223
-1410.1 232
-1409.9 267
-1409.7 250
-1409.5 240
-1409.3 258
-1409.1 226
-1408.9 254
-1408.7 234
-1408.5 247
-1408.3 243
-1408.1 210
-1407.9 258
-1407.7 270
-1407.5 272
-1407.3 241
-1407.1 254
-1406.9 249
-1406.7 273
-1406.5 249
-1406.3 238
-1406.1 262
-1405.9 241
-1405.7 233
-1405.5 289
-1405.3 257
-1405.1 247
-1404.9 275
-1404.7 250
-1404.5 258
-1404.3 246
-1404.1 265
-1403.9 252
-1403.7 266
-1403.5 259
-1403.3 219
-1403.1 233
-1402.9 238
-1402.7 241
-1402.5 242
-1402.3 247
-1402.1 303
-1401.9 246
-1401.7 268
-1401.5 259
-1401.3 261
-1401.1 256
-1400.9 298
-1400.7 244
-1400.5 279
-1400.3 240
-1400.1 252
-1399.9 248
-1399.7 227
-1399.5 261
-1399.3 234
-1399.1 263
-1398.9 286
-1398.7 274
-1398.5 241
-1398.3 224
-1398.1 278
-1397.9 259
-1397.7 263
-1397.5 257
-1397.3 244
-1397.1 262
-1396.9 264
-1396.7 233
-1396.5 276
-1396.3 281
-1396.1 251
-1395.9 218
-1395.7 267
-1395.5 250
-1395.3 258
-1395.1 280
-1394.9 283
-1394.7 256
-1394.5 239
-1394.3 252
-1394.1 277
-1393.9 279
-1393.7 271
-1393.5 267
-1393.3 266
-1393.1 248
-1392.9 258
-1392.7 253
-1392.5 273
-1392.3 240
-1392.1 236
-1391.9 257
-1391.7 252
-1391.5 278
-1391.3 252
-1391.1 254
-1390.9 255
-1390.7 243
-1390.5 263
-1390.3 259
-1390.1 236
-1389.9 252
-1389.7 249
-1389.5 270
-1389.3 277
-1389.1 273
-1388.9 263
-1388.7 250
-1388.5 255
-1388.3 250
-1388.1 269
-1387.9 267
-1387.7 290
-1387.5 256
-1387.3 241
-1387.1 258
-1386.9 244
-1386.7 283
-1386.5 249
-1386.3 245
-1386.1 244
-1385.9 271
-1385.7 243
-1385.5 229
-1385.3 236
-1385.1 257
-1384.9 239
-1384.7 258
-1384.5 268
-1384.3 276
-1384.1 267
-1383.9 240
-1383.7 243
-1383.5 218
-1383.3 246
-1383.1 224
-1382.9 242
-1382.7 231
-1382.5 232
-1382.3 242
-1382.1 255
-1381.9 263
-1381.7 221
-1381.5 260
-1381.3 250
-1381.1 247
-1380.9 249
-1380.7 231
-1380.5 257
-1380.3 261
-1380.1 254
-1379.9 235
-1379.7 268
-1379.5 248
-1379.3 245
-1379.1 272
-1378.9 298
-1378.7 287
-1378.5 261
-1378.3 262
-1378.1 272
-1377.9 261
-1377.7 246
-1377.5 288
-1377.3 295
-1377.1 263
-1376.9 270
-1376.7 258
-1376.5 255
-1376.3 280
-1376.1 277
-1375.9 244
-1375.7 223
-1375.5 258
-1375.3 231
-1375.1 241
-1374.9 243
-1374.7 275
-1374.5 238
-1374.3 237
-1374.1 250
-1373.9 281
-1373.7 245
-1373.5 245
-1373.3 253
-1373.1 227
-1372.9 248
-1372.7 257
-1372.5 263
-1372.3 265
-1372.1 254
-1371.9 257
-1371.7 255
-1371.5 233
-1371.3 259
-1371.1 257
-1370.9 256
-1370.7 282
-1370.5 266
-1370.3 273
-1370.1 243
-1369.9 254
-1369.7 237
-1369.5 286
-1369.3 235
-1369.1 242
-1368.9 262
-1368.7 242
-1368.5 255
-1368.3 246
-1368.1 262
-1367.9 261
-1367.7 251
-1367.5 292
-1367.3 223
-1367.1 258
-1366.9 243
-1366.7 263
-1366.5 235
-1366.3 221
-1366.1 261
-1365.9 243
-1365.7 218
-1365.5 256
-1365.3 263
-1365.1 252
-1364.9 232
-1364.7 275
-1364.5 247
-1364.3 264
-1364.1 221
-1363.9 255
-1363.7 238
-1363.5 262
-1363.3 272
-1363.1 266
-1362.9 279
-1362.7 258
-1362.5 246
-1362.3 250
-1362.1 233
-1361.9 247
-1361.7 225
-1361.5 260
-1361.3 246
-1361.1 209
-1360.9 220
-1360.7 213
-1360.5 218
-1360.3 257
-1360.1 225
-1359.9 253
-1359.7 222
-1359.5 229
-1359.3 248
-1359.1 240
-1358.9 206
-1358.7 207
-1358.5 233
-1358.3 203
-1358.1 195
-1357.9 206
-1357.7 197
-1357.5 211
-1357.3 208
-1357.1 191
-1356.9 224
-1356.7 231
-1356.5 187
-1356.3 183
-1356.1 222
-1355.9 180
-1355.7 197
-1355.5 144
-1355.3 181
-1355.1 178
-1354.9 190
-1354.7 165
-1354.5 183
-1354.3 170
-1354.1 188
-1353.9 154
-1353.7 145
-1353.5 159
-1353.3 162
-1353.1 147
-1352.9 158
-1352.7 167
-1352.5 148
-1352.3 126
-1352.1 160
-1351.9 158
-1351.7 160
-1351.5 166
-1351.3 141
-1351.1 129
-1350.9 140
-1350.7 123
-1350.5 147
-1350.3 143
-1350.1 146
-1349.9 135
-1349.7 116
-1349.5 120
-1349.3 122
-1349.1 139
-1348.9 105
-1348.7 104
-1348.5 99
-1348.3 132
-1348.1 118
-1347.9 130
-1347.7 109
-1347.5 103
-1347.3 96
-1347.1 104
-1346.9 114
-1346.7 100
-1346.5 108
-1346.3 94
-1346.1 96
-1345.9 105
-1345.7 90
-1345.5 105
-1345.3 93
-1345.1 101
-1344.9 78
-1344.7 84
-1344.5 110
-1344.3 84
-1344.1 75
-1343.9 69
-1343.7 80
-1343.5 66
-1343.3 79
-1343.1 77
-1342.9 88
-1342.7 70
-1342.5 80
-1342.3 89
-1342.1 66
-1341.9 78
-1341.7 81
-1341.5 67
-1341.3 69
-1341.1 87
-1340.9 70
-1340.7 73
-1340.5 67
-1340.3 67
-1340.1 73
-1339.9 50
-1339.7 69
-1339.5 55
-1339.3 66
-1339.1 68
-1338.9 53
-1338.7 65
-1338.5 67
-1338.3 49
-1338.1 56
-1337.9 62
-1337.7 63
-1337.5 56
-1337.3 37
-1337.1 55
-1336.9 48
-1336.7 39
-1336.5 59
-1336.3 45
-1336.1 45
-1335.9 34
-1335.7 37
-1335.5 46
-1335.3 39
-1335.1 47
-1334.9 46
-1334.7 35
-1334.5 31
-1334.3 35
-1334.1 42
-1333.9 39
-1333.7 39
-1333.5 40
-1333.3 31
-1333.1 23
-1332.9 39
-1332.7 35
-1332.5 27
-1332.3 37
-1332.1 22
-1331.9 34
-1331.7 40
-1331.5 31
-1331.3 25
-1331.1 17
-1330.9 24
-1330.7 28
-1330.5 35
-1330.3 19
-1330.1 27
-1329.9 26
-1329.7 18
-1329.5 14
-1329.3 23
-1329.1 25
-1328.9 22
-1328.7 19
-1328.5 16
-1328.3 18
-1328.1 17
-1327.9 12
-1327.7 12
-1327.5 20
-1327.3 15
-1327.1 8
-1326.9 8
-1326.7 15
-1326.5 7
-1326.3 9
-1326.1 14
-1325.9 13
-1325.7 12
-1325.5 14
-1325.3 22
-1325.1 7
-1324.9 16
-1324.7 4
-1324.5 8
-1324.3 4
-1324.1 11
-1323.9 10
-1323.7 10
-1323.5 10
-1323.3 3
-1323.1 6
-1322.9 6
-1322.7 5
-1322.5 6
-1322.3 6
-1322.1 10
-1321.9 3
-1321.7 3
-1321.5 9
-1321.3 6
-1321.1 2
-1320.9 8
-1320.7 3
-1320.5 8
-1320.3 5
-1320.1 5
-1319.9 3
-1319.7 5
-1319.5 5
-1319.3 2
-1319.1 5
-1318.9 8
-1318.7 0
-1318.5 5
-1318.3 7
-1318.1 6
-1317.9 0
-1317.7 2
-1317.5 1
-1317.3 7
-1317.1 3
-1316.9 2
-1316.7 3
-1316.5 2
-1316.3 4
-1316.1 1
-1315.9 2
-1315.7 1
-1315.5 9
-1315.3 3
-1315.1 2
-1314.9 6
-1314.7 5
-1314.5 4
-1314.3 0
-1314.1 1
-1313.9 3
-1313.7 1
-1313.5 0
-1313.3 2
-1313.1 2
-1312.9 5
-1312.7 0
-1312.5 3
-1312.3 4
-1312.1 3
-1311.9 2
-1311.7 3
-1311.5 4
-1311.3 8
-1311.1 3
-1310.9 2
-1310.7 2
-1310.5 2
-1310.3 1
-1310.1 1
-1309.9 6
-1309.7 2
-1309.5 2
-1309.3 3
-1309.1 2
-1308.9 5
-1308.7 3
-1308.5 2
-1308.3 2
-1308.1 2
-1307.9 1
-1307.7 4
-1307.5 2
-1307.3 1
-1307.1 7
-1306.9 3
-1306.7 1
-1306.5 2
-1306.3 5
-1306.1 5
-1305.9 3
-1305.7 5
-1305.5 2
-1305.3 1
-1305.1 3
-1304.9 5
-1304.7 2
-1304.5 2
-1304.3 3
-1304.1 2
-1303.9 4
-1303.7 0
-1303.5 5
-1303.3 2
-1303.1 2
-1302.9 2
-1302.7 3
-1302.5 1
-1302.3 4
-1302.1 1
-1301.9 0
-1301.7 3
-1301.5 0
-1301.3 5
-1301.1 4
-1300.9 5
-1300.7 5
-1300.5 4
-1300.3 1
-1300.1 3
