offset: 0.00661955
y: -0.000470906
b: -1.97927
yx: -3.0679e-07
ya: -0.000198784
yxx: -7.26538e-10
yxa: 3.84421e-06
yaa: -0.0024955
yxxx: -1.07011e-12
yxxa: 2.42426e-09
yxaa: -1.35223e-05
yaaa: 0.0221518
bx: -0.0024615
ba: 5.53214
yyy: 2.6859e-08
yyyx: 1.13494e-10
yyya: -1.6354e-07
yyyxx: 2.02615e-13
yyyxa: -9.18851e-10
yyyaa: 1.16588e-06
bxx: 0
bxa: 0
baa: 0
x: 5.86254e-06
xx: 5.23884e-09
a: -0.0270326
aa: 0.0538746
