offset: 0.000792787
y: -0.000639905
b: 0
yx: -3.98305e-07
ya: 0.000866733
yxx: -1.23277e-09
yxa: 2.53751e-06
yaa: 0.00665987
yxxx: 8.54801e-13
yxxa: -2.64385e-09
yxaa: 2.35511e-06
yaaa: -0.0170458
bx: -0.00345763
ba: 5.77076
yyy: -6.57942e-09
yyyx: 9.58894e-11
yyya: -2.61957e-07
yyyxx: 1.81722e-13
yyyxa: -5.02701e-10
yyyaa: -8.56348e-07
bxx: 0
bxa: 0
baa: 0
x: 9.70233e-06
xx: -6.78182e-09
a: -0.0215975
aa: -0.0339255
yy: 3.78858e-08
