offset: 0.000870607
x: -5.25476e-05
a: 0.368861
xx: 9.06393e-10
xa: 9.05559e-05
aa: -0.0560532
xxx: 0
xxa: 0
xaa: 0
aaa: 0
xxxx: 0
xxxa: 0
xxaa: 0
xaaa: 0
aaaa: 0
yy: 4.45028e-08
yyx: 1.23384e-10
yya: 9.54222e-07
