offset: 0.00357085
x: 5.22689e-05
a: -0.379385
xx: -2.14445e-08
xa: -7.40518e-05
aa: 0.0158784
xxx: 4.8345e-12
xxa: 2.75242e-08
xaa: 0.000361284
aaa: -0.994939
xxxx: 6.91348e-14
xxxa: -1.26542e-10
xxaa: 9.36324e-07
xaaa: -0.00106018
aaaa: -2.37831
y: 1.67146e-06
yy: -2.60709e-07
yyy: -2.52766e-10
b: 0.0143692
bb: 6.91157e-310
