-1589.9 0
-1589.7 0
-1589.5 0
-1589.3 2
-1589.1 0
-1588.9 0
-1588.7 0
-1588.5 0
-1588.3 0
-1588.1 0
-1587.9 0
-1587.7 0
-1587.5 2
-1587.3 0
-1587.1 0
-1586.9 0
-1586.7 1
-1586.5 0
-1586.3 1
-1586.1 1
-1585.9 2
-1585.7 2
-1585.5 0
-1585.3 1
-1585.1 1
-1584.9 0
-1584.7 0
-1584.5 0
-1584.3 0
-1584.1 2
-1583.9 0
-1583.7 0
-1583.5 2
-1583.3 0
-1583.1 0
-1582.9 3
-1582.7 0
-1582.5 1
-1582.3 0
-1582.1 0
-1581.9 0
-1581.7 0
-1581.5 2
-1581.3 0
-1581.1 1
-1580.9 1
-1580.7 1
-1580.5 0
-1580.3 1
-1580.1 0
-1579.9 1
-1579.7 1
-1579.5 0
-1579.3 0
-1579.1 1
-1578.9 0
-1578.7 1
-1578.5 0
-1578.3 0
-1578.1 1
-1577.9 0
-1577.7 0
-1577.5 0
-1577.3 1
-1577.1 1
-1576.9 0
-1576.7 0
-1576.5 0
-1576.3 2
-1576.1 0
-1575.9 1
-1575.7 0
-1575.5 0
-1575.3 2
-1575.1 1
-1574.9 1
-1574.7 1
-1574.5 0
-1574.3 1
-1574.1 2
-1573.9 1
-1573.7 2
-1573.5 0
-1573.3 1
-1573.1 3
-1572.9 2
-1572.7 2
-1572.5 2
-1572.3 0
-1572.1 0
-1571.9 1
-1571.7 0
-1571.5 0
-1571.3 0
-1571.1 1
-1570.9 1
-1570.7 1
-1570.5 1
-1570.3 1
-1570.1 0
-1569.9 1
-1569.7 0
-1569.5 1
-1569.3 0
-1569.1 3
-1568.9 1
-1568.7 0
-1568.5 0
-1568.3 0
-1568.1 1
-1567.9 1
-1567.7 0
-1567.5 0
-1567.3 3
-1567.1 0
-1566.9 0
-1566.7 1
-1566.5 2
-1566.3 1
-1566.1 1
-1565.9 0
-1565.7 0
-1565.5 1
-1565.3 0
-1565.1 1
-1564.9 1
-1564.7 1
-1564.5 0
-1564.3 4
-1564.1 2
-1563.9 0
-1563.7 0
-1563.5 1
-1563.3 1
-1563.1 0
-1562.9 0
-1562.7 0
-1562.5 1
-1562.3 3
-1562.1 0
-1561.9 3
-1561.7 2
-1561.5 5
-1561.3 3
-1561.1 2
-1560.9 2
-1560.7 5
-1560.5 9
-1560.3 4
-1560.1 1
-1559.9 9
-1559.7 6
-1559.5 8
-1559.3 16
-1559.1 21
-1558.9 18
-1558.7 17
-1558.5 25
-1558.3 33
-1558.1 37
-1557.9 37
-1557.7 40
-1557.5 54
-1557.3 50
-1557.1 59
-1556.9 70
-1556.7 78
-1556.5 82
-1556.3 90
-1556.1 93
-1555.9 105
-1555.7 126
-1555.5 127
-1555.3 136
-1555.1 156
-1554.9 164
-1554.7 170
-1554.5 172
-1554.3 183
-1554.1 186
-1553.9 206
-1553.7 228
-1553.5 231
-1553.3 219
-1553.1 269
-1552.9 259
-1552.7 249
-1552.5 258
-1552.3 235
-1552.1 360
-1551.9 287
-1551.7 296
-1551.5 307
-1551.3 312
-1551.1 327
-1550.9 348
-1550.7 387
-1550.5 373
-1550.3 375
-1550.1 407
-1549.9 357
-1549.7 402
-1549.5 394
-1549.3 354
-1549.1 404
-1548.9 390
-1548.7 377
-1548.5 388
-1548.3 409
-1548.1 406
-1547.9 408
-1547.7 405
-1547.5 363
-1547.3 403
-1547.1 441
-1546.9 408
-1546.7 412
-1546.5 360
-1546.3 424
-1546.1 406
-1545.9 349
-1545.7 388
-1545.5 374
-1545.3 401
-1545.1 364
-1544.9 375
-1544.7 403
-1544.5 375
-1544.3 380
-1544.1 405
-1543.9 388
-1543.7 391
-1543.5 403
-1543.3 385
-1543.1 398
-1542.9 363
-1542.7 349
-1542.5 344
-1542.3 322
-1542.1 335
-1541.9 347
-1541.7 358
-1541.5 335
-1541.3 345
-1541.1 324
-1540.9 312
-1540.7 353
-1540.5 324
-1540.3 336
-1540.1 304
-1539.9 314
-1539.7 290
-1539.5 317
-1539.3 330
-1539.1 333
-1538.9 313
-1538.7 346
-1538.5 318
-1538.3 300
-1538.1 270
-1537.9 293
-1537.7 285
-1537.5 282
-1537.3 296
-1537.1 309
-1536.9 294
-1536.7 284
-1536.5 294
-1536.3 276
-1536.1 297
-1535.9 298
-1535.7 291
-1535.5 274
-1535.3 244
-1535.1 275
-1534.9 286
-1534.7 272
-1534.5 275
-1534.3 279
-1534.1 265
-1533.9 282
-1533.7 269
-1533.5 274
-1533.3 262
-1533.1 272
-1532.9 286
-1532.7 254
-1532.5 289
-1532.3 285
-1532.1 275
-1531.9 246
-1531.7 262
-1531.5 259
-1531.3 270
-1531.1 274
-1530.9 262
-1530.7 259
-1530.5 260
-1530.3 300
-1530.1 264
-1529.9 266
-1529.7 250
-1529.5 244
-1529.3 254
-1529.1 272
-1528.9 259
-1528.7 252
-1528.5 273
-1528.3 258
-1528.1 260
-1527.9 316
-1527.7 229
-1527.5 263
-1527.3 271
-1527.1 263
-1526.9 273
-1526.7 292
-1526.5 234
-1526.3 256
-1526.1 258
-1525.9 276
-1525.7 245
-1525.5 280
-1525.3 275
-1525.1 264
-1524.9 233
-1524.7 266
-1524.5 233
-1524.3 226
-1524.1 273
-1523.9 245
-1523.7 259
-1523.5 258
-1523.3 251
-1523.1 222
-1522.9 266
-1522.7 263
-1522.5 236
-1522.3 254
-1522.1 241
-1521.9 216
-1521.7 260
-1521.5 286
-1521.3 257
-1521.1 230
-1520.9 225
-1520.7 248
-1520.5 239
-1520.3 234
-1520.1 233
-1519.9 282
-1519.7 260
-1519.5 250
-1519.3 195
-1519.1 264
-1518.9 245
-1518.7 229
-1518.5 247
-1518.3 224
-1518.1 235
-1517.9 252
-1517.7 238
-1517.5 223
-1517.3 244
-1517.1 260
-1516.9 218
-1516.7 219
-1516.5 224
-1516.3 248
-1516.1 242
-1515.9 235
-1515.7 224
-1515.5 250
-1515.3 249
-1515.1 252
-1514.9 213
-1514.7 225
-1514.5 247
-1514.3 243
-1514.1 258
-1513.9 247
-1513.7 227
-1513.5 232
-1513.3 258
-1513.1 245
-1512.9 236
-1512.7 237
-1512.5 250
-1512.3 252
-1512.1 259
-1511.9 266
-1511.7 276
-1511.5 249
-1511.3 246
-1511.1 248
-1510.9 260
-1510.7 260
-1510.5 265
-1510.3 224
-1510.1 250
-1509.9 265
-1509.7 271
-1509.5 262
-1509.3 245
-1509.1 266
-1508.9 240
-1508.7 251
-1508.5 240
-1508.3 235
-1508.1 245
-1507.9 236
-1507.7 232
-1507.5 217
-1507.3 217
-1507.1 222
-1506.9 238
-1506.7 248
-1506.5 231
-1506.3 227
-1506.1 230
-1505.9 232
-1505.7 199
-1505.5 201
-1505.3 225
-1505.1 216
-1504.9 227
-1504.7 240
-1504.5 214
-1504.3 191
-1504.1 223
-1503.9 206
-1503.7 208
-1503.5 229
-1503.3 213
-1503.1 236
-1502.9 211
-1502.7 228
-1502.5 236
-1502.3 237
-1502.1 228
-1501.9 266
-1501.7 231
-1501.5 235
-1501.3 223
-1501.1 246
-1500.9 267
-1500.7 245
-1500.5 225
-1500.3 249
-1500.1 254
-1499.9 217
-1499.7 233
-1499.5 240
-1499.3 245
-1499.1 238
-1498.9 249
-1498.7 230
-1498.5 234
-1498.3 217
-1498.1 222
-1497.9 235
-1497.7 254
-1497.5 222
-1497.3 219
-1497.1 267
-1496.9 224
-1496.7 218
-1496.5 231
-1496.3 277
-1496.1 249
-1495.9 245
-1495.7 241
-1495.5 219
-1495.3 236
-1495.1 244
-1494.9 223
-1494.7 220
-1494.5 229
-1494.3 226
-1494.1 212
-1493.9 257
-1493.7 215
-1493.5 219
-1493.3 243
-1493.1 278
-1492.9 241
-1492.7 222
-1492.5 226
-1492.3 244
-1492.1 244
-1491.9 206
-1491.7 234
-1491.5 222
-1491.3 273
-1491.1 253
-1490.9 241
-1490.7 244
-1490.5 247
-1490.3 244
-1490.1 246
-1489.9 259
-1489.7 233
-1489.5 241
-1489.3 248
-1489.1 240
-1488.9 259
-1488.7 241
-1488.5 226
-1488.3 255
-1488.1 245
-1487.9 262
-1487.7 278
-1487.5 281
-1487.3 255
-1487.1 223
-1486.9 269
-1486.7 265
-1486.5 238
-1486.3 254
-1486.1 221
-1485.9 231
-1485.7 259
-1485.5 250
-1485.3 234
-1485.1 229
-1484.9 242
-1484.7 226
-1484.5 214
-1484.3 225
-1484.1 261
-1483.9 263
-1483.7 239
-1483.5 234
-1483.3 247
-1483.1 277
-1482.9 240
-1482.7 229
-1482.5 251
-1482.3 254
-1482.1 228
-1481.9 225
-1481.7 227
-1481.5 231
-1481.3 244
-1481.1 245
-1480.9 220
-1480.7 269
-1480.5 229
-1480.3 238
-1480.1 217
-1479.9 240
-1479.7 263
-1479.5 240
-1479.3 254
-1479.1 209
-1478.9 221
-1478.7 229
-1478.5 245
-1478.3 227
-1478.1 221
-1477.9 234
-1477.7 229
-1477.5 215
-1477.3 256
-1477.1 230
-1476.9 237
-1476.7 248
-1476.5 232
-1476.3 216
-1476.1 230
-1475.9 251
-1475.7 216
-1475.5 221
-1475.3 252
-1475.1 248
-1474.9 225
-1474.7 261
-1474.5 237
-1474.3 248
-1474.1 260
-1473.9 210
-1473.7 244
-1473.5 224
-1473.3 261
-1473.1 255
-1472.9 222
-1472.7 247
-1472.5 254
-1472.3 255
-1472.1 225
-1471.9 236
-1471.7 238
-1471.5 264
-1471.3 235
-1471.1 240
-1470.9 206
-1470.7 253
-1470.5 236
-1470.3 266
-1470.1 238
-1469.9 259
-1469.7 242
-1469.5 233
-1469.3 213
-1469.1 232
-1468.9 232
-1468.7 233
-1468.5 258
-1468.3 206
-1468.1 225
-1467.9 233
-1467.7 225
-1467.5 237
-1467.3 238
-1467.1 223
-1466.9 250
-1466.7 227
-1466.5 239
-1466.3 232
-1466.1 249
-1465.9 229
-1465.7 224
-1465.5 222
-1465.3 235
-1465.1 223
-1464.9 230
-1464.7 234
-1464.5 234
-1464.3 209
-1464.1 236
-1463.9 234
-1463.7 240
-1463.5 251
-1463.3 211
-1463.1 209
-1462.9 201
-1462.7 213
-1462.5 258
-1462.3 233
-1462.1 224
-1461.9 217
-1461.7 217
-1461.5 236
-1461.3 232
-1461.1 235
-1460.9 210
-1460.7 234
-1460.5 217
-1460.3 247
-1460.1 219
-1459.9 228
-1459.7 192
-1459.5 217
-1459.3 214
-1459.1 218
-1458.9 247
-1458.7 217
-1458.5 231
-1458.3 262
-1458.1 232
-1457.9 218
-1457.7 256
-1457.5 221
-1457.3 258
-1457.1 239
-1456.9 248
-1456.7 244
-1456.5 237
-1456.3 257
-1456.1 218
-1455.9 238
-1455.7 255
-1455.5 236
-1455.3 248
-1455.1 270
-1454.9 243
-1454.7 253
-1454.5 239
-1454.3 285
-1454.1 250
-1453.9 247
-1453.7 240
-1453.5 258
-1453.3 263
-1453.1 259
-1452.9 259
-1452.7 228
-1452.5 238
-1452.3 246
-1452.1 259
-1451.9 244
-1451.7 235
-1451.5 184
-1451.3 275
-1451.1 235
-1450.9 231
-1450.7 239
-1450.5 243
-1450.3 255
-1450.1 239
-1449.9 235
-1449.7 232
-1449.5 254
-1449.3 216
-1449.1 221
-1448.9 232
-1448.7 219
-1448.5 235
-1448.3 204
-1448.1 243
-1447.9 213
-1447.7 198
-1447.5 236
-1447.3 241
-1447.1 233
-1446.9 241
-1446.7 244
-1446.5 235
-1446.3 225
-1446.1 252
-1445.9 232
-1445.7 236
-1445.5 241
-1445.3 228
-1445.1 231
-1444.9 250
-1444.7 238
-1444.5 218
-1444.3 240
-1444.1 221
-1443.9 230
-1443.7 247
-1443.5 189
-1443.3 212
-1443.1 222
-1442.9 246
-1442.7 227
-1442.5 240
-1442.3 206
-1442.1 233
-1441.9 227
-1441.7 246
-1441.5 236
-1441.3 219
-1441.1 245
-1440.9 238
-1440.7 263
-1440.5 238
-1440.3 263
-1440.1 255
-1439.9 234
-1439.7 238
-1439.5 228
-1439.3 279
-1439.1 238
-1438.9 239
-1438.7 239
-1438.5 250
-1438.3 254
-1438.1 240
-1437.9 233
-1437.7 247
-1437.5 243
-1437.3 245
-1437.1 226
-1436.9 242
-1436.7 251
-1436.5 268
-1436.3 241
-1436.1 266
-1435.9 224
-1435.7 233
-1435.5 221
-1435.3 233
-1435.1 228
-1434.9 240
-1434.7 249
-1434.5 225
-1434.3 222
-1434.1 217
-1433.9 223
-1433.7 231
-1433.5 229
-1433.3 206
-1433.1 241
-1432.9 229
-1432.7 225
-1432.5 231
-1432.3 237
-1432.1 213
-1431.9 232
-1431.7 245
-1431.5 276
-1431.3 219
-1431.1 240
-1430.9 247
-1430.7 244
-1430.5 247
-1430.3 239
-1430.1 277
-1429.9 242
-1429.7 206
-1429.5 230
-1429.3 229
-1429.1 220
-1428.9 218
-1428.7 257
-1428.5 238
-1428.3 240
-1428.1 244
-1427.9 204
-1427.7 222
-1427.5 233
-1427.3 209
-1427.1 235
-1426.9 258
-1426.7 227
-1426.5 220
-1426.3 222
-1426.1 235
-1425.9 257
-1425.7 233
-1425.5 227
-1425.3 211
-1425.1 233
-1424.9 239
-1424.7 241
-1424.5 248
-1424.3 240
-1424.1 232
-1423.9 200
-1423.7 244
-1423.5 210
-1423.3 278
-1423.1 232
-1422.9 247
-1422.7 238
-1422.5 280
-1422.3 227
-1422.1 239
-1421.9 238
-1421.7 231
-1421.5 277
-1421.3 217
-1421.1 261
-1420.9 253
-1420.7 240
-1420.5 252
-1420.3 251
-1420.1 230
-1419.9 268
-1419.7 263
-1419.5 249
-1419.3 252
-1419.1 258
-1418.9 207
-1418.7 219
-1418.5 239
-1418.3 247
-1418.1 252
-1417.9 250
-1417.7 244
-1417.5 261
-1417.3 223
-1417.1 258
-1416.9 248
-1416.7 214
-1416.5 249
-1416.3 207
-1416.1 245
-1415.9 245
-1415.7 233
-1415.5 222
-1415.3 251
-1415.1 270
-1414.9 248
-1414.7 258
-1414.5 232
-1414.3 232
-1414.1 236
-1413.9 223
-1413.7 236
-1413.5 226
-1413.3 212
-1413.1 252
-1412.9 247
-1412.7 232
-1412.5 239
-1412.3 234
-1412.1 236
-1411.9 224
-1411.7 262
-1411.5 207
-1411.3 246
-1411.1 237
-1410.9 228
-1410.7 246
-1410.5 242
-1410.3 248
-1410.1 213
-1409.9 242
-1409.7 220
-1409.5 227
-1409.3 239
-1409.1 244
-1408.9 235
-1408.7 241
-1408.5 240
-1408.3 237
-1408.1 245
-1407.9 248
-1407.7 244
-1407.5 232
-1407.3 229
-1407.1 234
-1406.9 230
-1406.7 218
-1406.5 215
-1406.3 256
-1406.1 264
-1405.9 211
-1405.7 201
-1405.5 265
-1405.3 244
-1405.1 262
-1404.9 219
-1404.7 223
-1404.5 236
-1404.3 257
-1404.1 227
-1403.9 226
-1403.7 241
-1403.5 243
-1403.3 252
-1403.1 218
-1402.9 263
-1402.7 227
-1402.5 213
-1402.3 228
-1402.1 233
-1401.9 248
-1401.7 231
-1401.5 218
-1401.3 240
-1401.1 248
-1400.9 236
-1400.7 226
-1400.5 250
-1400.3 256
-1400.1 241
-1399.9 242
-1399.7 213
-1399.5 230
-1399.3 246
-1399.1 204
-1398.9 228
-1398.7 204
-1398.5 226
-1398.3 242
-1398.1 247
-1397.9 247
-1397.7 234
-1397.5 217
-1397.3 214
-1397.1 231
-1396.9 243
-1396.7 231
-1396.5 251
-1396.3 255
-1396.1 231
-1395.9 251
-1395.7 226
-1395.5 228
-1395.3 218
-1395.1 227
-1394.9 204
-1394.7 245
-1394.5 239
-1394.3 231
-1394.1 214
-1393.9 218
-1393.7 199
-1393.5 248
-1393.3 234
-1393.1 233
-1392.9 215
-1392.7 240
-1392.5 212
-1392.3 211
-1392.1 207
-1391.9 251
-1391.7 233
-1391.5 245
-1391.3 239
-1391.1 242
-1390.9 256
-1390.7 242
-1390.5 220
-1390.3 224
-1390.1 258
-1389.9 201
-1389.7 230
-1389.5 231
-1389.3 230
-1389.1 234
-1388.9 211
-1388.7 254
-1388.5 237
-1388.3 266
-1388.1 247
-1387.9 246
-1387.7 259
-1387.5 233
-1387.3 244
-1387.1 229
-1386.9 236
-1386.7 233
-1386.5 244
-1386.3 234
-1386.1 232
-1385.9 243
-1385.7 269
-1385.5 229
-1385.3 224
-1385.1 215
-1384.9 241
-1384.7 234
-1384.5 243
-1384.3 249
-1384.1 256
-1383.9 231
-1383.7 210
-1383.5 237
-1383.3 273
-1383.1 266
-1382.9 258
-1382.7 224
-1382.5 214
-1382.3 233
-1382.1 247
-1381.9 266
-1381.7 222
-1381.5 242
-1381.3 228
-1381.1 215
-1380.9 255
-1380.7 224
-1380.5 245
-1380.3 237
-1380.1 249
-1379.9 213
-1379.7 252
-1379.5 236
-1379.3 199
-1379.1 233
-1378.9 209
-1378.7 231
-1378.5 225
-1378.3 218
-1378.1 226
-1377.9 225
-1377.7 236
-1377.5 239
-1377.3 230
-1377.1 235
-1376.9 221
-1376.7 233
-1376.5 220
-1376.3 238
-1376.1 248
-1375.9 198
-1375.7 227
-1375.5 207
-1375.3 252
-1375.1 218
-1374.9 225
-1374.7 217
-1374.5 229
-1374.3 228
-1374.1 217
-1373.9 219
-1373.7 203
-1373.5 261
-1373.3 231
-1373.1 236
-1372.9 236
-1372.7 226
-1372.5 243
-1372.3 260
-1372.1 254
-1371.9 257
-1371.7 226
-1371.5 242
-1371.3 263
-1371.1 228
-1370.9 216
-1370.7 223
-1370.5 257
-1370.3 227
-1370.1 215
-1369.9 227
-1369.7 212
-1369.5 225
-1369.3 230
-1369.1 200
-1368.9 227
-1368.7 229
-1368.5 225
-1368.3 226
-1368.1 233
-1367.9 268
-1367.7 244
-1367.5 292
-1367.3 240
-1367.1 238
-1366.9 247
-1366.7 259
-1366.5 245
-1366.3 278
-1366.1 238
-1365.9 232
-1365.7 268
-1365.5 226
-1365.3 247
-1365.1 223
-1364.9 230
-1364.7 240
-1364.5 222
-1364.3 234
-1364.1 207
-1363.9 236
-1363.7 241
-1363.5 242
-1363.3 242
-1363.1 236
-1362.9 235
-1362.7 257
-1362.5 222
-1362.3 241
-1362.1 249
-1361.9 233
-1361.7 242
-1361.5 243
-1361.3 223
-1361.1 230
-1360.9 243
-1360.7 259
-1360.5 242
-1360.3 226
-1360.1 234
-1359.9 248
-1359.7 202
-1359.5 235
-1359.3 215
-1359.1 234
-1358.9 220
-1358.7 245
-1358.5 225
-1358.3 226
-1358.1 246
-1357.9 216
-1357.7 237
-1357.5 242
-1357.3 222
-1357.1 230
-1356.9 211
-1356.7 234
-1356.5 228
-1356.3 206
-1356.1 232
-1355.9 214
-1355.7 229
-1355.5 208
-1355.3 244
-1355.1 221
-1354.9 231
-1354.7 236
-1354.5 237
-1354.3 213
-1354.1 266
-1353.9 252
-1353.7 242
-1353.5 253
-1353.3 237
-1353.1 233
-1352.9 227
-1352.7 245
-1352.5 240
-1352.3 273
-1352.1 220
-1351.9 235
-1351.7 221
-1351.5 218
-1351.3 231
-1351.1 267
-1350.9 221
-1350.7 254
-1350.5 250
-1350.3 274
-1350.1 234
-1349.9 226
-1349.7 235
-1349.5 240
-1349.3 242
-1349.1 228
-1348.9 244
-1348.7 213
-1348.5 243
-1348.3 229
-1348.1 254
-1347.9 255
-1347.7 237
-1347.5 245
-1347.3 224
-1347.1 235
-1346.9 230
-1346.7 225
-1346.5 213
-1346.3 219
-1346.1 210
-1345.9 236
-1345.7 248
-1345.5 178
-1345.3 243
-1345.1 235
-1344.9 191
-1344.7 232
-1344.5 214
-1344.3 219
-1344.1 204
-1343.9 196
-1343.7 206
-1343.5 203
-1343.3 201
-1343.1 219
-1342.9 187
-1342.7 204
-1342.5 199
-1342.3 178
-1342.1 193
-1341.9 208
-1341.7 180
-1341.5 173
-1341.3 185
-1341.1 175
-1340.9 191
-1340.7 180
-1340.5 174
-1340.3 177
-1340.1 175
-1339.9 170
-1339.7 163
-1339.5 187
-1339.3 183
-1339.1 164
-1338.9 184
-1338.7 151
-1338.5 152
-1338.3 159
-1338.1 161
-1337.9 155
-1337.7 144
-1337.5 157
-1337.3 141
-1337.1 146
-1336.9 145
-1336.7 161
-1336.5 145
-1336.3 161
-1336.1 132
-1335.9 120
-1335.7 119
-1335.5 127
-1335.3 123
-1335.1 124
-1334.9 124
-1334.7 108
-1334.5 137
-1334.3 122
-1334.1 104
-1333.9 123
-1333.7 113
-1333.5 103
-1333.3 102
-1333.1 111
-1332.9 108
-1332.7 111
-1332.5 117
-1332.3 124
-1332.1 112
-1331.9 98
-1331.7 119
-1331.5 109
-1331.3 106
-1331.1 104
-1330.9 86
-1330.7 80
-1330.5 92
-1330.3 90
-1330.1 97
-1329.9 102
-1329.7 83
-1329.5 106
-1329.3 81
-1329.1 108
-1328.9 81
-1328.7 78
-1328.5 85
-1328.3 76
-1328.1 88
-1327.9 71
-1327.7 70
-1327.5 70
-1327.3 79
-1327.1 74
-1326.9 68
-1326.7 64
-1326.5 69
-1326.3 66
-1326.1 70
-1325.9 65
-1325.7 74
-1325.5 62
-1325.3 57
-1325.1 56
-1324.9 61
-1324.7 54
-1324.5 58
-1324.3 43
-1324.1 54
-1323.9 48
-1323.7 67
-1323.5 42
-1323.3 60
-1323.1 40
-1322.9 49
-1322.7 45
-1322.5 46
-1322.3 48
-1322.1 40
-1321.9 48
-1321.7 36
-1321.5 46
-1321.3 53
-1321.1 37
-1320.9 44
-1320.7 36
-1320.5 28
-1320.3 33
-1320.1 31
-1319.9 36
-1319.7 31
-1319.5 32
-1319.3 23
-1319.1 26
-1318.9 29
-1318.7 22
-1318.5 27
-1318.3 38
-1318.1 23
-1317.9 26
-1317.7 26
-1317.5 33
-1317.3 32
-1317.1 30
-1316.9 40
-1316.7 20
-1316.5 23
-1316.3 32
-1316.1 28
-1315.9 14
-1315.7 30
-1315.5 21
-1315.3 15
-1315.1 22
-1314.9 17
-1314.7 22
-1314.5 19
-1314.3 16
-1314.1 18
-1313.9 19
-1313.7 17
-1313.5 14
-1313.3 12
-1313.1 12
-1312.9 11
-1312.7 14
-1312.5 16
-1312.3 13
-1312.1 18
-1311.9 7
-1311.7 7
-1311.5 13
-1311.3 16
-1311.1 18
-1310.9 10
-1310.7 4
-1310.5 4
-1310.3 3
-1310.1 3
-1309.9 6
-1309.7 8
-1309.5 5
-1309.3 13
-1309.1 6
-1308.9 10
-1308.7 7
-1308.5 5
-1308.3 8
-1308.1 9
-1307.9 6
-1307.7 7
-1307.5 6
-1307.3 3
-1307.1 6
-1306.9 5
-1306.7 6
-1306.5 7
-1306.3 3
-1306.1 2
-1305.9 5
-1305.7 3
-1305.5 4
-1305.3 5
-1305.1 5
-1304.9 7
-1304.7 3
-1304.5 2
-1304.3 1
-1304.1 2
-1303.9 3
-1303.7 2
-1303.5 5
-1303.3 5
-1303.1 1
-1302.9 4
-1302.7 2
-1302.5 1
-1302.3 3
-1302.1 1
-1301.9 1
-1301.7 5
-1301.5 3
-1301.3 2
-1301.1 5
-1300.9 2
-1300.7 3
-1300.5 1
-1300.3 2
-1300.1 7
