-1589.9 0
-1589.7 1
-1589.5 2
-1589.3 1
-1589.1 3
-1588.9 1
-1588.7 1
-1588.5 0
-1588.3 2
-1588.1 2
-1587.9 0
-1587.7 1
-1587.5 2
-1587.3 1
-1587.1 0
-1586.9 2
-1586.7 0
-1586.5 2
-1586.3 2
-1586.1 2
-1585.9 1
-1585.7 3
-1585.5 2
-1585.3 1
-1585.1 0
-1584.9 0
-1584.7 3
-1584.5 4
-1584.3 0
-1584.1 3
-1583.9 2
-1583.7 3
-1583.5 0
-1583.3 0
-1583.1 1
-1582.9 3
-1582.7 0
-1582.5 0
-1582.3 3
-1582.1 3
-1581.9 1
-1581.7 0
-1581.5 1
-1581.3 1
-1581.1 3
-1580.9 1
-1580.7 1
-1580.5 2
-1580.3 1
-1580.1 0
-1579.9 1
-1579.7 3
-1579.5 1
-1579.3 1
-1579.1 0
-1578.9 0
-1578.7 1
-1578.5 2
-1578.3 1
-1578.1 2
-1577.9 0
-1577.7 0
-1577.5 1
-1577.3 0
-1577.1 2
-1576.9 1
-1576.7 1
-1576.5 1
-1576.3 3
-1576.1 3
-1575.9 3
-1575.7 3
-1575.5 4
-1575.3 6
-1575.1 3
-1574.9 3
-1574.7 2
-1574.5 4
-1574.3 3
-1574.1 9
-1573.9 5
-1573.7 3
-1573.5 8
-1573.3 6
-1573.1 9
-1572.9 12
-1572.7 10
-1572.5 8
-1572.3 7
-1572.1 14
-1571.9 15
-1571.7 9
-1571.5 25
-1571.3 17
-1571.1 24
-1570.9 29
-1570.7 30
-1570.5 33
-1570.3 23
-1570.1 41
-1569.9 36
-1569.7 55
-1569.5 50
-1569.3 46
-1569.1 58
-1568.9 65
-1568.7 77
-1568.5 91
-1568.3 75
-1568.1 105
-1567.9 80
-1567.7 98
-1567.5 95
-1567.3 112
-1567.1 118
-1566.9 130
-1566.7 131
-1566.5 148
-1566.3 140
-1566.1 161
-1565.9 162
-1565.7 188
-1565.5 182
-1565.3 190
-1565.1 190
-1564.9 224
-1564.7 209
-1564.5 218
-1564.3 205
-1564.1 257
-1563.9 255
-1563.7 269
-1563.5 275
-1563.3 277
-1563.1 276
-1562.9 288
-1562.7 314
-1562.5 302
-1562.3 308
-1562.1 358
-1561.9 347
-1561.7 322
-1561.5 314
-1561.3 367
-1561.1 344
-1560.9 360
-1560.7 334
-1560.5 373
-1560.3 343
-1560.1 401
-1559.9 381
-1559.7 409
-1559.5 386
-1559.3 374
-1559.1 392
-1558.9 379
-1558.7 398
-1558.5 384
-1558.3 433
-1558.1 371
-1557.9 402
-1557.7 389
-1557.5 370
-1557.3 374
-1557.1 391
-1556.9 413
-1556.7 395
-1556.5 383
-1556.3 399
-1556.1 370
-1555.9 367
-1555.7 405
-1555.5 404
-1555.3 355
-1555.1 354
-1554.9 365
-1554.7 336
-1554.5 412
-1554.3 370
-1554.1 358
-1553.9 360
-1553.7 359
-1553.5 368
-1553.3 363
-1553.1 376
-1552.9 337
-1552.7 355
-1552.5 339
-1552.3 311
-1552.1 360
-1551.9 340
-1551.7 355
-1551.5 361
-1551.3 323
-1551.1 325
-1550.9 330
-1550.7 344
-1550.5 318
-1550.3 320
-1550.1 326
-1549.9 301
-1549.7 305
-1549.5 314
-1549.3 318
-1549.1 331
-1548.9 317
-1548.7 288
-1548.5 276
-1548.3 300
-1548.1 308
-1547.9 290
-1547.7 307
-1547.5 291
-1547.3 281
-1547.1 320
-1546.9 293
-1546.7 304
-1546.5 287
-1546.3 289
-1546.1 302
-1545.9 290
-1545.7 278
-1545.5 284
-1545.3 286
-1545.1 301
-1544.9 286
-1544.7 312
-1544.5 285
-1544.3 312
-1544.1 300
-1543.9 323
-1543.7 269
-1543.5 277
-1543.3 298
-1543.1 270
-1542.9 279
-1542.7 280
-1542.5 270
-1542.3 238
-1542.1 283
-1541.9 282
-1541.7 290
-1541.5 268
-1541.3 274
-1541.1 247
-1540.9 267
-1540.7 289
-1540.5 290
-1540.3 231
-1540.1 285
-1539.9 291
-1539.7 267
-1539.5 267
-1539.3 297
-1539.1 255
-1538.9 244
-1538.7 284
-1538.5 266
-1538.3 246
-1538.1 273
-1537.9 248
-1537.7 241
-1537.5 264
-1537.3 267
-1537.1 272
-1536.9 257
-1536.7 252
-1536.5 243
-1536.3 263
-1536.1 281
-1535.9 265
-1535.7 259
-1535.5 260
-1535.3 251
-1535.1 266
-1534.9 287
-1534.7 242
-1534.5 259
-1534.3 287
-1534.1 252
-1533.9 262
-1533.7 246
-1533.5 281
-1533.3 244
-1533.1 274
-1532.9 276
-1532.7 245
-1532.5 247
-1532.3 262
-1532.1 211
-1531.9 272
-1531.7 249
-1531.5 261
-1531.3 242
-1531.1 270
-1530.9 246
-1530.7 255
-1530.5 255
-1530.3 233
-1530.1 238
-1529.9 244
-1529.7 251
-1529.5 274
-1529.3 244
-1529.1 287
-1528.9 255
-1528.7 250
-1528.5 280
-1528.3 258
-1528.1 254
-1527.9 241
-1527.7 237
-1527.5 232
-1527.3 277
-1527.1 229
-1526.9 225
-1526.7 257
-1526.5 232
-1526.3 240
-1526.1 231
-1525.9 241
-1525.7 225
-1525.5 228
-1525.3 230
-1525.1 236
-1524.9 244
-1524.7 221
-1524.5 224
-1524.3 259
-1524.1 249
-1523.9 238
-1523.7 207
-1523.5 250
-1523.3 247
-1523.1 225
-1522.9 231
-1522.7 244
-1522.5 245
-1522.3 251
-1522.1 227
-1521.9 255
-1521.7 231
-1521.5 266
-1521.3 216
-1521.1 226
-1520.9 276
-1520.7 251
-1520.5 238
-1520.3 253
-1520.1 249
-1519.9 258
-1519.7 236
-1519.5 257
-1519.3 224
-1519.1 231
-1518.9 258
-1518.7 246
-1518.5 239
-1518.3 256
-1518.1 278
-1517.9 236
-1517.7 245
-1517.5 220
-1517.3 262
-1517.1 221
-1516.9 260
-1516.7 243
-1516.5 219
-1516.3 241
-1516.1 231
-1515.9 246
-1515.7 251
-1515.5 251
-1515.3 225
-1515.1 252
-1514.9 229
-1514.7 252
-1514.5 252
-1514.3 221
-1514.1 245
-1513.9 257
-1513.7 252
-1513.5 230
-1513.3 252
-1513.1 232
-1512.9 236
-1512.7 250
-1512.5 248
-1512.3 246
-1512.1 224
-1511.9 214
-1511.7 216
-1511.5 244
-1511.3 228
-1511.1 215
-1510.9 258
-1510.7 225
-1510.5 242
-1510.3 247
-1510.1 227
-1509.9 226
-1509.7 256
-1509.5 221
-1509.3 250
-1509.1 245
-1508.9 278
-1508.7 232
-1508.5 248
-1508.3 229
-1508.1 232
-1507.9 247
-1507.7 271
-1507.5 210
-1507.3 240
-1507.1 253
-1506.9 244
-1506.7 249
-1506.5 238
-1506.3 256
-1506.1 221
-1505.9 239
-1505.7 244
-1505.5 245
-1505.3 255
-1505.1 246
-1504.9 245
-1504.7 225
-1504.5 242
-1504.3 243
-1504.1 223
-1503.9 242
-1503.7 247
-1503.5 245
-1503.3 216
-1503.1 268
-1502.9 264
-1502.7 265
-1502.5 249
-1502.3 226
-1502.1 232
-1501.9 232
-1501.7 228
-1501.5 234
-1501.3 228
-1501.1 216
-1500.9 231
-1500.7 228
-1500.5 232
-1500.3 266
-1500.1 215
-1499.9 232
-1499.7 233
-1499.5 243
-1499.3 228
-1499.1 231
-1498.9 215
-1498.7 276
-1498.5 224
-1498.3 247
-1498.1 201
-1497.9 246
-1497.7 241
-1497.5 239
-1497.3 243
-1497.1 250
-1496.9 221
-1496.7 240
-1496.5 270
-1496.3 220
-1496.1 220
-1495.9 241
-1495.7 244
-1495.5 200
-1495.3 254
-1495.1 231
-1494.9 259
-1494.7 225
-1494.5 248
-1494.3 262
-1494.1 225
-1493.9 259
-1493.7 236
-1493.5 242
-1493.3 231
-1493.1 251
-1492.9 261
-1492.7 219
-1492.5 233
-1492.3 236
-1492.1 264
-1491.9 247
-1491.7 267
-1491.5 239
-1491.3 251
-1491.1 266
-1490.9 234
-1490.7 247
-1490.5 246
-1490.3 232
-1490.1 253
-1489.9 243
-1489.7 266
-1489.5 273
-1489.3 245
-1489.1 234
-1488.9 246
-1488.7 270
-1488.5 236
-1488.3 284
-1488.1 243
-1487.9 259
-1487.7 241
-1487.5 257
-1487.3 241
-1487.1 238
-1486.9 278
-1486.7 235
-1486.5 245
-1486.3 269
-1486.1 253
-1485.9 221
-1485.7 262
-1485.5 216
-1485.3 260
-1485.1 220
-1484.9 267
-1484.7 246
-1484.5 251
-1484.3 245
-1484.1 246
-1483.9 229
-1483.7 209
-1483.5 229
-1483.3 255
-1483.1 243
-1482.9 206
-1482.7 257
-1482.5 242
-1482.3 263
-1482.1 232
-1481.9 255
-1481.7 217
-1481.5 242
-1481.3 221
-1481.1 244
-1480.9 270
-1480.7 242
-1480.5 263
-1480.3 269
-1480.1 232
-1479.9 208
-1479.7 245
-1479.5 219
-1479.3 250
-1479.1 262
-1478.9 221
-1478.7 214
-1478.5 219
-1478.3 245
-1478.1 254
-1477.9 246
-1477.7 248
-1477.5 263
-1477.3 268
-1477.1 216
-1476.9 229
-1476.7 235
-1476.5 243
-1476.3 222
-1476.1 237
-1475.9 241
-1475.7 238
-1475.5 246
-1475.3 244
-1475.1 230
-1474.9 237
-1474.7 238
-1474.5 256
-1474.3 231
-1474.1 257
-1473.9 226
-1473.7 279
-1473.5 203
-1473.3 288
-1473.1 267
-1472.9 256
-1472.7 253
-1472.5 249
-1472.3 224
-1472.1 237
-1471.9 241
-1471.7 238
-1471.5 237
-1471.3 241
-1471.1 236
-1470.9 235
-1470.7 233
-1470.5 229
-1470.3 241
-1470.1 255
-1469.9 242
-1469.7 238
-1469.5 207
-1469.3 225
-1469.1 219
-1468.9 230
-1468.7 226
-1468.5 234
-1468.3 232
-1468.1 240
-1467.9 257
-1467.7 246
-1467.5 224
-1467.3 245
-1467.1 241
-1466.9 228
-1466.7 247
-1466.5 220
-1466.3 239
-1466.1 244
-1465.9 208
-1465.7 218
-1465.5 228
-1465.3 197
-1465.1 249
-1464.9 238
-1464.7 240
-1464.5 222
-1464.3 234
-1464.1 234
-1463.9 250
-1463.7 211
-1463.5 239
-1463.3 221
-1463.1 254
-1462.9 215
-1462.7 275
-1462.5 214
-1462.3 234
-1462.1 244
-1461.9 219
-1461.7 227
-1461.5 236
-1461.3 247
-1461.1 231
-1460.9 219
-1460.7 225
-1460.5 259
-1460.3 239
-1460.1 246
-1459.9 248
-1459.7 227
-1459.5 265
-1459.3 230
-1459.1 219
-1458.9 223
-1458.7 242
-1458.5 263
-1458.3 223
-1458.1 263
-1457.9 292
-1457.7 245
-1457.5 285
-1457.3 246
-1457.1 233
-1456.9 249
-1456.7 238
-1456.5 268
-1456.3 233
-1456.1 250
-1455.9 273
-1455.7 216
-1455.5 273
-1455.3 272
-1455.1 251
-1454.9 261
-1454.7 248
-1454.5 245
-1454.3 260
-1454.1 246
-1453.9 229
-1453.7 238
-1453.5 230
-1453.3 245
-1453.1 247
-1452.9 232
-1452.7 246
-1452.5 266
-1452.3 240
-1452.1 216
-1451.9 202
-1451.7 250
-1451.5 244
-1451.3 250
-1451.1 238
-1450.9 226
-1450.7 246
-1450.5 223
-1450.3 218
-1450.1 253
-1449.9 232
-1449.7 233
-1449.5 230
-1449.3 230
-1449.1 203
-1448.9 216
-1448.7 218
-1448.5 242
-1448.3 209
-1448.1 236
-1447.9 277
-1447.7 253
-1447.5 226
-1447.3 234
-1447.1 237
-1446.9 226
-1446.7 248
-1446.5 258
-1446.3 239
-1446.1 218
-1445.9 236
-1445.7 232
-1445.5 251
-1445.3 249
-1445.1 234
-1444.9 248
-1444.7 221
-1444.5 248
-1444.3 235
-1444.1 241
-1443.9 226
-1443.7 225
-1443.5 232
-1443.3 256
-1443.1 271
-1442.9 252
-1442.7 267
-1442.5 226
-1442.3 230
-1442.1 256
-1441.9 249
-1441.7 270
-1441.5 254
-1441.3 264
-1441.1 252
-1440.9 227
-1440.7 245
-1440.5 256
-1440.3 243
-1440.1 243
-1439.9 249
-1439.7 241
-1439.5 224
-1439.3 218
-1439.1 242
-1438.9 259
-1438.7 250
-1438.5 238
-1438.3 255
-1438.1 255
-1437.9 236
-1437.7 284
-1437.5 231
-1437.3 224
-1437.1 240
-1436.9 232
-1436.7 246
-1436.5 267
-1436.3 236
-1436.1 239
-1435.9 202
-1435.7 232
-1435.5 236
-1435.3 232
-1435.1 219
-1434.9 231
-1434.7 225
-1434.5 244
-1434.3 215
-1434.1 251
-1433.9 224
-1433.7 254
-1433.5 245
-1433.3 219
-1433.1 232
-1432.9 234
-1432.7 236
-1432.5 226
-1432.3 271
-1432.1 227
-1431.9 246
-1431.7 230
-1431.5 255
-1431.3 235
-1431.1 257
-1430.9 250
-1430.7 233
-1430.5 244
-1430.3 249
-1430.1 242
-1429.9 225
-1429.7 253
-1429.5 253
-1429.3 242
-1429.1 239
-1428.9 237
-1428.7 247
-1428.5 221
-1428.3 226
-1428.1 250
-1427.9 223
-1427.7 259
-1427.5 258
-1427.3 246
-1427.1 236
-1426.9 232
-1426.7 249
-1426.5 228
-1426.3 222
-1426.1 269
-1425.9 224
-1425.7 244
-1425.5 253
-1425.3 256
-1425.1 211
-1424.9 251
-1424.7 235
-1424.5 263
-1424.3 256
-1424.1 240
-1423.9 231
-1423.7 230
-1423.5 239
-1423.3 227
-1423.1 259
-1422.9 235
-1422.7 222
-1422.5 264
-1422.3 208
-1422.1 261
-1421.9 244
-1421.7 254
-1421.5 243
-1421.3 269
-1421.1 243
-1420.9 248
-1420.7 243
-1420.5 265
-1420.3 226
-1420.1 225
-1419.9 222
-1419.7 208
-1419.5 221
-1419.3 252
-1419.1 246
-1418.9 237
-1418.7 230
-1418.5 242
-1418.3 235
-1418.1 214
-1417.9 221
-1417.7 235
-1417.5 224
-1417.3 229
-1417.1 203
-1416.9 240
-1416.7 251
-1416.5 232
-1416.3 220
-1416.1 225
-1415.9 232
-1415.7 238
-1415.5 261
-1415.3 221
-1415.1 249
-1414.9 246
-1414.7 219
-1414.5 287
-1414.3 286
-1414.1 250
-1413.9 251
-1413.7 245
-1413.5 243
-1413.3 209
-1413.1 240
-1412.9 248
-1412.7 240
-1412.5 204
-1412.3 257
-1412.1 247
-1411.9 259
-1411.7 280
-1411.5 237
-1411.3 207
-1411.1 207
-1410.9 239
-1410.7 249
-1410.5 206
-1410.3 245
-1410.1 252
-1409.9 234
-1409.7 231
-1409.5 280
-1409.3 255
-1409.1 226
-1408.9 227
-1408.7 240
-1408.5 216
-1408.3 206
-1408.1 243
-1407.9 247
-1407.7 255
-1407.5 273
-1407.3 230
-1407.1 256
-1406.9 223
-1406.7 247
-1406.5 242
-1406.3 236
-1406.1 237
-1405.9 226
-1405.7 228
-1405.5 240
-1405.3 248
-1405.1 241
-1404.9 224
-1404.7 258
-1404.5 240
-1404.3 231
-1404.1 204
-1403.9 235
-1403.7 238
-1403.5 236
-1403.3 242
-1403.1 234
-1402.9 235
-1402.7 237
-1402.5 239
-1402.3 228
-1402.1 301
-1401.9 242
-1401.7 259
-1401.5 265
-1401.3 223
-1401.1 241
-1400.9 231
-1400.7 213
-1400.5 252
-1400.3 222
-1400.1 232
-1399.9 213
-1399.7 218
-1399.5 230
-1399.3 224
-1399.1 244
-1398.9 238
-1398.7 239
-1398.5 244
-1398.3 218
-1398.1 230
-1397.9 233
-1397.7 236
-1397.5 241
-1397.3 252
-1397.1 259
-1396.9 224
-1396.7 244
-1396.5 254
-1396.3 240
-1396.1 251
-1395.9 201
-1395.7 243
-1395.5 232
-1395.3 225
-1395.1 235
-1394.9 238
-1394.7 228
-1394.5 227
-1394.3 230
-1394.1 246
-1393.9 240
-1393.7 219
-1393.5 247
-1393.3 238
-1393.1 237
-1392.9 234
-1392.7 234
-1392.5 227
-1392.3 223
-1392.1 261
-1391.9 206
-1391.7 271
-1391.5 218
-1391.3 241
-1391.1 255
-1390.9 247
-1390.7 253
-1390.5 211
-1390.3 228
-1390.1 230
-1389.9 269
-1389.7 233
-1389.5 225
-1389.3 244
-1389.1 221
-1388.9 266
-1388.7 209
-1388.5 239
-1388.3 210
-1388.1 247
-1387.9 234
-1387.7 240
-1387.5 223
-1387.3 234
-1387.1 254
-1386.9 209
-1386.7 227
-1386.5 250
-1386.3 211
-1386.1 217
-1385.9 262
-1385.7 235
-1385.5 252
-1385.3 249
-1385.1 249
-1384.9 227
-1384.7 233
-1384.5 236
-1384.3 248
-1384.1 222
-1383.9 245
-1383.7 265
-1383.5 224
-1383.3 240
-1383.1 250
-1382.9 245
-1382.7 246
-1382.5 275
-1382.3 246
-1382.1 247
-1381.9 221
-1381.7 234
-1381.5 255
-1381.3 241
-1381.1 249
-1380.9 255
-1380.7 264
-1380.5 238
-1380.3 257
-1380.1 232
-1379.9 211
-1379.7 237
-1379.5 240
-1379.3 247
-1379.1 232
-1378.9 249
-1378.7 234
-1378.5 231
-1378.3 248
-1378.1 242
-1377.9 246
-1377.7 265
-1377.5 249
-1377.3 224
-1377.1 241
-1376.9 242
-1376.7 237
-1376.5 253
-1376.3 231
-1376.1 209
-1375.9 224
-1375.7 248
-1375.5 244
-1375.3 261
-1375.1 235
-1374.9 212
-1374.7 238
-1374.5 245
-1374.3 239
-1374.1 254
-1373.9 261
-1373.7 226
-1373.5 228
-1373.3 261
-1373.1 232
-1372.9 236
-1372.7 210
-1372.5 225
-1372.3 233
-1372.1 246
-1371.9 230
-1371.7 234
-1371.5 208
-1371.3 236
-1371.1 258
-1370.9 253
-1370.7 233
-1370.5 265
-1370.3 261
-1370.1 237
-1369.9 226
-1369.7 229
-1369.5 236
-1369.3 249
-1369.1 240
-1368.9 239
-1368.7 254
-1368.5 271
-1368.3 207
-1368.1 250
-1367.9 241
-1367.7 235
-1367.5 226
-1367.3 233
-1367.1 246
-1366.9 269
-1366.7 220
-1366.5 215
-1366.3 226
-1366.1 237
-1365.9 256
-1365.7 248
-1365.5 242
-1365.3 234
-1365.1 250
-1364.9 234
-1364.7 212
-1364.5 204
-1364.3 221
-1364.1 230
-1363.9 214
-1363.7 244
-1363.5 225
-1363.3 235
-1363.1 225
-1362.9 215
-1362.7 204
-1362.5 229
-1362.3 244
-1362.1 265
-1361.9 246
-1361.7 227
-1361.5 237
-1361.3 224
-1361.1 225
-1360.9 239
-1360.7 210
-1360.5 229
-1360.3 229
-1360.1 204
-1359.9 251
-1359.7 252
-1359.5 230
-1359.3 252
-1359.1 230
-1358.9 207
-1358.7 211
-1358.5 207
-1358.3 218
-1358.1 223
-1357.9 186
-1357.7 206
-1357.5 215
-1357.3 200
-1357.1 217
-1356.9 226
-1356.7 203
-1356.5 238
-1356.3 206
-1356.1 189
-1355.9 213
-1355.7 181
-1355.5 198
-1355.3 167
-1355.1 209
-1354.9 187
-1354.7 185
-1354.5 183
-1354.3 201
-1354.1 193
-1353.9 167
-1353.7 183
-1353.5 164
-1353.3 168
-1353.1 161
-1352.9 163
-1352.7 178
-1352.5 149
-1352.3 172
-1352.1 172
-1351.9 159
-1351.7 166
-1351.5 170
-1351.3 150
-1351.1 139
-1350.9 168
-1350.7 147
-1350.5 149
-1350.3 140
-1350.1 141
-1349.9 130
-1349.7 139
-1349.5 121
-1349.3 113
-1349.1 123
-1348.9 124
-1348.7 127
-1348.5 140
-1348.3 135
-1348.1 132
-1347.9 136
-1347.7 113
-1347.5 124
-1347.3 121
-1347.1 121
-1346.9 115
-1346.7 113
-1346.5 111
-1346.3 107
-1346.1 100
-1345.9 115
-1345.7 98
-1345.5 105
-1345.3 85
-1345.1 104
-1344.9 111
-1344.7 102
-1344.5 107
-1344.3 96
-1344.1 104
-1343.9 84
-1343.7 85
-1343.5 101
-1343.3 90
-1343.1 87
-1342.9 71
-1342.7 84
-1342.5 70
-1342.3 90
-1342.1 77
-1341.9 86
-1341.7 96
-1341.5 87
-1341.3 74
-1341.1 68
-1340.9 75
-1340.7 73
-1340.5 72
-1340.3 63
-1340.1 63
-1339.9 64
-1339.7 63
-1339.5 60
-1339.3 53
-1339.1 72
-1338.9 58
-1338.7 45
-1338.5 58
-1338.3 52
-1338.1 62
-1337.9 62
-1337.7 71
-1337.5 44
-1337.3 38
-1337.1 48
-1336.9 51
-1336.7 53
-1336.5 45
-1336.3 47
-1336.1 46
-1335.9 50
-1335.7 45
-1335.5 47
-1335.3 34
-1335.1 42
-1334.9 41
-1334.7 45
-1334.5 36
-1334.3 37
-1334.1 35
-1333.9 25
-1333.7 25
-1333.5 42
-1333.3 31
-1333.1 38
-1332.9 24
-1332.7 30
-1332.5 19
-1332.3 31
-1332.1 29
-1331.9 23
-1331.7 31
-1331.5 25
-1331.3 31
-1331.1 27
-1330.9 18
-1330.7 19
-1330.5 24
-1330.3 27
-1330.1 27
-1329.9 24
-1329.7 22
-1329.5 16
-1329.3 20
-1329.1 18
-1328.9 23
-1328.7 19
-1328.5 18
-1328.3 17
-1328.1 16
-1327.9 11
-1327.7 12
-1327.5 16
-1327.3 16
-1327.1 8
-1326.9 10
-1326.7 18
-1326.5 14
-1326.3 15
-1326.1 13
-1325.9 10
-1325.7 8
-1325.5 9
-1325.3 10
-1325.1 14
-1324.9 8
-1324.7 7
-1324.5 10
-1324.3 8
-1324.1 9
-1323.9 12
-1323.7 6
-1323.5 8
-1323.3 4
-1323.1 5
-1322.9 2
-1322.7 2
-1322.5 10
-1322.3 4
-1322.1 9
-1321.9 7
-1321.7 3
-1321.5 5
-1321.3 4
-1321.1 4
-1320.9 6
-1320.7 6
-1320.5 4
-1320.3 2
-1320.1 3
-1319.9 5
-1319.7 2
-1319.5 6
-1319.3 3
-1319.1 5
-1318.9 5
-1318.7 2
-1318.5 4
-1318.3 5
-1318.1 2
-1317.9 8
-1317.7 3
-1317.5 2
-1317.3 4
-1317.1 2
-1316.9 5
-1316.7 5
-1316.5 2
-1316.3 3
-1316.1 10
-1315.9 2
-1315.7 3
-1315.5 1
-1315.3 1
-1315.1 1
-1314.9 1
-1314.7 3
-1314.5 3
-1314.3 3
-1314.1 0
-1313.9 3
-1313.7 3
-1313.5 5
-1313.3 1
-1313.1 3
-1312.9 5
-1312.7 4
-1312.5 3
-1312.3 2
-1312.1 1
-1311.9 2
-1311.7 0
-1311.5 4
-1311.3 4
-1311.1 3
-1310.9 3
-1310.7 2
-1310.5 1
-1310.3 2
-1310.1 3
-1309.9 3
-1309.7 4
-1309.5 3
-1309.3 3
-1309.1 1
-1308.9 3
-1308.7 3
-1308.5 1
-1308.3 1
-1308.1 2
-1307.9 5
-1307.7 1
-1307.5 0
-1307.3 3
-1307.1 4
-1306.9 3
-1306.7 6
-1306.5 3
-1306.3 4
-1306.1 0
-1305.9 6
-1305.7 4
-1305.5 1
-1305.3 5
-1305.1 0
-1304.9 2
-1304.7 2
-1304.5 4
-1304.3 2
-1304.1 1
-1303.9 1
-1303.7 5
-1303.5 2
-1303.3 1
-1303.1 2
-1302.9 2
-1302.7 3
-1302.5 1
-1302.3 3
-1302.1 5
-1301.9 3
-1301.7 1
-1301.5 1
-1301.3 2
-1301.1 5
-1300.9 3
-1300.7 4
-1300.5 2
-1300.3 4
-1300.1 3
