-1589.9 0
-1589.7 0
-1589.5 0
-1589.3 0
-1589.1 0
-1588.9 0
-1588.7 0
-1588.5 0
-1588.3 1
-1588.1 0
-1587.9 0
-1587.7 0
-1587.5 0
-1587.3 1
-1587.1 0
-1586.9 0
-1586.7 1
-1586.5 0
-1586.3 0
-1586.1 0
-1585.9 0
-1585.7 1
-1585.5 0
-1585.3 0
-1585.1 1
-1584.9 0
-1584.7 0
-1584.5 2
-1584.3 0
-1584.1 0
-1583.9 0
-1583.7 0
-1583.5 0
-1583.3 1
-1583.1 0
-1582.9 0
-1582.7 3
-1582.5 1
-1582.3 2
-1582.1 0
-1581.9 1
-1581.7 0
-1581.5 0
-1581.3 0
-1581.1 1
-1580.9 0
-1580.7 0
-1580.5 1
-1580.3 0
-1580.1 0
-1579.9 1
-1579.7 0
-1579.5 0
-1579.3 1
-1579.1 2
-1578.9 0
-1578.7 1
-1578.5 1
-1578.3 0
-1578.1 0
-1577.9 2
-1577.7 1
-1577.5 0
-1577.3 1
-1577.1 1
-1576.9 1
-1576.7 1
-1576.5 1
-1576.3 0
-1576.1 1
-1575.9 0
-1575.7 1
-1575.5 1
-1575.3 0
-1575.1 2
-1574.9 0
-1574.7 0
-1574.5 0
-1574.3 0
-1574.1 0
-1573.9 1
-1573.7 1
-1573.5 3
-1573.3 0
-1573.1 2
-1572.9 0
-1572.7 2
-1572.5 4
-1572.3 1
-1572.1 0
-1571.9 1
-1571.7 0
-1571.5 1
-1571.3 2
-1571.1 0
-1570.9 0
-1570.7 1
-1570.5 1
-1570.3 0
-1570.1 1
-1569.9 0
-1569.7 0
-1569.5 0
-1569.3 0
-1569.1 1
-1568.9 1
-1568.7 0
-1568.5 0
-1568.3 0
-1568.1 0
-1567.9 0
-1567.7 1
-1567.5 1
-1567.3 1
-1567.1 0
-1566.9 1
-1566.7 2
-1566.5 1
-1566.3 2
-1566.1 0
-1565.9 1
-1565.7 1
-1565.5 1
-1565.3 2
-1565.1 0
-1564.9 1
-1564.7 1
-1564.5 2
-1564.3 3
-1564.1 2
-1563.9 0
-1563.7 0
-1563.5 1
-1563.3 4
-1563.1 1
-1562.9 1
-1562.7 0
-1562.5 0
-1562.3 0
-1562.1 1
-1561.9 2
-1561.7 0
-1561.5 0
-1561.3 0
-1561.1 0
-1560.9 1
-1560.7 3
-1560.5 2
-1560.3 2
-1560.1 0
-1559.9 1
-1559.7 2
-1559.5 2
-1559.3 5
-1559.1 2
-1558.9 4
-1558.7 9
-1558.5 14
-1558.3 5
-1558.1 13
-1557.9 11
-1557.7 16
-1557.5 18
-1557.3 22
-1557.1 31
-1556.9 33
-1556.7 28
-1556.5 32
-1556.3 48
-1556.1 52
-1555.9 62
-1555.7 54
-1555.5 78
-1555.3 72
-1555.1 97
-1554.9 113
-1554.7 118
-1554.5 131
-1554.3 112
-1554.1 119
-1553.9 154
-1553.7 163
-1553.5 165
-1553.3 205
-1553.1 207
-1552.9 219
-1552.7 204
-1552.5 229
-1552.3 268
-1552.1 250
-1551.9 268
-1551.7 301
-1551.5 295
-1551.3 272
-1551.1 336
-1550.9 328
-1550.7 349
-1550.5 368
-1550.3 354
-1550.1 367
-1549.9 392
-1549.7 392
-1549.5 401
-1549.3 408
-1549.1 393
-1548.9 375
-1548.7 393
-1548.5 384
-1548.3 391
-1548.1 419
-1547.9 406
-1547.7 390
-1547.5 379
-1547.3 408
-1547.1 411
-1546.9 413
-1546.7 439
-1546.5 439
-1546.3 411
-1546.1 417
-1545.9 432
-1545.7 441
-1545.5 381
-1545.3 379
-1545.1 377
-1544.9 388
-1544.7 390
-1544.5 379
-1544.3 357
-1544.1 360
-1543.9 410
-1543.7 374
-1543.5 344
-1543.3 373
-1543.1 387
-1542.9 397
-1542.7 363
-1542.5 355
-1542.3 369
-1542.1 368
-1541.9 343
-1541.7 370
-1541.5 331
-1541.3 346
-1541.1 384
-1540.9 329
-1540.7 312
-1540.5 322
-1540.3 316
-1540.1 335
-1539.9 303
-1539.7 319
-1539.5 305
-1539.3 320
-1539.1 304
-1538.9 318
-1538.7 317
-1538.5 308
-1538.3 314
-1538.1 286
-1537.9 283
-1537.7 308
-1537.5 280
-1537.3 292
-1537.1 318
-1536.9 302
-1536.7 327
-1536.5 305
-1536.3 294
-1536.1 303
-1535.9 278
-1535.7 274
-1535.5 292
-1535.3 297
-1535.1 263
-1534.9 283
-1534.7 273
-1534.5 271
-1534.3 303
-1534.1 280
-1533.9 304
-1533.7 287
-1533.5 294
-1533.3 290
-1533.1 275
-1532.9 273
-1532.7 280
-1532.5 266
-1532.3 270
-1532.1 265
-1531.9 261
-1531.7 301
-1531.5 268
-1531.3 259
-1531.1 268
-1530.9 273
-1530.7 291
-1530.5 255
-1530.3 266
-1530.1 280
-1529.9 257
-1529.7 291
-1529.5 262
-1529.3 262
-1529.1 283
-1528.9 250
-1528.7 275
-1528.5 287
-1528.3 266
-1528.1 271
-1527.9 231
-1527.7 303
-1527.5 256
-1527.3 264
-1527.1 252
-1526.9 255
-1526.7 242
-1526.5 247
-1526.3 260
-1526.1 236
-1525.9 253
-1525.7 260
-1525.5 260
-1525.3 241
-1525.1 276
-1524.9 265
-1524.7 269
-1524.5 234
-1524.3 246
-1524.1 259
-1523.9 296
-1523.7 265
-1523.5 260
-1523.3 246
-1523.1 248
-1522.9 242
-1522.7 252
-1522.5 239
-1522.3 262
-1522.1 272
-1521.9 271
-1521.7 253
-1521.5 265
-1521.3 268
-1521.1 271
-1520.9 294
-1520.7 267
-1520.5 267
-1520.3 250
-1520.1 244
-1519.9 272
-1519.7 271
-1519.5 241
-1519.3 260
-1519.1 248
-1518.9 258
-1518.7 255
-1518.5 256
-1518.3 289
-1518.1 288
-1517.9 284
-1517.7 279
-1517.5 288
-1517.3 280
-1517.1 256
-1516.9 240
-1516.7 266
-1516.5 250
-1516.3 243
-1516.1 216
-1515.9 233
-1515.7 267
-1515.5 240
-1515.3 264
-1515.1 251
-1514.9 240
-1514.7 221
-1514.5 233
-1514.3 219
-1514.1 248
-1513.9 238
-1513.7 211
-1513.5 206
-1513.3 241
-1513.1 210
-1512.9 223
-1512.7 240
-1512.5 236
-1512.3 236
-1512.1 220
-1511.9 228
-1511.7 213
-1511.5 231
-1511.3 227
-1511.1 224
-1510.9 232
-1510.7 266
-1510.5 244
-1510.3 206
-1510.1 211
-1509.9 231
-1509.7 252
-1509.5 233
-1509.3 235
-1509.1 233
-1508.9 256
-1508.7 226
-1508.5 256
-1508.3 250
-1508.1 208
-1507.9 245
-1507.7 216
-1507.5 238
-1507.3 240
-1507.1 238
-1506.9 234
-1506.7 238
-1506.5 275
-1506.3 239
-1506.1 257
-1505.9 250
-1505.7 274
-1505.5 264
-1505.3 232
-1505.1 236
-1504.9 260
-1504.7 261
-1504.5 248
-1504.3 265
-1504.1 243
-1503.9 252
-1503.7 246
-1503.5 288
-1503.3 212
-1503.1 244
-1502.9 254
-1502.7 253
-1502.5 230
-1502.3 225
-1502.1 239
-1501.9 213
-1501.7 236
-1501.5 242
-1501.3 218
-1501.1 234
-1500.9 239
-1500.7 247
-1500.5 212
-1500.3 235
-1500.1 228
-1499.9 231
-1499.7 230
-1499.5 257
-1499.3 245
-1499.1 231
-1498.9 205
-1498.7 220
-1498.5 207
-1498.3 196
-1498.1 229
-1497.9 204
-1497.7 230
-1497.5 223
-1497.3 233
-1497.1 240
-1496.9 229
-1496.7 245
-1496.5 212
-1496.3 228
-1496.1 220
-1495.9 221
-1495.7 214
-1495.5 227
-1495.3 224
-1495.1 224
-1494.9 233
-1494.7 239
-1494.5 255
-1494.3 214
-1494.1 230
-1493.9 228
-1493.7 238
-1493.5 238
-1493.3 235
-1493.1 237
-1492.9 227
-1492.7 213
-1492.5 257
-1492.3 249
-1492.1 252
-1491.9 221
-1491.7 237
-1491.5 240
-1491.3 219
-1491.1 223
-1490.9 248
-1490.7 226
-1490.5 224
-1490.3 249
-1490.1 229
-1489.9 252
-1489.7 208
-1489.5 208
-1489.3 250
-1489.1 221
-1488.9 189
-1488.7 242
-1488.5 254
-1488.3 243
-1488.1 241
-1487.9 236
-1487.7 257
-1487.5 217
-1487.3 236
-1487.1 241
-1486.9 238
-1486.7 236
-1486.5 243
-1486.3 260
-1486.1 236
-1485.9 223
-1485.7 237
-1485.5 238
-1485.3 214
-1485.1 237
-1484.9 250
-1484.7 243
-1484.5 239
-1484.3 267
-1484.1 262
-1483.9 257
-1483.7 248
-1483.5 242
-1483.3 253
-1483.1 254
-1482.9 253
-1482.7 241
-1482.5 287
-1482.3 236
-1482.1 232
-1481.9 243
-1481.7 223
-1481.5 232
-1481.3 256
-1481.1 247
-1480.9 244
-1480.7 214
-1480.5 246
-1480.3 255
-1480.1 246
-1479.9 254
-1479.7 242
-1479.5 250
-1479.3 225
-1479.1 237
-1478.9 221
-1478.7 228
-1478.5 208
-1478.3 255
-1478.1 248
-1477.9 213
-1477.7 248
-1477.5 219
-1477.3 207
-1477.1 211
-1476.9 218
-1476.7 200
-1476.5 222
-1476.3 215
-1476.1 220
-1475.9 245
-1475.7 199
-1475.5 232
-1475.3 226
-1475.1 240
-1474.9 234
-1474.7 220
-1474.5 227
-1474.3 254
-1474.1 227
-1473.9 221
-1473.7 252
-1473.5 219
-1473.3 233
-1473.1 257
-1472.9 253
-1472.7 262
-1472.5 213
-1472.3 238
-1472.1 220
-1471.9 236
-1471.7 237
-1471.5 240
-1471.3 242
-1471.1 233
-1470.9 246
-1470.7 235
-1470.5 252
-1470.3 231
-1470.1 257
-1469.9 247
-1469.7 227
-1469.5 254
-1469.3 262
-1469.1 234
-1468.9 242
-1468.7 239
-1468.5 257
-1468.3 263
-1468.1 258
-1467.9 250
-1467.7 216
-1467.5 236
-1467.3 247
-1467.1 232
-1466.9 236
-1466.7 247
-1466.5 229
-1466.3 209
-1466.1 238
-1465.9 233
-1465.7 249
-1465.5 245
-1465.3 231
-1465.1 233
-1464.9 260
-1464.7 248
-1464.5 251
-1464.3 233
-1464.1 252
-1463.9 241
-1463.7 254
-1463.5 224
-1463.3 248
-1463.1 221
-1462.9 237
-1462.7 257
-1462.5 225
-1462.3 254
-1462.1 249
-1461.9 236
-1461.7 205
-1461.5 249
-1461.3 234
-1461.1 232
-1460.9 213
-1460.7 232
-1460.5 232
-1460.3 222
-1460.1 222
-1459.9 232
-1459.7 217
-1459.5 219
-1459.3 213
-1459.1 245
-1458.9 200
-1458.7 248
-1458.5 216
-1458.3 199
-1458.1 230
-1457.9 208
-1457.7 212
-1457.5 219
-1457.3 222
-1457.1 230
-1456.9 232
-1456.7 256
-1456.5 224
-1456.3 220
-1456.1 232
-1455.9 235
-1455.7 201
-1455.5 238
-1455.3 242
-1455.1 256
-1454.9 247
-1454.7 231
-1454.5 234
-1454.3 246
-1454.1 228
-1453.9 257
-1453.7 233
-1453.5 254
-1453.3 244
-1453.1 249
-1452.9 236
-1452.7 251
-1452.5 247
-1452.3 243
-1452.1 255
-1451.9 275
-1451.7 248
-1451.5 261
-1451.3 230
-1451.1 252
-1450.9 262
-1450.7 255
-1450.5 240
-1450.3 243
-1450.1 243
-1449.9 249
-1449.7 238
-1449.5 243
-1449.3 257
-1449.1 243
-1448.9 236
-1448.7 269
-1448.5 255
-1448.3 299
-1448.1 238
-1447.9 234
-1447.7 244
-1447.5 252
-1447.3 237
-1447.1 246
-1446.9 272
-1446.7 248
-1446.5 222
-1446.3 231
-1446.1 248
-1445.9 243
-1445.7 245
-1445.5 233
-1445.3 243
-1445.1 256
-1444.9 213
-1444.7 220
-1444.5 252
-1444.3 229
-1444.1 224
-1443.9 241
-1443.7 242
-1443.5 210
-1443.3 225
-1443.1 227
-1442.9 236
-1442.7 213
-1442.5 234
-1442.3 198
-1442.1 232
-1441.9 235
-1441.7 187
-1441.5 201
-1441.3 208
-1441.1 223
-1440.9 230
-1440.7 230
-1440.5 225
-1440.3 253
-1440.1 231
-1439.9 256
-1439.7 232
-1439.5 206
-1439.3 249
-1439.1 222
-1438.9 212
-1438.7 213
-1438.5 206
-1438.3 215
-1438.1 219
-1437.9 229
-1437.7 229
-1437.5 221
-1437.3 223
-1437.1 245
-1436.9 211
-1436.7 253
-1436.5 221
-1436.3 246
-1436.1 232
-1435.9 242
-1435.7 242
-1435.5 216
-1435.3 243
-1435.1 247
-1434.9 238
-1434.7 223
-1434.5 225
-1434.3 243
-1434.1 250
-1433.9 234
-1433.7 289
-1433.5 214
-1433.3 228
-1433.1 231
-1432.9 256
-1432.7 248
-1432.5 256
-1432.3 219
-1432.1 242
-1431.9 231
-1431.7 264
-1431.5 227
-1431.3 234
-1431.1 243
-1430.9 251
-1430.7 283
-1430.5 233
-1430.3 228
-1430.1 235
-1429.9 236
-1429.7 233
-1429.5 237
-1429.3 208
-1429.1 237
-1428.9 248
-1428.7 243
-1428.5 241
-1428.3 223
-1428.1 251
-1427.9 245
-1427.7 227
-1427.5 236
-1427.3 261
-1427.1 228
-1426.9 251
-1426.7 221
-1426.5 256
-1426.3 242
-1426.1 210
-1425.9 194
-1425.7 244
-1425.5 214
-1425.3 237
-1425.1 247
-1424.9 232
-1424.7 213
-1424.5 232
-1424.3 233
-1424.1 240
-1423.9 242
-1423.7 231
-1423.5 227
-1423.3 248
-1423.1 243
-1422.9 250
-1422.7 232
-1422.5 261
-1422.3 238
-1422.1 249
-1421.9 242
-1421.7 232
-1421.5 227
-1421.3 233
-1421.1 233
-1420.9 225
-1420.7 210
-1420.5 221
-1420.3 238
-1420.1 201
-1419.9 245
-1419.7 240
-1419.5 240
-1419.3 223
-1419.1 251
-1418.9 235
-1418.7 243
-1418.5 257
-1418.3 252
-1418.1 224
-1417.9 243
-1417.7 218
-1417.5 225
-1417.3 254
-1417.1 238
-1416.9 234
-1416.7 266
-1416.5 228
-1416.3 265
-1416.1 251
-1415.9 249
-1415.7 237
-1415.5 244
-1415.3 236
-1415.1 237
-1414.9 246
-1414.7 250
-1414.5 257
-1414.3 258
-1414.1 237
-1413.9 259
-1413.7 205
-1413.5 266
-1413.3 234
-1413.1 260
-1412.9 240
-1412.7 263
-1412.5 232
-1412.3 253
-1412.1 251
-1411.9 224
-1411.7 277
-1411.5 279
-1411.3 231
-1411.1 231
-1410.9 241
-1410.7 223
-1410.5 229
-1410.3 222
-1410.1 240
-1409.9 240
-1409.7 212
-1409.5 254
-1409.3 233
-1409.1 258
-1408.9 223
-1408.7 228
-1408.5 258
-1408.3 237
-1408.1 210
-1407.9 269
-1407.7 220
-1407.5 237
-1407.3 227
-1407.1 238
-1406.9 240
-1406.7 207
-1406.5 242
-1406.3 222
-1406.1 197
-1405.9 228
-1405.7 208
-1405.5 245
-1405.3 255
-1405.1 235
-1404.9 218
-1404.7 212
-1404.5 204
-1404.3 235
-1404.1 234
-1403.9 256
-1403.7 230
-1403.5 238
-1403.3 268
-1403.1 243
-1402.9 224
-1402.7 245
-1402.5 224
-1402.3 242
-1402.1 215
-1401.9 255
-1401.7 223
-1401.5 226
-1401.3 250
-1401.1 241
-1400.9 229
-1400.7 220
-1400.5 255
-1400.3 251
-1400.1 232
-1399.9 237
-1399.7 235
-1399.5 237
-1399.3 228
-1399.1 217
-1398.9 219
-1398.7 255
-1398.5 229
-1398.3 259
-1398.1 245
-1397.9 239
-1397.7 240
-1397.5 265
-1397.3 267
-1397.1 217
-1396.9 247
-1396.7 220
-1396.5 232
-1396.3 234
-1396.1 220
-1395.9 231
-1395.7 262
-1395.5 233
-1395.3 246
-1395.1 224
-1394.9 217
-1394.7 242
-1394.5 232
-1394.3 239
-1394.1 221
-1393.9 217
-1393.7 231
-1393.5 245
-1393.3 221
-1393.1 244
-1392.9 223
-1392.7 256
-1392.5 222
-1392.3 234
-1392.1 243
-1391.9 227
-1391.7 201
-1391.5 227
-1391.3 228
-1391.1 238
-1390.9 254
-1390.7 220
-1390.5 219
-1390.3 258
-1390.1 230
-1389.9 224
-1389.7 247
-1389.5 229
-1389.3 206
-1389.1 231
-1388.9 212
-1388.7 233
-1388.5 220
-1388.3 223
-1388.1 226
-1387.9 228
-1387.7 244
-1387.5 244
-1387.3 226
-1387.1 250
-1386.9 244
-1386.7 221
-1386.5 228
-1386.3 225
-1386.1 205
-1385.9 242
-1385.7 201
-1385.5 210
-1385.3 243
-1385.1 229
-1384.9 247
-1384.7 230
-1384.5 233
-1384.3 239
-1384.1 254
-1383.9 228
-1383.7 256
-1383.5 252
-1383.3 215
-1383.1 234
-1382.9 232
-1382.7 231
-1382.5 237
-1382.3 215
-1382.1 235
-1381.9 237
-1381.7 224
-1381.5 236
-1381.3 256
-1381.1 232
-1380.9 225
-1380.7 231
-1380.5 244
-1380.3 255
-1380.1 267
-1379.9 248
-1379.7 246
-1379.5 246
-1379.3 244
-1379.1 237
-1378.9 254
-1378.7 241
-1378.5 231
-1378.3 239
-1378.1 244
-1377.9 262
-1377.7 232
-1377.5 230
-1377.3 249
-1377.1 249
-1376.9 245
-1376.7 255
-1376.5 243
-1376.3 229
-1376.1 214
-1375.9 241
-1375.7 219
-1375.5 228
-1375.3 248
-1375.1 234
-1374.9 214
-1374.7 229
-1374.5 224
-1374.3 260
-1374.1 259
-1373.9 221
-1373.7 227
-1373.5 212
-1373.3 222
-1373.1 198
-1372.9 223
-1372.7 218
-1372.5 238
-1372.3 243
-1372.1 267
-1371.9 241
-1371.7 221
-1371.5 220
-1371.3 212
-1371.1 206
-1370.9 211
-1370.7 244
-1370.5 228
-1370.3 236
-1370.1 201
-1369.9 250
-1369.7 238
-1369.5 222
-1369.3 231
-1369.1 224
-1368.9 257
-1368.7 216
-1368.5 219
-1368.3 219
-1368.1 234
-1367.9 212
-1367.7 216
-1367.5 218
-1367.3 239
-1367.1 212
-1366.9 223
-1366.7 238
-1366.5 258
-1366.3 206
-1366.1 230
-1365.9 224
-1365.7 235
-1365.5 239
-1365.3 210
-1365.1 222
-1364.9 262
-1364.7 224
-1364.5 228
-1364.3 243
-1364.1 225
-1363.9 232
-1363.7 225
-1363.5 237
-1363.3 263
-1363.1 226
-1362.9 236
-1362.7 220
-1362.5 225
-1362.3 236
-1362.1 245
-1361.9 231
-1361.7 223
-1361.5 245
-1361.3 225
-1361.1 228
-1360.9 269
-1360.7 249
-1360.5 256
-1360.3 246
-1360.1 272
-1359.9 307
-1359.7 236
-1359.5 260
-1359.3 244
-1359.1 242
-1358.9 242
-1358.7 256
-1358.5 230
-1358.3 222
-1358.1 232
-1357.9 254
-1357.7 240
-1357.5 229
-1357.3 208
-1357.1 246
-1356.9 243
-1356.7 210
-1356.5 251
-1356.3 261
-1356.1 230
-1355.9 235
-1355.7 239
-1355.5 237
-1355.3 234
-1355.1 276
-1354.9 215
-1354.7 244
-1354.5 231
-1354.3 209
-1354.1 245
-1353.9 216
-1353.7 222
-1353.5 230
-1353.3 243
-1353.1 205
-1352.9 249
-1352.7 223
-1352.5 225
-1352.3 236
-1352.1 224
-1351.9 245
-1351.7 209
-1351.5 211
-1351.3 239
-1351.1 239
-1350.9 235
-1350.7 263
-1350.5 239
-1350.3 237
-1350.1 207
-1349.9 219
-1349.7 202
-1349.5 214
-1349.3 229
-1349.1 245
-1348.9 242
-1348.7 238
-1348.5 227
-1348.3 222
-1348.1 203
-1347.9 212
-1347.7 215
-1347.5 232
-1347.3 203
-1347.1 216
-1346.9 206
-1346.7 221
-1346.5 237
-1346.3 238
-1346.1 221
-1345.9 251
-1345.7 212
-1345.5 215
-1345.3 236
-1345.1 211
-1344.9 220
-1344.7 206
-1344.5 218
-1344.3 179
-1344.1 215
-1343.9 218
-1343.7 197
-1343.5 205
-1343.3 237
-1343.1 197
-1342.9 192
-1342.7 192
-1342.5 214
-1342.3 189
-1342.1 198
-1341.9 202
-1341.7 195
-1341.5 188
-1341.3 186
-1341.1 178
-1340.9 177
-1340.7 168
-1340.5 202
-1340.3 162
-1340.1 187
-1339.9 183
-1339.7 153
-1339.5 169
-1339.3 165
-1339.1 170
-1338.9 188
-1338.7 151
-1338.5 170
-1338.3 156
-1338.1 161
-1337.9 159
-1337.7 144
-1337.5 171
-1337.3 145
-1337.1 157
-1336.9 161
-1336.7 151
-1336.5 146
-1336.3 153
-1336.1 124
-1335.9 143
-1335.7 129
-1335.5 125
-1335.3 146
-1335.1 149
-1334.9 134
-1334.7 131
-1334.5 126
-1334.3 116
-1334.1 129
-1333.9 110
-1333.7 112
-1333.5 132
-1333.3 123
-1333.1 113
-1332.9 120
-1332.7 99
-1332.5 123
-1332.3 111
-1332.1 92
-1331.9 131
-1331.7 90
-1331.5 102
-1331.3 88
-1331.1 93
-1330.9 119
-1330.7 100
-1330.5 97
-1330.3 100
-1330.1 80
-1329.9 80
-1329.7 91
-1329.5 94
-1329.3 89
-1329.1 81
-1328.9 103
-1328.7 85
-1328.5 89
-1328.3 99
-1328.1 85
-1327.9 71
-1327.7 76
-1327.5 73
-1327.3 78
-1327.1 60
-1326.9 84
-1326.7 82
-1326.5 65
-1326.3 74
-1326.1 61
-1325.9 75
-1325.7 67
-1325.5 64
-1325.3 64
-1325.1 59
-1324.9 58
-1324.7 71
-1324.5 63
-1324.3 64
-1324.1 59
-1323.9 72
-1323.7 58
-1323.5 66
-1323.3 57
-1323.1 60
-1322.9 54
-1322.7 53
-1322.5 57
-1322.3 65
-1322.1 53
-1321.9 45
-1321.7 47
-1321.5 71
-1321.3 49
-1321.1 46
-1320.9 42
-1320.7 44
-1320.5 34
-1320.3 57
-1320.1 43
-1319.9 41
-1319.7 41
-1319.5 43
-1319.3 35
-1319.1 47
-1318.9 35
-1318.7 40
-1318.5 40
-1318.3 31
-1318.1 39
-1317.9 43
-1317.7 32
-1317.5 33
-1317.3 24
-1317.1 44
-1316.9 34
-1316.7 26
-1316.5 31
-1316.3 24
-1316.1 37
-1315.9 20
-1315.7 25
-1315.5 26
-1315.3 36
-1315.1 19
-1314.9 20
-1314.7 24
-1314.5 18
-1314.3 19
-1314.1 19
-1313.9 13
-1313.7 20
-1313.5 18
-1313.3 15
-1313.1 11
-1312.9 10
-1312.7 13
-1312.5 11
-1312.3 15
-1312.1 13
-1311.9 12
-1311.7 12
-1311.5 15
-1311.3 11
-1311.1 13
-1310.9 13
-1310.7 12
-1310.5 11
-1310.3 5
-1310.1 10
-1309.9 7
-1309.7 9
-1309.5 6
-1309.3 7
-1309.1 9
-1308.9 10
-1308.7 8
-1308.5 3
-1308.3 4
-1308.1 6
-1307.9 9
-1307.7 9
-1307.5 4
-1307.3 5
-1307.1 5
-1306.9 4
-1306.7 4
-1306.5 5
-1306.3 4
-1306.1 4
-1305.9 5
-1305.7 3
-1305.5 11
-1305.3 4
-1305.1 5
-1304.9 6
-1304.7 3
-1304.5 7
-1304.3 1
-1304.1 1
-1303.9 3
-1303.7 6
-1303.5 2
-1303.3 7
-1303.1 3
-1302.9 7
-1302.7 2
-1302.5 3
-1302.3 0
-1302.1 3
-1301.9 6
-1301.7 3
-1301.5 5
-1301.3 2
-1301.1 3
-1300.9 3
-1300.7 2
-1300.5 1
-1300.3 3
-1300.1 3
