-1589.9 0
-1589.7 2
-1589.5 2
-1589.3 0
-1589.1 3
-1588.9 2
-1588.7 0
-1588.5 1
-1588.3 0
-1588.1 1
-1587.9 2
-1587.7 1
-1587.5 2
-1587.3 0
-1587.1 1
-1586.9 0
-1586.7 2
-1586.5 1
-1586.3 2
-1586.1 3
-1585.9 2
-1585.7 0
-1585.5 1
-1585.3 0
-1585.1 0
-1584.9 1
-1584.7 1
-1584.5 0
-1584.3 0
-1584.1 0
-1583.9 2
-1583.7 1
-1583.5 2
-1583.3 3
-1583.1 1
-1582.9 1
-1582.7 1
-1582.5 0
-1582.3 1
-1582.1 0
-1581.9 2
-1581.7 1
-1581.5 2
-1581.3 0
-1581.1 2
-1580.9 2
-1580.7 1
-1580.5 2
-1580.3 2
-1580.1 2
-1579.9 2
-1579.7 1
-1579.5 3
-1579.3 3
-1579.1 1
-1578.9 0
-1578.7 1
-1578.5 3
-1578.3 0
-1578.1 1
-1577.9 0
-1577.7 2
-1577.5 3
-1577.3 3
-1577.1 0
-1576.9 5
-1576.7 2
-1576.5 0
-1576.3 1
-1576.1 2
-1575.9 2
-1575.7 1
-1575.5 2
-1575.3 2
-1575.1 1
-1574.9 3
-1574.7 2
-1574.5 2
-1574.3 2
-1574.1 5
-1573.9 4
-1573.7 5
-1573.5 1
-1573.3 8
-1573.1 8
-1572.9 5
-1572.7 5
-1572.5 11
-1572.3 7
-1572.1 6
-1571.9 15
-1571.7 17
-1571.5 13
-1571.3 16
-1571.1 20
-1570.9 26
-1570.7 28
-1570.5 35
-1570.3 32
-1570.1 31
-1569.9 30
-1569.7 45
-1569.5 53
-1569.3 60
-1569.1 52
-1568.9 50
-1568.7 59
-1568.5 63
-1568.3 74
-1568.1 94
-1567.9 80
-1567.7 113
-1567.5 96
-1567.3 94
-1567.1 130
-1566.9 131
-1566.7 131
-1566.5 157
-1566.3 170
-1566.1 153
-1565.9 144
-1565.7 161
-1565.5 178
-1565.3 196
-1565.1 225
-1564.9 201
-1564.7 234
-1564.5 217
-1564.3 249
-1564.1 254
-1563.9 247
-1563.7 252
-1563.5 274
-1563.3 313
-1563.1 298
-1562.9 308
-1562.7 296
-1562.5 322
-1562.3 323
-1562.1 345
-1561.9 338
-1561.7 362
-1561.5 344
-1561.3 354
-1561.1 353
-1560.9 370
-1560.7 385
-1560.5 375
-1560.3 374
-1560.1 388
-1559.9 380
-1559.7 365
-1559.5 398
-1559.3 380
-1559.1 363
-1558.9 395
-1558.7 411
-1558.5 367
-1558.3 395
-1558.1 400
-1557.9 432
-1557.7 414
-1557.5 431
-1557.3 416
-1557.1 376
-1556.9 389
-1556.7 376
-1556.5 399
-1556.3 388
-1556.1 387
-1555.9 387
-1555.7 392
-1555.5 370
-1555.3 356
-1555.1 406
-1554.9 339
-1554.7 382
-1554.5 346
-1554.3 410
-1554.1 315
-1553.9 354
-1553.7 369
-1553.5 358
-1553.3 328
-1553.1 375
-1552.9 336
-1552.7 360
-1552.5 347
-1552.3 346
-1552.1 324
-1551.9 361
-1551.7 342
-1551.5 306
-1551.3 277
-1551.1 311
-1550.9 313
-1550.7 344
-1550.5 311
-1550.3 339
-1550.1 293
-1549.9 340
-1549.7 318
-1549.5 304
-1549.3 312
-1549.1 305
-1548.9 332
-1548.7 281
-1548.5 277
-1548.3 311
-1548.1 304
-1547.9 311
-1547.7 314
-1547.5 299
-1547.3 307
-1547.1 302
-1546.9 291
-1546.7 322
-1546.5 288
-1546.3 291
-1546.1 305
-1545.9 313
-1545.7 267
-1545.5 287
-1545.3 298
-1545.1 326
-1544.9 275
-1544.7 279
-1544.5 312
-1544.3 247
-1544.1 280
-1543.9 308
-1543.7 277
-1543.5 296
-1543.3 250
-1543.1 310
-1542.9 275
-1542.7 288
-1542.5 293
-1542.3 251
-1542.1 267
-1541.9 262
-1541.7 281
-1541.5 254
-1541.3 271
-1541.1 276
-1540.9 275
-1540.7 261
-1540.5 289
-1540.3 290
-1540.1 269
-1539.9 286
-1539.7 278
-1539.5 268
-1539.3 272
-1539.1 232
-1538.9 262
-1538.7 249
-1538.5 247
-1538.3 263
-1538.1 285
-1537.9 265
-1537.7 268
-1537.5 287
-1537.3 277
-1537.1 273
-1536.9 292
-1536.7 309
-1536.5 250
-1536.3 264
-1536.1 267
-1535.9 260
-1535.7 287
-1535.5 262
-1535.3 262
-1535.1 250
-1534.9 262
-1534.7 278
-1534.5 265
-1534.3 247
-1534.1 273
-1533.9 249
-1533.7 252
-1533.5 242
-1533.3 268
-1533.1 258
-1532.9 256
-1532.7 280
-1532.5 253
-1532.3 274
-1532.1 253
-1531.9 285
-1531.7 269
-1531.5 251
-1531.3 255
-1531.1 268
-1530.9 266
-1530.7 231
-1530.5 269
-1530.3 229
-1530.1 236
-1529.9 257
-1529.7 227
-1529.5 240
-1529.3 224
-1529.1 256
-1528.9 272
-1528.7 243
-1528.5 256
-1528.3 254
-1528.1 254
-1527.9 228
-1527.7 243
-1527.5 257
-1527.3 264
-1527.1 253
-1526.9 275
-1526.7 237
-1526.5 252
-1526.3 234
-1526.1 239
-1525.9 254
-1525.7 266
-1525.5 249
-1525.3 264
-1525.1 248
-1524.9 260
-1524.7 271
-1524.5 259
-1524.3 235
-1524.1 272
-1523.9 253
-1523.7 254
-1523.5 199
-1523.3 237
-1523.1 248
-1522.9 231
-1522.7 258
-1522.5 234
-1522.3 235
-1522.1 265
-1521.9 256
-1521.7 225
-1521.5 243
-1521.3 265
-1521.1 253
-1520.9 236
-1520.7 231
-1520.5 208
-1520.3 211
-1520.1 244
-1519.9 240
-1519.7 240
-1519.5 227
-1519.3 238
-1519.1 252
-1518.9 240
-1518.7 257
-1518.5 252
-1518.3 222
-1518.1 228
-1517.9 242
-1517.7 247
-1517.5 245
-1517.3 248
-1517.1 227
-1516.9 240
-1516.7 233
-1516.5 254
-1516.3 244
-1516.1 243
-1515.9 235
-1515.7 248
-1515.5 260
-1515.3 227
-1515.1 247
-1514.9 209
-1514.7 278
-1514.5 239
-1514.3 221
-1514.1 268
-1513.9 252
-1513.7 246
-1513.5 241
-1513.3 245
-1513.1 244
-1512.9 224
-1512.7 226
-1512.5 243
-1512.3 296
-1512.1 228
-1511.9 235
-1511.7 275
-1511.5 266
-1511.3 265
-1511.1 231
-1510.9 270
-1510.7 257
-1510.5 248
-1510.3 266
-1510.1 236
-1509.9 234
-1509.7 257
-1509.5 239
-1509.3 238
-1509.1 239
-1508.9 248
-1508.7 243
-1508.5 251
-1508.3 213
-1508.1 230
-1507.9 216
-1507.7 249
-1507.5 226
-1507.3 215
-1507.1 239
-1506.9 267
-1506.7 248
-1506.5 248
-1506.3 267
-1506.1 216
-1505.9 223
-1505.7 236
-1505.5 241
-1505.3 243
-1505.1 252
-1504.9 260
-1504.7 228
-1504.5 230
-1504.3 236
-1504.1 228
-1503.9 271
-1503.7 243
-1503.5 249
-1503.3 240
-1503.1 227
-1502.9 250
-1502.7 232
-1502.5 245
-1502.3 235
-1502.1 251
-1501.9 256
-1501.7 251
-1501.5 258
-1501.3 232
-1501.1 224
-1500.9 231
-1500.7 251
-1500.5 262
-1500.3 259
-1500.1 253
-1499.9 254
-1499.7 264
-1499.5 255
-1499.3 251
-1499.1 255
-1498.9 248
-1498.7 291
-1498.5 229
-1498.3 259
-1498.1 234
-1497.9 254
-1497.7 241
-1497.5 246
-1497.3 263
-1497.1 250
-1496.9 237
-1496.7 252
-1496.5 244
-1496.3 235
-1496.1 244
-1495.9 241
-1495.7 228
-1495.5 236
-1495.3 213
-1495.1 224
-1494.9 241
-1494.7 231
-1494.5 215
-1494.3 247
-1494.1 232
-1493.9 216
-1493.7 248
-1493.5 254
-1493.3 250
-1493.1 233
-1492.9 238
-1492.7 230
-1492.5 240
-1492.3 237
-1492.1 273
-1491.9 243
-1491.7 227
-1491.5 256
-1491.3 240
-1491.1 234
-1490.9 233
-1490.7 246
-1490.5 240
-1490.3 247
-1490.1 238
-1489.9 249
-1489.7 233
-1489.5 208
-1489.3 236
-1489.1 256
-1488.9 251
-1488.7 260
-1488.5 242
-1488.3 206
-1488.1 210
-1487.9 238
-1487.7 221
-1487.5 234
-1487.3 267
-1487.1 242
-1486.9 240
-1486.7 243
-1486.5 252
-1486.3 201
-1486.1 265
-1485.9 250
-1485.7 250
-1485.5 301
-1485.3 247
-1485.1 268
-1484.9 278
-1484.7 254
-1484.5 246
-1484.3 239
-1484.1 224
-1483.9 276
-1483.7 246
-1483.5 237
-1483.3 231
-1483.1 247
-1482.9 229
-1482.7 246
-1482.5 233
-1482.3 256
-1482.1 240
-1481.9 221
-1481.7 240
-1481.5 260
-1481.3 246
-1481.1 246
-1480.9 232
-1480.7 216
-1480.5 243
-1480.3 223
-1480.1 219
-1479.9 230
-1479.7 248
-1479.5 267
-1479.3 264
-1479.1 240
-1478.9 250
-1478.7 211
-1478.5 249
-1478.3 233
-1478.1 227
-1477.9 227
-1477.7 249
-1477.5 230
-1477.3 215
-1477.1 226
-1476.9 260
-1476.7 230
-1476.5 230
-1476.3 245
-1476.1 240
-1475.9 296
-1475.7 244
-1475.5 251
-1475.3 237
-1475.1 211
-1474.9 247
-1474.7 239
-1474.5 247
-1474.3 227
-1474.1 225
-1473.9 222
-1473.7 242
-1473.5 235
-1473.3 230
-1473.1 258
-1472.9 242
-1472.7 224
-1472.5 264
-1472.3 226
-1472.1 231
-1471.9 254
-1471.7 236
-1471.5 214
-1471.3 248
-1471.1 256
-1470.9 250
-1470.7 217
-1470.5 265
-1470.3 247
-1470.1 259
-1469.9 284
-1469.7 223
-1469.5 224
-1469.3 230
-1469.1 250
-1468.9 228
-1468.7 243
-1468.5 256
-1468.3 248
-1468.1 263
-1467.9 236
-1467.7 251
-1467.5 246
-1467.3 229
-1467.1 220
-1466.9 247
-1466.7 210
-1466.5 239
-1466.3 259
-1466.1 259
-1465.9 228
-1465.7 256
-1465.5 246
-1465.3 245
-1465.1 230
-1464.9 241
-1464.7 231
-1464.5 263
-1464.3 241
-1464.1 218
-1463.9 246
-1463.7 236
-1463.5 219
-1463.3 258
-1463.1 209
-1462.9 221
-1462.7 246
-1462.5 220
-1462.3 226
-1462.1 218
-1461.9 237
-1461.7 227
-1461.5 244
-1461.3 265
-1461.1 249
-1460.9 233
-1460.7 243
-1460.5 235
-1460.3 256
-1460.1 238
-1459.9 241
-1459.7 236
-1459.5 230
-1459.3 243
-1459.1 246
-1458.9 260
-1458.7 249
-1458.5 211
-1458.3 241
-1458.1 234
-1457.9 247
-1457.7 232
-1457.5 216
-1457.3 246
-1457.1 247
-1456.9 241
-1456.7 235
-1456.5 238
-1456.3 243
-1456.1 240
-1455.9 225
-1455.7 246
-1455.5 230
-1455.3 246
-1455.1 220
-1454.9 237
-1454.7 249
-1454.5 238
-1454.3 256
-1454.1 221
-1453.9 269
-1453.7 233
-1453.5 220
-1453.3 260
-1453.1 256
-1452.9 267
-1452.7 286
-1452.5 241
-1452.3 278
-1452.1 230
-1451.9 245
-1451.7 232
-1451.5 241
-1451.3 259
-1451.1 252
-1450.9 233
-1450.7 219
-1450.5 240
-1450.3 240
-1450.1 243
-1449.9 238
-1449.7 283
-1449.5 264
-1449.3 238
-1449.1 261
-1448.9 244
-1448.7 229
-1448.5 248
-1448.3 259
-1448.1 246
-1447.9 242
-1447.7 246
-1447.5 240
-1447.3 238
-1447.1 267
-1446.9 224
-1446.7 240
-1446.5 234
-1446.3 239
-1446.1 233
-1445.9 251
-1445.7 255
-1445.5 214
-1445.3 213
-1445.1 237
-1444.9 215
-1444.7 265
-1444.5 224
-1444.3 245
-1444.1 215
-1443.9 258
-1443.7 236
-1443.5 215
-1443.3 267
-1443.1 250
-1442.9 241
-1442.7 237
-1442.5 234
-1442.3 221
-1442.1 240
-1441.9 231
-1441.7 241
-1441.5 241
-1441.3 232
-1441.1 230
-1440.9 228
-1440.7 219
-1440.5 256
-1440.3 280
-1440.1 215
-1439.9 221
-1439.7 260
-1439.5 245
-1439.3 228
-1439.1 236
-1438.9 222
-1438.7 238
-1438.5 249
-1438.3 239
-1438.1 247
-1437.9 262
-1437.7 253
-1437.5 238
-1437.3 231
-1437.1 250
-1436.9 254
-1436.7 246
-1436.5 226
-1436.3 246
-1436.1 240
-1435.9 238
-1435.7 262
-1435.5 252
-1435.3 242
-1435.1 262
-1434.9 229
-1434.7 261
-1434.5 276
-1434.3 221
-1434.1 242
-1433.9 242
-1433.7 219
-1433.5 208
-1433.3 237
-1433.1 259
-1432.9 226
-1432.7 223
-1432.5 227
-1432.3 253
-1432.1 246
-1431.9 247
-1431.7 229
-1431.5 250
-1431.3 254
-1431.1 233
-1430.9 252
-1430.7 250
-1430.5 241
-1430.3 237
-1430.1 232
-1429.9 284
-1429.7 250
-1429.5 236
-1429.3 259
-1429.1 205
-1428.9 243
-1428.7 255
-1428.5 265
-1428.3 223
-1428.1 243
-1427.9 239
-1427.7 252
-1427.5 251
-1427.3 282
-1427.1 232
-1426.9 214
-1426.7 251
-1426.5 243
-1426.3 207
-1426.1 249
-1425.9 230
-1425.7 223
-1425.5 252
-1425.3 259
-1425.1 257
-1424.9 252
-1424.7 240
-1424.5 234
-1424.3 220
-1424.1 239
-1423.9 247
-1423.7 237
-1423.5 249
-1423.3 229
-1423.1 261
-1422.9 269
-1422.7 252
-1422.5 235
-1422.3 233
-1422.1 239
-1421.9 242
-1421.7 249
-1421.5 225
-1421.3 258
-1421.1 226
-1420.9 251
-1420.7 269
-1420.5 230
-1420.3 252
-1420.1 260
-1419.9 222
-1419.7 226
-1419.5 247
-1419.3 235
-1419.1 235
-1418.9 238
-1418.7 267
-1418.5 221
-1418.3 214
-1418.1 247
-1417.9 259
-1417.7 242
-1417.5 251
-1417.3 243
-1417.1 269
-1416.9 258
-1416.7 247
-1416.5 257
-1416.3 241
-1416.1 231
-1415.9 235
-1415.7 226
-1415.5 279
-1415.3 253
-1415.1 238
-1414.9 229
-1414.7 241
-1414.5 249
-1414.3 230
-1414.1 214
-1413.9 253
-1413.7 207
-1413.5 271
-1413.3 280
-1413.1 214
-1412.9 229
-1412.7 220
-1412.5 209
-1412.3 225
-1412.1 226
-1411.9 235
-1411.7 232
-1411.5 246
-1411.3 242
-1411.1 233
-1410.9 224
-1410.7 236
-1410.5 229
-1410.3 250
-1410.1 243
-1409.9 258
-1409.7 205
-1409.5 246
-1409.3 224
-1409.1 231
-1408.9 257
-1408.7 204
-1408.5 208
-1408.3 250
-1408.1 238
-1407.9 245
-1407.7 229
-1407.5 222
-1407.3 236
-1407.1 226
-1406.9 236
-1406.7 207
-1406.5 234
-1406.3 234
-1406.1 244
-1405.9 242
-1405.7 212
-1405.5 252
-1405.3 255
-1405.1 231
-1404.9 246
-1404.7 235
-1404.5 263
-1404.3 237
-1404.1 245
-1403.9 210
-1403.7 209
-1403.5 216
-1403.3 248
-1403.1 254
-1402.9 252
-1402.7 229
-1402.5 230
-1402.3 252
-1402.1 209
-1401.9 245
-1401.7 253
-1401.5 244
-1401.3 241
-1401.1 277
-1400.9 223
-1400.7 224
-1400.5 246
-1400.3 209
-1400.1 247
-1399.9 225
-1399.7 230
-1399.5 231
-1399.3 232
-1399.1 234
-1398.9 225
-1398.7 243
-1398.5 239
-1398.3 227
-1398.1 244
-1397.9 201
-1397.7 251
-1397.5 226
-1397.3 263
-1397.1 223
-1396.9 252
-1396.7 224
-1396.5 239
-1396.3 215
-1396.1 241
-1395.9 243
-1395.7 223
-1395.5 235
-1395.3 245
-1395.1 231
-1394.9 243
-1394.7 250
-1394.5 217
-1394.3 234
-1394.1 266
-1393.9 224
-1393.7 249
-1393.5 235
-1393.3 253
-1393.1 238
-1392.9 256
-1392.7 242
-1392.5 230
-1392.3 248
-1392.1 229
-1391.9 248
-1391.7 252
-1391.5 240
-1391.3 268
-1391.1 234
-1390.9 216
-1390.7 237
-1390.5 265
-1390.3 225
-1390.1 236
-1389.9 240
-1389.7 216
-1389.5 249
-1389.3 241
-1389.1 217
-1388.9 240
-1388.7 253
-1388.5 239
-1388.3 242
-1388.1 252
-1387.9 242
-1387.7 223
-1387.5 232
-1387.3 260
-1387.1 250
-1386.9 245
-1386.7 242
-1386.5 264
-1386.3 226
-1386.1 274
-1385.9 227
-1385.7 252
-1385.5 223
-1385.3 228
-1385.1 231
-1384.9 206
-1384.7 277
-1384.5 258
-1384.3 239
-1384.1 224
-1383.9 235
-1383.7 255
-1383.5 232
-1383.3 238
-1383.1 236
-1382.9 242
-1382.7 244
-1382.5 221
-1382.3 237
-1382.1 248
-1381.9 237
-1381.7 239
-1381.5 268
-1381.3 215
-1381.1 219
-1380.9 220
-1380.7 224
-1380.5 236
-1380.3 253
-1380.1 243
-1379.9 253
-1379.7 243
-1379.5 233
-1379.3 247
-1379.1 224
-1378.9 249
-1378.7 242
-1378.5 189
-1378.3 237
-1378.1 248
-1377.9 240
-1377.7 243
-1377.5 248
-1377.3 244
-1377.1 236
-1376.9 251
-1376.7 272
-1376.5 236
-1376.3 241
-1376.1 249
-1375.9 224
-1375.7 229
-1375.5 230
-1375.3 218
-1375.1 211
-1374.9 242
-1374.7 216
-1374.5 224
-1374.3 255
-1374.1 255
-1373.9 240
-1373.7 240
-1373.5 236
-1373.3 202
-1373.1 235
-1372.9 202
-1372.7 251
-1372.5 262
-1372.3 230
-1372.1 246
-1371.9 259
-1371.7 222
-1371.5 263
-1371.3 262
-1371.1 242
-1370.9 212
-1370.7 224
-1370.5 230
-1370.3 229
-1370.1 262
-1369.9 258
-1369.7 247
-1369.5 256
-1369.3 226
-1369.1 242
-1368.9 215
-1368.7 275
-1368.5 252
-1368.3 233
-1368.1 207
-1367.9 263
-1367.7 254
-1367.5 226
-1367.3 249
-1367.1 237
-1366.9 206
-1366.7 205
-1366.5 259
-1366.3 262
-1366.1 191
-1365.9 228
-1365.7 219
-1365.5 270
-1365.3 240
-1365.1 255
-1364.9 223
-1364.7 233
-1364.5 239
-1364.3 217
-1364.1 214
-1363.9 245
-1363.7 230
-1363.5 236
-1363.3 224
-1363.1 224
-1362.9 268
-1362.7 235
-1362.5 222
-1362.3 247
-1362.1 228
-1361.9 223
-1361.7 224
-1361.5 228
-1361.3 225
-1361.1 233
-1360.9 233
-1360.7 210
-1360.5 214
-1360.3 248
-1360.1 220
-1359.9 225
-1359.7 216
-1359.5 230
-1359.3 220
-1359.1 199
-1358.9 210
-1358.7 215
-1358.5 220
-1358.3 200
-1358.1 197
-1357.9 203
-1357.7 211
-1357.5 207
-1357.3 183
-1357.1 188
-1356.9 201
-1356.7 197
-1356.5 214
-1356.3 192
-1356.1 207
-1355.9 214
-1355.7 193
-1355.5 179
-1355.3 171
-1355.1 177
-1354.9 174
-1354.7 165
-1354.5 190
-1354.3 165
-1354.1 173
-1353.9 171
-1353.7 174
-1353.5 176
-1353.3 166
-1353.1 155
-1352.9 170
-1352.7 158
-1352.5 171
-1352.3 152
-1352.1 180
-1351.9 145
-1351.7 153
-1351.5 123
-1351.3 151
-1351.1 159
-1350.9 151
-1350.7 139
-1350.5 140
-1350.3 151
-1350.1 131
-1349.9 133
-1349.7 138
-1349.5 123
-1349.3 117
-1349.1 112
-1348.9 128
-1348.7 121
-1348.5 142
-1348.3 114
-1348.1 123
-1347.9 117
-1347.7 130
-1347.5 128
-1347.3 121
-1347.1 114
-1346.9 128
-1346.7 107
-1346.5 116
-1346.3 121
-1346.1 114
-1345.9 114
-1345.7 106
-1345.5 92
-1345.3 99
-1345.1 86
-1344.9 117
-1344.7 92
-1344.5 111
-1344.3 92
-1344.1 88
-1343.9 94
-1343.7 66
-1343.5 87
-1343.3 71
-1343.1 86
-1342.9 74
-1342.7 70
-1342.5 86
-1342.3 87
-1342.1 76
-1341.9 78
-1341.7 79
-1341.5 88
-1341.3 71
-1341.1 77
-1340.9 70
-1340.7 67
-1340.5 65
-1340.3 64
-1340.1 74
-1339.9 68
-1339.7 61
-1339.5 65
-1339.3 64
-1339.1 60
-1338.9 69
-1338.7 51
-1338.5 50
-1338.3 52
-1338.1 54
-1337.9 53
-1337.7 56
-1337.5 47
-1337.3 48
-1337.1 55
-1336.9 44
-1336.7 50
-1336.5 49
-1336.3 48
-1336.1 55
-1335.9 41
-1335.7 37
-1335.5 41
-1335.3 41
-1335.1 38
-1334.9 56
-1334.7 37
-1334.5 28
-1334.3 38
-1334.1 33
-1333.9 29
-1333.7 41
-1333.5 33
-1333.3 31
-1333.1 29
-1332.9 25
-1332.7 29
-1332.5 33
-1332.3 39
-1332.1 34
-1331.9 20
-1331.7 17
-1331.5 23
-1331.3 28
-1331.1 34
-1330.9 19
-1330.7 16
-1330.5 25
-1330.3 29
-1330.1 22
-1329.9 21
-1329.7 26
-1329.5 16
-1329.3 14
-1329.1 16
-1328.9 18
-1328.7 14
-1328.5 21
-1328.3 14
-1328.1 13
-1327.9 15
-1327.7 14
-1327.5 19
-1327.3 15
-1327.1 14
-1326.9 10
-1326.7 16
-1326.5 19
-1326.3 13
-1326.1 6
-1325.9 14
-1325.7 14
-1325.5 6
-1325.3 6
-1325.1 6
-1324.9 12
-1324.7 10
-1324.5 13
-1324.3 10
-1324.1 11
-1323.9 9
-1323.7 7
-1323.5 7
-1323.3 16
-1323.1 4
-1322.9 8
-1322.7 8
-1322.5 4
-1322.3 7
-1322.1 6
-1321.9 6
-1321.7 10
-1321.5 6
-1321.3 12
-1321.1 4
-1320.9 3
-1320.7 6
-1320.5 9
-1320.3 6
-1320.1 8
-1319.9 8
-1319.7 8
-1319.5 4
-1319.3 7
-1319.1 5
-1318.9 4
-1318.7 2
-1318.5 3
-1318.3 4
-1318.1 3
-1317.9 0
-1317.7 2
-1317.5 3
-1317.3 3
-1317.1 2
-1316.9 7
-1316.7 4
-1316.5 3
-1316.3 2
-1316.1 3
-1315.9 2
-1315.7 6
-1315.5 6
-1315.3 4
-1315.1 1
-1314.9 0
-1314.7 0
-1314.5 1
-1314.3 3
-1314.1 5
-1313.9 3
-1313.7 8
-1313.5 4
-1313.3 1
-1313.1 1
-1312.9 3
-1312.7 4
-1312.5 3
-1312.3 1
-1312.1 4
-1311.9 2
-1311.7 1
-1311.5 1
-1311.3 2
-1311.1 4
-1310.9 1
-1310.7 1
-1310.5 5
-1310.3 1
-1310.1 0
-1309.9 4
-1309.7 2
-1309.5 3
-1309.3 3
-1309.1 7
-1308.9 2
-1308.7 1
-1308.5 3
-1308.3 0
-1308.1 5
-1307.9 2
-1307.7 3
-1307.5 2
-1307.3 2
-1307.1 4
-1306.9 3
-1306.7 3
-1306.5 4
-1306.3 4
-1306.1 0
-1305.9 3
-1305.7 2
-1305.5 5
-1305.3 3
-1305.1 2
-1304.9 3
-1304.7 4
-1304.5 2
-1304.3 4
-1304.1 5
-1303.9 5
-1303.7 4
-1303.5 2
-1303.3 7
-1303.1 3
-1302.9 1
-1302.7 2
-1302.5 1
-1302.3 1
-1302.1 3
-1301.9 4
-1301.7 6
-1301.5 4
-1301.3 3
-1301.1 1
-1300.9 1
-1300.7 3
-1300.5 4
-1300.3 2
-1300.1 3
