-1589.9 0
-1589.7 2
-1589.5 3
-1589.3 1
-1589.1 1
-1588.9 3
-1588.7 1
-1588.5 2
-1588.3 3
-1588.1 2
-1587.9 1
-1587.7 1
-1587.5 0
-1587.3 2
-1587.1 1
-1586.9 0
-1586.7 1
-1586.5 0
-1586.3 3
-1586.1 0
-1585.9 1
-1585.7 1
-1585.5 2
-1585.3 2
-1585.1 0
-1584.9 2
-1584.7 2
-1584.5 1
-1584.3 3
-1584.1 0
-1583.9 2
-1583.7 0
-1583.5 0
-1583.3 1
-1583.1 1
-1582.9 2
-1582.7 2
-1582.5 2
-1582.3 0
-1582.1 1
-1581.9 1
-1581.7 1
-1581.5 1
-1581.3 2
-1581.1 1
-1580.9 0
-1580.7 0
-1580.5 0
-1580.3 4
-1580.1 2
-1579.9 1
-1579.7 1
-1579.5 2
-1579.3 4
-1579.1 3
-1578.9 3
-1578.7 1
-1578.5 2
-1578.3 2
-1578.1 0
-1577.9 0
-1577.7 1
-1577.5 0
-1577.3 1
-1577.1 1
-1576.9 1
-1576.7 5
-1576.5 3
-1576.3 2
-1576.1 3
-1575.9 2
-1575.7 3
-1575.5 4
-1575.3 4
-1575.1 7
-1574.9 2
-1574.7 3
-1574.5 4
-1574.3 8
-1574.1 11
-1573.9 9
-1573.7 9
-1573.5 11
-1573.3 7
-1573.1 9
-1572.9 12
-1572.7 14
-1572.5 18
-1572.3 19
-1572.1 23
-1571.9 21
-1571.7 20
-1571.5 24
-1571.3 25
-1571.1 32
-1570.9 36
-1570.7 32
-1570.5 40
-1570.3 52
-1570.1 54
-1569.9 58
-1569.7 59
-1569.5 68
-1569.3 88
-1569.1 88
-1568.9 95
-1568.7 90
-1568.5 105
-1568.3 107
-1568.1 101
-1567.9 129
-1567.7 130
-1567.5 133
-1567.3 134
-1567.1 154
-1566.9 169
-1566.7 174
-1566.5 184
-1566.3 176
-1566.1 182
-1565.9 210
-1565.7 228
-1565.5 217
-1565.3 229
-1565.1 220
-1564.9 278
-1564.7 277
-1564.5 293
-1564.3 290
-1564.1 275
-1563.9 305
-1563.7 287
-1563.5 326
-1563.3 310
-1563.1 335
-1562.9 326
-1562.7 363
-1562.5 353
-1562.3 369
-1562.1 405
-1561.9 374
-1561.7 396
-1561.5 385
-1561.3 367
-1561.1 422
-1560.9 423
-1560.7 415
-1560.5 404
-1560.3 408
-1560.1 406
-1559.9 465
-1559.7 460
-1559.5 428
-1559.3 429
-1559.1 412
-1558.9 451
-1558.7 474
-1558.5 407
-1558.3 444
-1558.1 445
-1557.9 412
-1557.7 418
-1557.5 419
-1557.3 448
-1557.1 409
-1556.9 414
-1556.7 482
-1556.5 464
-1556.3 438
-1556.1 424
-1555.9 387
-1555.7 450
-1555.5 398
-1555.3 389
-1555.1 406
-1554.9 420
-1554.7 411
-1554.5 400
-1554.3 412
-1554.1 388
-1553.9 416
-1553.7 426
-1553.5 380
-1553.3 405
-1553.1 366
-1552.9 394
-1552.7 384
-1552.5 390
-1552.3 388
-1552.1 377
-1551.9 379
-1551.7 382
-1551.5 349
-1551.3 366
-1551.1 354
-1550.9 366
-1550.7 386
-1550.5 349
-1550.3 371
-1550.1 372
-1549.9 365
-1549.7 338
-1549.5 353
-1549.3 317
-1549.1 357
-1548.9 362
-1548.7 368
-1548.5 337
-1548.3 350
-1548.1 338
-1547.9 319
-1547.7 309
-1547.5 321
-1547.3 356
-1547.1 313
-1546.9 349
-1546.7 350
-1546.5 334
-1546.3 345
-1546.1 286
-1545.9 293
-1545.7 336
-1545.5 329
-1545.3 296
-1545.1 322
-1544.9 301
-1544.7 320
-1544.5 312
-1544.3 347
-1544.1 327
-1543.9 333
-1543.7 338
-1543.5 319
-1543.3 331
-1543.1 310
-1542.9 340
-1542.7 312
-1542.5 308
-1542.3 314
-1542.1 312
-1541.9 326
-1541.7 301
-1541.5 342
-1541.3 296
-1541.1 314
-1540.9 315
-1540.7 303
-1540.5 299
-1540.3 310
-1540.1 268
-1539.9 320
-1539.7 272
-1539.5 276
-1539.3 302
-1539.1 322
-1538.9 309
-1538.7 299
-1538.5 310
-1538.3 306
-1538.1 321
-1537.9 288
-1537.7 297
-1537.5 262
-1537.3 297
-1537.1 298
-1536.9 291
-1536.7 282
-1536.5 306
-1536.3 333
-1536.1 310
-1535.9 280
-1535.7 308
-1535.5 305
-1535.3 309
-1535.1 310
-1534.9 315
-1534.7 266
-1534.5 269
-1534.3 285
-1534.1 311
-1533.9 306
-1533.7 322
-1533.5 300
-1533.3 301
-1533.1 281
-1532.9 284
-1532.7 284
-1532.5 280
-1532.3 288
-1532.1 307
-1531.9 267
-1531.7 278
-1531.5 273
-1531.3 296
-1531.1 300
-1530.9 275
-1530.7 282
-1530.5 292
-1530.3 273
-1530.1 273
-1529.9 258
-1529.7 305
-1529.5 257
-1529.3 272
-1529.1 289
-1528.9 300
-1528.7 291
-1528.5 287
-1528.3 284
-1528.1 282
-1527.9 293
-1527.7 272
-1527.5 270
-1527.3 297
-1527.1 271
-1526.9 277
-1526.7 270
-1526.5 284
-1526.3 272
-1526.1 266
-1525.9 285
-1525.7 257
-1525.5 266
-1525.3 274
-1525.1 291
-1524.9 287
-1524.7 286
-1524.5 296
-1524.3 286
-1524.1 281
-1523.9 282
-1523.7 282
-1523.5 290
-1523.3 304
-1523.1 300
-1522.9 298
-1522.7 282
-1522.5 284
-1522.3 285
-1522.1 266
-1521.9 270
-1521.7 258
-1521.5 313
-1521.3 265
-1521.1 269
-1520.9 267
-1520.7 281
-1520.5 285
-1520.3 264
-1520.1 267
-1519.9 266
-1519.7 273
-1519.5 262
-1519.3 282
-1519.1 281
-1518.9 260
-1518.7 269
-1518.5 266
-1518.3 290
-1518.1 281
-1517.9 279
-1517.7 275
-1517.5 256
-1517.3 281
-1517.1 299
-1516.9 286
-1516.7 274
-1516.5 272
-1516.3 262
-1516.1 280
-1515.9 271
-1515.7 304
-1515.5 300
-1515.3 284
-1515.1 254
-1514.9 266
-1514.7 287
-1514.5 255
-1514.3 294
-1514.1 256
-1513.9 270
-1513.7 263
-1513.5 280
-1513.3 241
-1513.1 300
-1512.9 265
-1512.7 295
-1512.5 304
-1512.3 264
-1512.1 287
-1511.9 256
-1511.7 271
-1511.5 265
-1511.3 290
-1511.1 266
-1510.9 327
-1510.7 266
-1510.5 257
-1510.3 306
-1510.1 282
-1509.9 298
-1509.7 273
-1509.5 288
-1509.3 266
-1509.1 290
-1508.9 275
-1508.7 267
-1508.5 289
-1508.3 283
-1508.1 293
-1507.9 262
-1507.7 304
-1507.5 290
-1507.3 272
-1507.1 282
-1506.9 276
-1506.7 305
-1506.5 279
-1506.3 275
-1506.1 308
-1505.9 293
-1505.7 264
-1505.5 269
-1505.3 288
-1505.1 282
-1504.9 286
-1504.7 252
-1504.5 268
-1504.3 303
-1504.1 272
-1503.9 291
-1503.7 293
-1503.5 273
-1503.3 227
-1503.1 259
-1502.9 296
-1502.7 251
-1502.5 285
-1502.3 286
-1502.1 303
-1501.9 254
-1501.7 289
-1501.5 249
-1501.3 284
-1501.1 267
-1500.9 300
-1500.7 280
-1500.5 277
-1500.3 291
-1500.1 292
-1499.9 274
-1499.7 290
-1499.5 280
-1499.3 275
-1499.1 288
-1498.9 264
-1498.7 287
-1498.5 228
-1498.3 264
-1498.1 268
-1497.9 266
-1497.7 239
-1497.5 284
-1497.3 264
-1497.1 295
-1496.9 304
-1496.7 273
-1496.5 247
-1496.3 265
-1496.1 285
-1495.9 270
-1495.7 280
-1495.5 265
-1495.3 284
-1495.1 297
-1494.9 306
-1494.7 271
-1494.5 272
-1494.3 243
-1494.1 272
-1493.9 257
-1493.7 250
-1493.5 276
-1493.3 287
-1493.1 243
-1492.9 286
-1492.7 301
-1492.5 244
-1492.3 302
-1492.1 284
-1491.9 277
-1491.7 259
-1491.5 287
-1491.3 257
-1491.1 298
-1490.9 271
-1490.7 273
-1490.5 292
-1490.3 278
-1490.1 276
-1489.9 283
-1489.7 276
-1489.5 298
-1489.3 280
-1489.1 276
-1488.9 272
-1488.7 262
-1488.5 301
-1488.3 276
-1488.1 309
-1487.9 277
-1487.7 259
-1487.5 301
-1487.3 260
-1487.1 310
-1486.9 291
-1486.7 264
-1486.5 291
-1486.3 283
-1486.1 303
-1485.9 254
-1485.7 289
-1485.5 289
-1485.3 271
-1485.1 288
-1484.9 269
-1484.7 314
-1484.5 273
-1484.3 307
-1484.1 283
-1483.9 257
-1483.7 287
-1483.5 235
-1483.3 251
-1483.1 301
-1482.9 276
-1482.7 266
-1482.5 272
-1482.3 263
-1482.1 277
-1481.9 299
-1481.7 253
-1481.5 290
-1481.3 253
-1481.1 287
-1480.9 305
-1480.7 286
-1480.5 290
-1480.3 282
-1480.1 286
-1479.9 263
-1479.7 279
-1479.5 272
-1479.3 275
-1479.1 267
-1478.9 276
-1478.7 252
-1478.5 275
-1478.3 283
-1478.1 266
-1477.9 273
-1477.7 291
-1477.5 251
-1477.3 298
-1477.1 283
-1476.9 284
-1476.7 300
-1476.5 267
-1476.3 280
-1476.1 272
-1475.9 252
-1475.7 300
-1475.5 301
-1475.3 305
-1475.1 278
-1474.9 303
-1474.7 284
-1474.5 279
-1474.3 282
-1474.1 269
-1473.9 279
-1473.7 269
-1473.5 280
-1473.3 270
-1473.1 277
-1472.9 263
-1472.7 290
-1472.5 262
-1472.3 277
-1472.1 277
-1471.9 311
-1471.7 276
-1471.5 275
-1471.3 270
-1471.1 294
-1470.9 279
-1470.7 253
-1470.5 244
-1470.3 275
-1470.1 281
-1469.9 280
-1469.7 272
-1469.5 258
-1469.3 269
-1469.1 275
-1468.9 266
-1468.7 257
-1468.5 276
-1468.3 285
-1468.1 270
-1467.9 271
-1467.7 270
-1467.5 259
-1467.3 292
-1467.1 261
-1466.9 270
-1466.7 256
-1466.5 279
-1466.3 298
-1466.1 289
-1465.9 286
-1465.7 255
-1465.5 245
-1465.3 255
-1465.1 270
-1464.9 272
-1464.7 272
-1464.5 285
-1464.3 275
-1464.1 280
-1463.9 268
-1463.7 275
-1463.5 253
-1463.3 241
-1463.1 255
-1462.9 287
-1462.7 280
-1462.5 270
-1462.3 277
-1462.1 281
-1461.9 291
-1461.7 297
-1461.5 285
-1461.3 270
-1461.1 302
-1460.9 289
-1460.7 287
-1460.5 280
-1460.3 290
-1460.1 272
-1459.9 277
-1459.7 295
-1459.5 284
-1459.3 298
-1459.1 275
-1458.9 270
-1458.7 302
-1458.5 284
-1458.3 293
-1458.1 265
-1457.9 291
-1457.7 292
-1457.5 293
-1457.3 263
-1457.1 305
-1456.9 282
-1456.7 297
-1456.5 279
-1456.3 263
-1456.1 278
-1455.9 256
-1455.7 258
-1455.5 264
-1455.3 269
-1455.1 287
-1454.9 277
-1454.7 304
-1454.5 280
-1454.3 278
-1454.1 272
-1453.9 280
-1453.7 280
-1453.5 262
-1453.3 238
-1453.1 273
-1452.9 303
-1452.7 255
-1452.5 290
-1452.3 278
-1452.1 302
-1451.9 291
-1451.7 295
-1451.5 239
-1451.3 292
-1451.1 288
-1450.9 283
-1450.7 277
-1450.5 269
-1450.3 268
-1450.1 289
-1449.9 289
-1449.7 261
-1449.5 251
-1449.3 250
-1449.1 252
-1448.9 283
-1448.7 283
-1448.5 282
-1448.3 271
-1448.1 281
-1447.9 284
-1447.7 278
-1447.5 284
-1447.3 280
-1447.1 241
-1446.9 289
-1446.7 310
-1446.5 283
-1446.3 265
-1446.1 286
-1445.9 270
-1445.7 258
-1445.5 281
-1445.3 298
-1445.1 274
-1444.9 280
-1444.7 269
-1444.5 271
-1444.3 297
-1444.1 271
-1443.9 253
-1443.7 260
-1443.5 282
-1443.3 291
-1443.1 283
-1442.9 272
-1442.7 278
-1442.5 270
-1442.3 286
-1442.1 245
-1441.9 274
-1441.7 277
-1441.5 277
-1441.3 264
-1441.1 277
-1440.9 260
-1440.7 278
-1440.5 302
-1440.3 265
-1440.1 266
-1439.9 260
-1439.7 295
-1439.5 272
-1439.3 261
-1439.1 264
-1438.9 284
-1438.7 276
-1438.5 286
-1438.3 275
-1438.1 284
-1437.9 284
-1437.7 301
-1437.5 276
-1437.3 262
-1437.1 250
-1436.9 279
-1436.7 269
-1436.5 275
-1436.3 269
-1436.1 286
-1435.9 267
-1435.7 266
-1435.5 292
-1435.3 281
-1435.1 257
-1434.9 266
-1434.7 270
-1434.5 261
-1434.3 300
-1434.1 268
-1433.9 265
-1433.7 276
-1433.5 291
-1433.3 277
-1433.1 232
-1432.9 248
-1432.7 273
-1432.5 261
-1432.3 250
-1432.1 264
-1431.9 250
-1431.7 286
-1431.5 264
-1431.3 312
-1431.1 284
-1430.9 278
-1430.7 292
-1430.5 272
-1430.3 278
-1430.1 266
-1429.9 304
-1429.7 281
-1429.5 258
-1429.3 266
-1429.1 290
-1428.9 298
-1428.7 261
-1428.5 278
-1428.3 292
-1428.1 265
-1427.9 287
-1427.7 296
-1427.5 265
-1427.3 288
-1427.1 301
-1426.9 264
-1426.7 298
-1426.5 268
-1426.3 289
-1426.1 244
-1425.9 267
-1425.7 301
-1425.5 268
-1425.3 282
-1425.1 259
-1424.9 280
-1424.7 279
-1424.5 263
-1424.3 281
-1424.1 294
-1423.9 268
-1423.7 276
-1423.5 262
-1423.3 286
-1423.1 314
-1422.9 286
-1422.7 305
-1422.5 300
-1422.3 289
-1422.1 279
-1421.9 273
-1421.7 270
-1421.5 280
-1421.3 259
-1421.1 279
-1420.9 293
-1420.7 278
-1420.5 263
-1420.3 260
-1420.1 277
-1419.9 252
-1419.7 272
-1419.5 276
-1419.3 261
-1419.1 287
-1418.9 280
-1418.7 256
-1418.5 310
-1418.3 296
-1418.1 292
-1417.9 262
-1417.7 260
-1417.5 306
-1417.3 246
-1417.1 264
-1416.9 291
-1416.7 257
-1416.5 286
-1416.3 270
-1416.1 280
-1415.9 294
-1415.7 295
-1415.5 302
-1415.3 266
-1415.1 280
-1414.9 270
-1414.7 282
-1414.5 263
-1414.3 252
-1414.1 306
-1413.9 257
-1413.7 265
-1413.5 277
-1413.3 280
-1413.1 278
-1412.9 253
-1412.7 278
-1412.5 276
-1412.3 279
-1412.1 287
-1411.9 240
-1411.7 275
-1411.5 251
-1411.3 315
-1411.1 292
-1410.9 268
-1410.7 316
-1410.5 297
-1410.3 300
-1410.1 285
-1409.9 275
-1409.7 275
-1409.5 289
-1409.3 274
-1409.1 278
-1408.9 295
-1408.7 274
-1408.5 277
-1408.3 276
-1408.1 287
-1407.9 272
-1407.7 246
-1407.5 288
-1407.3 296
-1407.1 279
-1406.9 267
-1406.7 320
-1406.5 264
-1406.3 283
-1406.1 274
-1405.9 257
-1405.7 267
-1405.5 278
-1405.3 257
-1405.1 306
-1404.9 261
-1404.7 274
-1404.5 277
-1404.3 273
-1404.1 270
-1403.9 282
-1403.7 268
-1403.5 251
-1403.3 263
-1403.1 278
-1402.9 276
-1402.7 278
-1402.5 286
-1402.3 260
-1402.1 280
-1401.9 252
-1401.7 296
-1401.5 262
-1401.3 271
-1401.1 237
-1400.9 299
-1400.7 287
-1400.5 272
-1400.3 289
-1400.1 278
-1399.9 289
-1399.7 258
-1399.5 270
-1399.3 278
-1399.1 273
-1398.9 266
-1398.7 296
-1398.5 246
-1398.3 281
-1398.1 285
-1397.9 266
-1397.7 265
-1397.5 267
-1397.3 256
-1397.1 288
-1396.9 248
-1396.7 312
-1396.5 276
-1396.3 279
-1396.1 225
-1395.9 298
-1395.7 296
-1395.5 278
-1395.3 266
-1395.1 254
-1394.9 253
-1394.7 314
-1394.5 262
-1394.3 265
-1394.1 263
-1393.9 271
-1393.7 291
-1393.5 285
-1393.3 261
-1393.1 276
-1392.9 269
-1392.7 271
-1392.5 267
-1392.3 302
-1392.1 306
-1391.9 275
-1391.7 275
-1391.5 269
-1391.3 256
-1391.1 251
-1390.9 273
-1390.7 267
-1390.5 267
-1390.3 293
-1390.1 265
-1389.9 306
-1389.7 255
-1389.5 283
-1389.3 270
-1389.1 285
-1388.9 308
-1388.7 308
-1388.5 292
-1388.3 297
-1388.1 275
-1387.9 299
-1387.7 277
-1387.5 241
-1387.3 259
-1387.1 269
-1386.9 274
-1386.7 274
-1386.5 265
-1386.3 257
-1386.1 276
-1385.9 265
-1385.7 251
-1385.5 265
-1385.3 275
-1385.1 283
-1384.9 264
-1384.7 310
-1384.5 262
-1384.3 254
-1384.1 298
-1383.9 254
-1383.7 303
-1383.5 268
-1383.3 295
-1383.1 296
-1382.9 279
-1382.7 249
-1382.5 298
-1382.3 256
-1382.1 277
-1381.9 274
-1381.7 241
-1381.5 275
-1381.3 241
-1381.1 267
-1380.9 230
-1380.7 261
-1380.5 261
-1380.3 276
-1380.1 291
-1379.9 266
-1379.7 256
-1379.5 267
-1379.3 291
-1379.1 249
-1378.9 282
-1378.7 271
-1378.5 289
-1378.3 274
-1378.1 276
-1377.9 277
-1377.7 276
-1377.5 288
-1377.3 306
-1377.1 258
-1376.9 259
-1376.7 267
-1376.5 252
-1376.3 291
-1376.1 258
-1375.9 288
-1375.7 256
-1375.5 286
-1375.3 245
-1375.1 272
-1374.9 299
-1374.7 254
-1374.5 245
-1374.3 286
-1374.1 288
-1373.9 284
-1373.7 315
-1373.5 296
-1373.3 261
-1373.1 275
-1372.9 256
-1372.7 280
-1372.5 273
-1372.3 252
-1372.1 263
-1371.9 291
-1371.7 290
-1371.5 292
-1371.3 280
-1371.1 269
-1370.9 258
-1370.7 280
-1370.5 272
-1370.3 285
-1370.1 257
-1369.9 260
-1369.7 270
-1369.5 315
-1369.3 247
-1369.1 268
-1368.9 288
-1368.7 310
-1368.5 278
-1368.3 258
-1368.1 265
-1367.9 309
-1367.7 279
-1367.5 290
-1367.3 273
-1367.1 259
-1366.9 284
-1366.7 281
-1366.5 280
-1366.3 261
-1366.1 293
-1365.9 293
-1365.7 259
-1365.5 240
-1365.3 259
-1365.1 263
-1364.9 268
-1364.7 259
-1364.5 284
-1364.3 265
-1364.1 231
-1363.9 269
-1363.7 265
-1363.5 271
-1363.3 279
-1363.1 285
-1362.9 243
-1362.7 263
-1362.5 277
-1362.3 234
-1362.1 254
-1361.9 291
-1361.7 260
-1361.5 258
-1361.3 272
-1361.1 256
-1360.9 248
-1360.7 263
-1360.5 263
-1360.3 237
-1360.1 243
-1359.9 223
-1359.7 238
-1359.5 248
-1359.3 244
-1359.1 262
-1358.9 198
-1358.7 234
-1358.5 195
-1358.3 234
-1358.1 216
-1357.9 225
-1357.7 206
-1357.5 229
-1357.3 229
-1357.1 214
-1356.9 207
-1356.7 207
-1356.5 231
-1356.3 188
-1356.1 227
-1355.9 204
-1355.7 201
-1355.5 226
-1355.3 178
-1355.1 199
-1354.9 182
-1354.7 193
-1354.5 193
-1354.3 188
-1354.1 186
-1353.9 172
-1353.7 164
-1353.5 149
-1353.3 186
-1353.1 156
-1352.9 172
-1352.7 164
-1352.5 176
-1352.3 158
-1352.1 166
-1351.9 174
-1351.7 134
-1351.5 155
-1351.3 167
-1351.1 159
-1350.9 159
-1350.7 130
-1350.5 140
-1350.3 142
-1350.1 144
-1349.9 138
-1349.7 134
-1349.5 109
-1349.3 141
-1349.1 118
-1348.9 116
-1348.7 102
-1348.5 108
-1348.3 114
-1348.1 139
-1347.9 131
-1347.7 122
-1347.5 92
-1347.3 114
-1347.1 111
-1346.9 108
-1346.7 105
-1346.5 106
-1346.3 97
-1346.1 102
-1345.9 97
-1345.7 97
-1345.5 97
-1345.3 101
-1345.1 100
-1344.9 82
-1344.7 98
-1344.5 107
-1344.3 100
-1344.1 77
-1343.9 81
-1343.7 68
-1343.5 85
-1343.3 84
-1343.1 76
-1342.9 79
-1342.7 64
-1342.5 78
-1342.3 80
-1342.1 70
-1341.9 54
-1341.7 55
-1341.5 61
-1341.3 71
-1341.1 63
-1340.9 75
-1340.7 65
-1340.5 56
-1340.3 59
-1340.1 57
-1339.9 51
-1339.7 69
-1339.5 48
-1339.3 38
-1339.1 46
-1338.9 63
-1338.7 42
-1338.5 49
-1338.3 45
-1338.1 43
-1337.9 41
-1337.7 48
-1337.5 34
-1337.3 47
-1337.1 47
-1336.9 39
-1336.7 38
-1336.5 43
-1336.3 37
-1336.1 33
-1335.9 49
-1335.7 28
-1335.5 38
-1335.3 37
-1335.1 22
-1334.9 41
-1334.7 41
-1334.5 23
-1334.3 25
-1334.1 21
-1333.9 43
-1333.7 31
-1333.5 23
-1333.3 26
-1333.1 14
-1332.9 22
-1332.7 26
-1332.5 12
-1332.3 20
-1332.1 22
-1331.9 21
-1331.7 23
-1331.5 19
-1331.3 25
-1331.1 16
-1330.9 17
-1330.7 19
-1330.5 18
-1330.3 11
-1330.1 19
-1329.9 9
-1329.7 11
-1329.5 12
-1329.3 7
-1329.1 14
-1328.9 9
-1328.7 13
-1328.5 8
-1328.3 9
-1328.1 14
-1327.9 14
-1327.7 9
-1327.5 7
-1327.3 14
-1327.1 7
-1326.9 4
-1326.7 9
-1326.5 4
-1326.3 7
-1326.1 4
-1325.9 8
-1325.7 3
-1325.5 12
-1325.3 9
-1325.1 10
-1324.9 10
-1324.7 8
-1324.5 10
-1324.3 12
-1324.1 5
-1323.9 9
-1323.7 7
-1323.5 4
-1323.3 7
-1323.1 3
-1322.9 5
-1322.7 4
-1322.5 6
-1322.3 8
-1322.1 4
-1321.9 4
-1321.7 5
-1321.5 5
-1321.3 5
-1321.1 2
-1320.9 5
-1320.7 2
-1320.5 4
-1320.3 3
-1320.1 2
-1319.9 3
-1319.7 5
-1319.5 1
-1319.3 1
-1319.1 0
-1318.9 0
-1318.7 1
-1318.5 2
-1318.3 2
-1318.1 4
-1317.9 3
-1317.7 5
-1317.5 3
-1317.3 3
-1317.1 6
-1316.9 1
-1316.7 5
-1316.5 1
-1316.3 2
-1316.1 3
-1315.9 3
-1315.7 4
-1315.5 2
-1315.3 3
-1315.1 2
-1314.9 2
-1314.7 3
-1314.5 2
-1314.3 4
-1314.1 4
-1313.9 2
-1313.7 1
-1313.5 1
-1313.3 3
-1313.1 1
-1312.9 3
-1312.7 1
-1312.5 3
-1312.3 2
-1312.1 1
-1311.9 4
-1311.7 2
-1311.5 9
-1311.3 1
-1311.1 6
-1310.9 5
-1310.7 5
-1310.5 2
-1310.3 1
-1310.1 3
-1309.9 1
-1309.7 2
-1309.5 2
-1309.3 1
-1309.1 3
-1308.9 4
-1308.7 2
-1308.5 1
-1308.3 3
-1308.1 1
-1307.9 2
-1307.7 1
-1307.5 1
-1307.3 1
-1307.1 2
-1306.9 6
-1306.7 6
-1306.5 2
-1306.3 3
-1306.1 2
-1305.9 4
-1305.7 2
-1305.5 1
-1305.3 7
-1305.1 1
-1304.9 6
-1304.7 2
-1304.5 3
-1304.3 1
-1304.1 1
-1303.9 4
-1303.7 2
-1303.5 4
-1303.3 3
-1303.1 6
-1302.9 1
-1302.7 6
-1302.5 3
-1302.3 0
-1302.1 1
-1301.9 0
-1301.7 3
-1301.5 2
-1301.3 6
-1301.1 2
-1300.9 2
-1300.7 2
-1300.5 3
-1300.3 3
-1300.1 2
