1450
-1589.7 4.64875e-06
-1589.5 9.2975e-06
-1589.3 1.8595e-05
-1589.1 2.09194e-05
-1588.9 2.55681e-05
-1588.7 3.48656e-05
-1588.5 4.18388e-05
-1588.3 4.64875e-05
-1588.1 4.88119e-05
-1587.9 5.34606e-05
-1587.7 6.50825e-05
-1587.5 6.50825e-05
-1587.3 6.50825e-05
-1587.1 6.74069e-05
-1586.9 6.97313e-05
-1586.7 7.20557e-05
-1586.5 7.20557e-05
-1586.3 7.20557e-05
-1586.1 7.67044e-05
-1585.9 8.60019e-05
-1585.7 9.52994e-05
-1585.5 9.76238e-05
-1585.3 0.000102273
-1585.1 0.000106921
-1584.9 0.00011157
-1584.7 0.000120868
-1584.5 0.000130165
-1584.3 0.000134814
-1584.1 0.000141787
-1583.9 0.000144111
-1583.7 0.00014876
-1583.5 0.000151084
-1583.3 0.000158058
-1583.1 0.000160382
-1582.9 0.000167355
-1582.7 0.000169679
-1582.5 0.000174328
-1582.3 0.000183626
-1582.1 0.00018595
-1581.9 0.000188274
-1581.7 0.000192923
-1581.5 0.000195248
-1581.3 0.000199896
-1581.1 0.000209194
-1580.9 0.000209194
-1580.7 0.000209194
-1580.5 0.000213843
-1580.3 0.000216167
-1580.1 0.000218491
-1579.9 0.00022314
-1579.7 0.000227789
-1579.5 0.000239411
-1579.3 0.000241735
-1579.1 0.000241735
-1578.9 0.000241735
-1578.7 0.000246384
-1578.5 0.000248708
-1578.3 0.000255681
-1578.1 0.00026033
-1577.9 0.000262654
-1577.7 0.000274276
-1577.5 0.000281249
-1577.3 0.000288223
-1577.1 0.000290547
-1576.9 0.000292871
-1576.7 0.000295196
-1576.5 0.000304493
-1576.3 0.000309142
-1576.1 0.000311466
-1575.9 0.000316115
-1575.7 0.000332386
-1575.5 0.000339359
-1575.3 0.000346332
-1575.1 0.000350981
-1574.9 0.000362603
-1574.7 0.000369576
-1574.5 0.000376549
-1574.3 0.000381198
-1574.1 0.000385846
-1573.9 0.000402117
-1573.7 0.000420712
-1573.5 0.000436983
-1573.3 0.000457902
-1573.1 0.000481146
-1572.9 0.000506714
-1572.7 0.000532282
-1572.5 0.000569472
-1572.3 0.000604338
-1572.1 0.000671745
-1571.9 0.000713583
-1571.7 0.000769368
-1571.5 0.000829802
-1571.3 0.000885587
-1571.1 0.00095067
-1570.9 0.0010204
-1570.7 0.00109478
-1570.5 0.001211
-1570.3 0.0013063
-1570.1 0.00142252
-1569.9 0.00156663
-1569.7 0.00171771
-1569.5 0.00184323
-1569.3 0.00200594
-1569.1 0.00216864
-1568.9 0.00241968
-1568.7 0.00264979
-1568.5 0.00288687
-1568.3 0.00312164
-1568.1 0.00337035
-1567.9 0.00366554
-1567.7 0.00401652
-1567.5 0.00437448
-1567.3 0.00468827
-1567.1 0.00501833
-1566.9 0.00540417
-1566.7 0.00587137
-1566.5 0.00634322
-1566.3 0.00681042
-1566.1 0.00734735
-1565.9 0.00785872
-1565.7 0.00840494
-1565.5 0.00900928
-1565.3 0.00966243
-1565.1 0.0103295
-1564.9 0.0109618
-1564.7 0.011666
-1564.5 0.0124331
-1564.3 0.0132327
-1564.1 0.0139765
-1563.9 0.0147877
-1563.7 0.0156454
-1563.5 0.0165007
-1563.3 0.0173863
-1563.1 0.0183231
-1562.9 0.0192853
-1562.7 0.0203034
-1562.5 0.0213912
-1562.3 0.0225023
-1562.1 0.0235924
-1561.9 0.0247035
-1561.7 0.0258075
-1561.5 0.0269581
-1561.3 0.0281157
-1561.1 0.0292732
-1560.9 0.0305353
-1560.7 0.0318277
-1560.5 0.0330061
-1560.3 0.0344403
-1560.1 0.0357675
-1559.9 0.0371017
-1559.7 0.03858
-1559.5 0.0400048
-1559.3 0.0414111
-1559.1 0.0426965
-1558.9 0.0441027
-1558.7 0.0455368
-1558.5 0.0469989
-1558.3 0.0483122
-1558.1 0.0496626
-1557.9 0.0510689
-1557.7 0.0525472
-1557.5 0.0539976
-1557.3 0.0554852
-1557.1 0.056817
-1556.9 0.0582582
-1556.7 0.059683
-1556.5 0.0611264
-1556.3 0.062549
-1556.1 0.0639087
-1555.9 0.065308
-1555.7 0.0667003
-1555.5 0.0680717
-1555.3 0.0694988
-1555.1 0.0707587
-1554.9 0.0721579
-1554.7 0.0734875
-1554.5 0.0748031
-1554.3 0.0761698
-1554.1 0.0774691
-1553.9 0.0787406
-1553.7 0.0800631
-1553.5 0.0813485
-1553.3 0.0826385
-1553.1 0.0839634
-1552.9 0.0852767
-1552.7 0.0865156
-1552.5 0.0877684
-1552.3 0.0890306
-1552.1 0.0902602
-1551.9 0.0914991
-1551.7 0.0927287
-1551.5 0.0938955
-1551.3 0.0950158
-1551.1 0.0963175
-1550.9 0.0974355
-1550.7 0.0985931
-1550.5 0.0997808
-1550.3 0.101029
-1550.1 0.10227
-1549.9 0.103414
-1549.7 0.104539
-1549.5 0.105657
-1549.3 0.1068
-1549.1 0.107942
-1548.9 0.109034
-1548.7 0.110192
-1548.5 0.111307
-1548.3 0.112488
-1548.1 0.113581
-1547.9 0.114648
-1547.7 0.115705
-1547.5 0.116707
-1547.3 0.11782
-1547.1 0.118901
-1546.9 0.119968
-1546.7 0.12106
-1546.5 0.122099
-1546.3 0.12308
-1546.1 0.124184
-1545.9 0.125277
-1545.7 0.126358
-1545.5 0.127343
-1545.3 0.128431
-1545.1 0.129461
-1544.9 0.130576
-1544.7 0.131725
-1544.5 0.132778
-1544.3 0.133847
-1544.1 0.134767
-1543.9 0.135778
-1543.7 0.136776
-1543.5 0.137905
-1543.3 0.138865
-1543.1 0.139907
-1542.9 0.141029
-1542.7 0.142087
-1542.5 0.142986
-1542.3 0.143951
-1542.1 0.14496
-1541.9 0.145992
-1541.7 0.146933
-1541.5 0.147928
-1541.3 0.148941
-1541.1 0.149911
-1540.9 0.150898
-1540.7 0.151896
-1540.5 0.152844
-1540.3 0.153816
-1540.1 0.154706
-1539.9 0.15565
-1539.7 0.156619
-1539.5 0.157611
-1539.3 0.15865
-1539.1 0.159534
-1538.9 0.160526
-1538.7 0.161544
-1538.5 0.162551
-1538.3 0.163531
-1538.1 0.164519
-1537.9 0.16543
-1537.7 0.166479
-1537.5 0.167416
-1537.3 0.168431
-1537.1 0.169396
-1536.9 0.170328
-1536.7 0.171332
-1536.5 0.172192
-1536.3 0.173108
-1536.1 0.17407
-1535.9 0.175153
-1535.7 0.176104
-1535.5 0.177038
-1535.3 0.178017
-1535.1 0.179058
-1534.9 0.180025
-1534.7 0.180997
-1534.5 0.181889
-1534.3 0.182856
-1534.1 0.183772
-1533.9 0.184644
-1533.7 0.185471
-1533.5 0.186417
-1533.3 0.187319
-1533.1 0.188307
-1532.9 0.189204
-1532.7 0.190043
-1532.5 0.19095
-1532.3 0.191775
-1532.1 0.192728
-1531.9 0.193672
-1531.7 0.194611
-1531.5 0.195501
-1531.3 0.196456
-1531.1 0.197384
-1530.9 0.198251
-1530.7 0.199094
-1530.5 0.200078
-1530.3 0.200975
-1530.1 0.201928
-1529.9 0.202834
-1529.7 0.203776
-1529.5 0.204708
-1529.3 0.205568
-1529.1 0.206402
-1528.9 0.20729
-1528.7 0.208192
-1528.5 0.209133
-1528.3 0.210117
-1528.1 0.210942
-1527.9 0.211832
-1527.7 0.212641
-1527.5 0.213517
-1527.3 0.214435
-1527.1 0.215233
-1526.9 0.216181
-1526.7 0.217136
-1526.5 0.218036
-1526.3 0.218912
-1526.1 0.219779
-1525.9 0.220641
-1525.7 0.221525
-1525.5 0.22241
-1525.3 0.223235
-1525.1 0.224158
-1524.9 0.225104
-1524.7 0.226013
-1524.5 0.22685
-1524.3 0.227754
-1524.1 0.228523
-1523.9 0.229295
-1523.7 0.230202
-1523.5 0.231101
-1523.3 0.231968
-1523.1 0.232935
-1522.9 0.233895
-1522.7 0.234864
-1522.5 0.235734
-1522.3 0.236563
-1522.1 0.237437
-1521.9 0.238318
-1521.7 0.239162
-1521.5 0.240001
-1521.3 0.240854
-1521.1 0.241782
-1520.9 0.242714
-1520.7 0.243576
-1520.5 0.244515
-1520.3 0.24544
-1520.1 0.246409
-1519.9 0.247276
-1519.7 0.24815
-1519.5 0.249017
-1519.3 0.249996
-1519.1 0.250905
-1518.9 0.2518
-1518.7 0.252764
-1518.5 0.253745
-1518.3 0.254645
-1518.1 0.255572
-1517.9 0.25649
-1517.7 0.257353
-1517.5 0.258254
-1517.3 0.259089
-1517.1 0.259905
-1516.9 0.260816
-1516.7 0.261681
-1516.5 0.262564
-1516.3 0.263345
-1516.1 0.264251
-1515.9 0.265116
-1515.7 0.266048
-1515.5 0.266971
-1515.3 0.267838
-1515.1 0.268679
-1514.9 0.269514
-1514.7 0.270378
-1514.5 0.271329
-1514.3 0.272217
-1514.1 0.272998
-1513.9 0.273779
-1513.7 0.274648
-1513.5 0.275545
-1513.3 0.276438
-1513.1 0.27724
-1512.9 0.27807
-1512.7 0.278844
-1512.5 0.279604
-1512.3 0.280515
-1512.1 0.281301
-1511.9 0.282154
-1511.7 0.283016
-1511.5 0.283864
-1511.3 0.284645
-1511.1 0.285478
-1510.9 0.286333
-1510.7 0.287184
-1510.5 0.287923
-1510.3 0.28882
-1510.1 0.289668
-1509.9 0.290587
-1509.7 0.291416
-1509.5 0.292293
-1509.3 0.293141
-1509.1 0.293987
-1508.9 0.294896
-1508.7 0.295807
-1508.5 0.296648
-1508.3 0.297499
-1508.1 0.298452
-1507.9 0.299296
-1507.7 0.300202
-1507.5 0.301186
-1507.3 0.302085
-1507.1 0.302978
-1506.9 0.303838
-1506.7 0.304768
-1506.5 0.305588
-1506.3 0.306485
-1506.1 0.307315
-1505.9 0.308163
-1505.7 0.309044
-1505.5 0.309946
-1505.3 0.310888
-1505.1 0.311762
-1504.9 0.312668
-1504.7 0.313577
-1504.5 0.314542
-1504.3 0.315527
-1504.1 0.316436
-1503.9 0.317282
-1503.7 0.318235
-1503.5 0.319139
-1503.3 0.319941
-1503.1 0.320815
-1502.9 0.321717
-1502.7 0.322572
-1502.5 0.32349
-1502.3 0.324369
-1502.1 0.325236
-1501.9 0.326043
-1501.7 0.326856
-1501.5 0.327632
-1501.3 0.328513
-1501.1 0.329299
-1500.9 0.330119
-1500.7 0.3309
-1500.5 0.331633
-1500.3 0.332476
-1500.1 0.33335
-1499.9 0.334183
-1499.7 0.335075
-1499.5 0.335877
-1499.3 0.336753
-1499.1 0.337648
-1498.9 0.338576
-1498.7 0.339463
-1498.5 0.340382
-1498.3 0.341195
-1498.1 0.342106
-1497.9 0.342934
-1497.7 0.343766
-1497.5 0.344572
-1497.3 0.34546
-1497.1 0.346299
-1496.9 0.347113
-1496.7 0.348013
-1496.5 0.348831
-1496.3 0.349735
-1496.1 0.350618
-1495.9 0.351406
-1495.7 0.352164
-1495.5 0.353073
-1495.3 0.353909
-1495.1 0.354758
-1494.9 0.355636
-1494.7 0.356501
-1494.5 0.357336
-1494.3 0.358179
-1494.1 0.359063
-1493.9 0.359974
-1493.7 0.36089
-1493.5 0.361787
-1493.3 0.362684
-1493.1 0.363539
-1492.9 0.36442
-1492.7 0.365259
-1492.5 0.366245
-1492.3 0.367079
-1492.1 0.367918
-1491.9 0.368855
-1491.7 0.369673
-1491.5 0.370578
-1491.3 0.3714
-1491.1 0.372307
-1490.9 0.373146
-1490.7 0.374087
-1490.5 0.374992
-1490.3 0.3758
-1490.1 0.376628
-1489.9 0.377523
-1489.7 0.378453
-1489.5 0.379403
-1489.3 0.380207
-1489.1 0.381135
-1488.9 0.382025
-1488.7 0.382967
-1488.5 0.383854
-1488.3 0.384687
-1488.1 0.385561
-1487.9 0.386386
-1487.7 0.387269
-1487.5 0.388185
-1487.3 0.389001
-1487.1 0.389861
-1486.9 0.390739
-1486.7 0.39153
-1486.5 0.392394
-1486.3 0.393212
-1486.1 0.394028
-1485.9 0.394898
-1485.7 0.395781
-1485.5 0.396662
-1485.3 0.397482
-1485.1 0.398342
-1484.9 0.399212
-1484.7 0.400137
-1484.5 0.400943
-1484.3 0.401806
-1484.1 0.402614
-1483.9 0.403444
-1483.7 0.404325
-1483.5 0.405183
-1483.3 0.405971
-1483.1 0.406838
-1482.9 0.407723
-1482.7 0.408549
-1482.5 0.409357
-1482.3 0.410229
-1482.1 0.411115
-1481.9 0.412031
-1481.7 0.412965
-1481.5 0.413839
-1481.3 0.414683
-1481.1 0.415536
-1480.9 0.416361
-1480.7 0.417172
-1480.5 0.418044
-1480.3 0.418936
-1480.1 0.419773
-1479.9 0.42064
-1479.7 0.421442
-1479.5 0.422355
-1479.3 0.423269
-1479.1 0.424082
-1478.9 0.425052
-1478.7 0.425865
-1478.5 0.426714
-1478.3 0.427548
-1478.1 0.428415
-1477.9 0.429282
-1477.7 0.430114
-1477.5 0.430995
-1477.3 0.431855
-1477.1 0.432794
-1476.9 0.433643
-1476.7 0.434589
-1476.5 0.435439
-1476.3 0.436357
-1476.1 0.437215
-1475.9 0.438152
-1475.7 0.438954
-1475.5 0.439772
-1475.3 0.440653
-1475.1 0.441573
-1474.9 0.442484
-1474.7 0.443335
-1474.5 0.444218
-1474.3 0.44513
-1474.1 0.446078
-1473.9 0.446896
-1473.7 0.447807
-1473.5 0.448598
-1473.3 0.449525
-1473.1 0.450383
-1472.9 0.451259
-1472.7 0.452145
-1472.5 0.453065
-1472.3 0.453904
-1472.1 0.454787
-1471.9 0.455666
-1471.7 0.456549
-1471.5 0.457426
-1471.3 0.458351
-1471.1 0.459187
-1470.9 0.460071
-1470.7 0.460938
-1470.5 0.461819
-1470.3 0.462676
-1470.1 0.463574
-1469.9 0.464406
-1469.7 0.465256
-1469.5 0.466119
-1469.3 0.466951
-1469.1 0.467876
-1468.9 0.468782
-1468.7 0.469691
-1468.5 0.470577
-1468.3 0.471421
-1468.1 0.472257
-1467.9 0.473145
-1467.7 0.474003
-1467.5 0.474868
-1467.3 0.47573
-1467.1 0.476618
-1466.9 0.477501
-1466.7 0.47831
-1466.5 0.479126
-1466.3 0.479953
-1466.1 0.480753
-1465.9 0.481594
-1465.7 0.48254
-1465.5 0.483384
-1465.3 0.48427
-1465.1 0.485132
-1464.9 0.485983
-1464.7 0.48678
-1464.5 0.487652
-1464.3 0.488482
-1464.1 0.489288
-1463.9 0.490139
-1463.7 0.491048
-1463.5 0.491877
-1463.3 0.492665
-1463.1 0.493609
-1462.9 0.494448
-1462.7 0.495322
-1462.5 0.49615
-1462.3 0.496898
-1462.1 0.497679
-1461.9 0.498476
-1461.7 0.49929
-1461.5 0.500159
-1461.3 0.500952
-1461.1 0.501837
-1460.9 0.502716
-1460.7 0.503564
-1460.5 0.504457
-1460.3 0.505322
-1460.1 0.506182
-1459.9 0.50703
-1459.7 0.507897
-1459.5 0.508773
-1459.3 0.509678
-1459.1 0.510586
-1458.9 0.511498
-1458.7 0.512367
-1458.5 0.513292
-1458.3 0.514205
-1458.1 0.5151
-1457.9 0.516
-1457.7 0.516904
-1457.5 0.517885
-1457.3 0.518796
-1457.1 0.519761
-1456.9 0.520665
-1456.7 0.521537
-1456.5 0.522476
-1456.3 0.523361
-1456.1 0.524303
-1455.9 0.52523
-1455.7 0.52606
-1455.5 0.526971
-1455.3 0.527898
-1455.1 0.528786
-1454.9 0.529732
-1454.7 0.530616
-1454.5 0.531559
-1454.3 0.532508
-1454.1 0.533289
-1453.9 0.534093
-1453.7 0.534932
-1453.5 0.53585
-1453.3 0.53661
-1453.1 0.537472
-1452.9 0.538318
-1452.7 0.539165
-1452.5 0.540027
-1452.3 0.54088
-1452.1 0.5418
-1451.9 0.54264
-1451.7 0.5435
-1451.5 0.544415
-1451.3 0.54535
-1451.1 0.546259
-1450.9 0.547188
-1450.7 0.548093
-1450.5 0.548878
-1450.3 0.549659
-1450.1 0.550484
-1449.9 0.551323
-1449.7 0.552088
-1449.5 0.552997
-1449.3 0.553917
-1449.1 0.554719
-1448.9 0.55564
-1448.7 0.556516
-1448.5 0.55733
-1448.3 0.558229
-1448.1 0.559119
-1447.9 0.559868
-1447.7 0.560709
-1447.5 0.561546
-1447.3 0.562418
-1447.1 0.56321
-1446.9 0.564107
-1446.7 0.565026
-1446.5 0.565874
-1446.3 0.566755
-1446.1 0.567601
-1445.9 0.568456
-1445.7 0.569291
-1445.5 0.57009
-1445.3 0.57089
-1445.1 0.571824
-1444.9 0.572729
-1444.7 0.573603
-1444.5 0.574446
-1444.3 0.575304
-1444.1 0.576292
-1443.9 0.577112
-1443.7 0.577979
-1443.5 0.578846
-1443.3 0.579785
-1443.1 0.580694
-1442.9 0.581584
-1442.7 0.582451
-1442.5 0.583316
-1442.3 0.584232
-1442.1 0.585138
-1441.9 0.58598
-1441.7 0.58687
-1441.5 0.587732
-1441.3 0.588609
-1441.1 0.589448
-1440.9 0.590303
-1440.7 0.591117
-1440.5 0.59197
-1440.3 0.592909
-1440.1 0.593787
-1439.9 0.594668
-1439.7 0.595547
-1439.5 0.596398
-1439.3 0.597362
-1439.1 0.598246
-1438.9 0.599136
-1438.7 0.600033
-1438.5 0.600905
-1438.3 0.601786
-1438.1 0.602697
-1437.9 0.603578
-1437.7 0.604391
-1437.5 0.605181
-1437.3 0.606035
-1437.1 0.606939
-1436.9 0.607769
-1436.7 0.608629
-1436.5 0.609535
-1436.3 0.6104
-1436.1 0.611297
-1435.9 0.61211
-1435.7 0.612987
-1435.5 0.61377
-1435.3 0.614635
-1435.1 0.615537
-1434.9 0.616427
-1434.7 0.617247
-1434.5 0.618112
-1434.3 0.618926
-1434.1 0.619716
-1433.9 0.620597
-1433.7 0.621443
-1433.5 0.622352
-1433.3 0.623214
-1433.1 0.624062
-1432.9 0.624939
-1432.7 0.625787
-1432.5 0.626666
-1432.3 0.627558
-1432.1 0.628444
-1431.9 0.629343
-1431.7 0.630203
-1431.5 0.631089
-1431.3 0.631928
-1431.1 0.63279
-1430.9 0.633616
-1430.7 0.634478
-1430.5 0.635343
-1430.3 0.636186
-1430.1 0.637023
-1429.9 0.637948
-1429.7 0.638841
-1429.5 0.639643
-1429.3 0.640512
-1429.1 0.641381
-1428.9 0.642311
-1428.7 0.643148
-1428.5 0.643961
-1428.3 0.644861
-1428.1 0.645756
-1427.9 0.646583
-1427.7 0.647483
-1427.5 0.648361
-1427.3 0.649275
-1427.1 0.650128
-1426.9 0.651002
-1426.7 0.651922
-1426.5 0.652852
-1426.3 0.653849
-1426.1 0.654709
-1425.9 0.655616
-1425.7 0.656536
-1425.5 0.657403
-1425.3 0.658273
-1425.1 0.659112
-1424.9 0.660016
-1424.7 0.660876
-1424.5 0.66172
-1424.3 0.662529
-1424.1 0.663391
-1423.9 0.664283
-1423.7 0.665167
-1423.5 0.665994
-1423.3 0.666761
-1423.1 0.667624
-1422.9 0.668493
-1422.7 0.66936
-1422.5 0.670192
-1422.3 0.670994
-1422.1 0.671777
-1421.9 0.672607
-1421.7 0.673474
-1421.5 0.674278
-1421.3 0.675231
-1421.1 0.676056
-1420.9 0.676907
-1420.7 0.677802
-1420.5 0.678576
-1420.3 0.679469
-1420.1 0.680375
-1419.9 0.681272
-1419.7 0.68216
-1419.5 0.683076
-1419.3 0.684057
-1419.1 0.684945
-1418.9 0.685844
-1418.7 0.686728
-1418.5 0.68755
-1418.3 0.688362
-1418.1 0.689231
-1417.9 0.6901
-1417.7 0.690884
-1417.5 0.691699
-1417.3 0.692559
-1417.1 0.693459
-1416.9 0.694268
-1416.7 0.69506
-1416.5 0.695839
-1416.3 0.696676
-1416.1 0.697466
-1415.9 0.698417
-1415.7 0.699254
-1415.5 0.700065
-1415.3 0.700981
-1415.1 0.701769
-1414.9 0.702682
-1414.7 0.703472
-1414.5 0.704404
-1414.3 0.705276
-1414.1 0.706176
-1413.9 0.707024
-1413.7 0.707872
-1413.5 0.708772
-1413.3 0.70966
-1413.1 0.710466
-1412.9 0.711387
-1412.7 0.712221
-1412.5 0.713119
-1412.3 0.714044
-1412.1 0.714925
-1411.9 0.71575
-1411.7 0.716587
-1411.5 0.717465
-1411.3 0.718411
-1411.1 0.719285
-1410.9 0.720099
-1410.7 0.720968
-1410.5 0.721816
-1410.3 0.722662
-1410.1 0.723532
-1409.9 0.724399
-1409.7 0.725226
-1409.5 0.726082
-1409.3 0.726923
-1409.1 0.727732
-1408.9 0.72852
-1408.7 0.729487
-1408.5 0.730335
-1408.3 0.731284
-1408.1 0.73212
-1407.9 0.732866
-1407.7 0.733738
-1407.5 0.734603
-1407.3 0.735444
-1407.1 0.736302
-1406.9 0.737148
-1406.7 0.737961
-1406.5 0.738803
-1406.3 0.739705
-1406.1 0.740525
-1405.9 0.74135
-1405.7 0.742222
-1405.5 0.743029
-1405.3 0.743854
-1405.1 0.744737
-1404.9 0.745595
-1404.7 0.746425
-1404.5 0.747333
-1404.3 0.748145
-1404.1 0.748995
-1403.9 0.749911
-1403.7 0.750818
-1403.5 0.751673
-1403.3 0.752552
-1403.1 0.753337
-1402.9 0.75419
-1402.7 0.755032
-1402.5 0.755892
-1402.3 0.756747
-1402.1 0.757647
-1401.9 0.758453
-1401.7 0.75935
-1401.5 0.760236
-1401.3 0.761101
-1401.1 0.761942
-1400.9 0.762846
-1400.7 0.76373
-1400.5 0.764671
-1400.3 0.765533
-1400.1 0.766416
-1399.9 0.767302
-1399.7 0.768239
-1399.5 0.769085
-1399.3 0.769922
-1399.1 0.770754
-1398.9 0.771567
-1398.7 0.772365
-1398.5 0.773239
-1398.3 0.774117
-1398.1 0.774959
-1397.9 0.775884
-1397.7 0.776737
-1397.5 0.777597
-1397.3 0.778406
-1397.1 0.77924
-1396.9 0.780086
-1396.7 0.781014
-1396.5 0.78185
-1396.3 0.782727
-1396.1 0.783577
-1395.9 0.784458
-1395.7 0.7853
-1395.5 0.786195
-1395.3 0.787127
-1395.1 0.788026
-1394.9 0.788844
-1394.7 0.789679
-1394.5 0.790632
-1394.3 0.791501
-1394.1 0.792412
-1393.9 0.793344
-1393.7 0.794188
-1393.5 0.795085
-1393.3 0.795966
-1393.1 0.79681
-1392.9 0.797717
-1392.7 0.798616
-1392.5 0.799481
-1392.3 0.800287
-1392.1 0.801259
-1391.9 0.802005
-1391.7 0.802849
-1391.5 0.803586
-1391.3 0.804457
-1391.1 0.805331
-1390.9 0.806266
-1390.7 0.807142
-1390.5 0.808065
-1390.3 0.808871
-1390.1 0.809838
-1389.9 0.810682
-1389.7 0.811558
-1389.5 0.812421
-1389.3 0.813281
-1389.1 0.814069
-1388.9 0.814956
-1388.7 0.815779
-1388.5 0.816609
-1388.3 0.817543
-1388.1 0.818385
-1387.9 0.81918
-1387.7 0.820056
-1387.5 0.82087
-1387.3 0.821648
-1387.1 0.822513
-1386.9 0.823419
-1386.7 0.824303
-1386.5 0.825179
-1386.3 0.826062
-1386.1 0.826987
-1385.9 0.82784
-1385.7 0.82871
-1385.5 0.82957
-1385.3 0.830418
-1385.1 0.831267
-1384.9 0.832196
-1384.7 0.833061
-1384.5 0.833877
-1384.3 0.834732
-1384.1 0.835615
-1383.9 0.836462
-1383.7 0.837331
-1383.5 0.838177
-1383.3 0.838935
-1383.1 0.83976
-1382.9 0.84058
-1382.7 0.841368
-1382.5 0.842242
-1382.3 0.843098
-1382.1 0.84392
-1381.9 0.844829
-1381.7 0.845694
-1381.5 0.846542
-1381.3 0.847375
-1381.1 0.848183
-1380.9 0.849055
-1380.7 0.84992
-1380.5 0.850733
-1380.3 0.851626
-1380.1 0.852495
-1379.9 0.853318
-1379.7 0.854171
-1379.5 0.855059
-1379.3 0.855903
-1379.1 0.856774
-1378.9 0.857616
-1378.7 0.85848
-1378.5 0.859426
-1378.3 0.86024
-1378.1 0.861086
-1377.9 0.861983
-1377.7 0.862841
-1377.5 0.86371
-1377.3 0.864614
-1377.1 0.865498
-1376.9 0.86636
-1376.7 0.867229
-1376.5 0.868085
-1376.3 0.868926
-1376.1 0.869812
-1375.9 0.870672
-1375.7 0.871474
-1375.5 0.872366
-1375.3 0.873303
-1375.1 0.8742
-1374.9 0.875
-1374.7 0.875895
-1374.5 0.876762
-1374.3 0.877643
-1374.1 0.878463
-1373.9 0.879407
-1373.7 0.880232
-1373.5 0.88112
-1373.3 0.881891
-1373.1 0.88281
-1372.9 0.883679
-1372.7 0.884479
-1372.5 0.885255
-1372.3 0.886124
-1372.1 0.886973
-1371.9 0.887807
-1371.7 0.888651
-1371.5 0.889536
-1371.3 0.890438
-1371.1 0.89127
-1370.9 0.892193
-1370.7 0.893039
-1370.5 0.893853
-1370.3 0.894757
-1370.1 0.89561
-1369.9 0.896509
-1369.7 0.897304
-1369.5 0.898213
-1369.3 0.899164
-1369.1 0.899947
-1368.9 0.900844
-1368.7 0.901711
-1368.5 0.902625
-1368.3 0.903471
-1368.1 0.904301
-1367.9 0.905172
-1367.7 0.905998
-1367.5 0.906899
-1367.3 0.907829
-1367.1 0.908629
-1366.9 0.909533
-1366.7 0.910374
-1366.5 0.911127
-1366.3 0.912022
-1366.1 0.912901
-1365.9 0.913775
-1365.7 0.914637
-1365.5 0.915548
-1365.3 0.916339
-1365.1 0.917134
-1364.9 0.917954
-1364.7 0.918782
-1364.5 0.91967
-1364.3 0.920485
-1364.1 0.92138
-1363.9 0.922243
-1363.7 0.923082
-1363.5 0.923939
-1363.3 0.924765
-1363.1 0.925571
-1362.9 0.926385
-1362.7 0.927235
-1362.5 0.928095
-1362.3 0.928955
-1362.1 0.929811
-1361.9 0.930587
-1361.7 0.931389
-1361.5 0.932182
-1361.3 0.932981
-1361.1 0.933762
-1360.9 0.934578
-1360.7 0.935385
-1360.5 0.936182
-1360.3 0.936993
-1360.1 0.937855
-1359.9 0.938648
-1359.7 0.939397
-1359.5 0.940224
-1359.3 0.940975
-1359.1 0.941749
-1358.9 0.942539
-1358.7 0.943315
-1358.5 0.944071
-1358.3 0.944833
-1358.1 0.945547
-1357.9 0.946349
-1357.7 0.947083
-1357.5 0.94786
-1357.3 0.948631
-1357.1 0.94934
-1356.9 0.950082
-1356.7 0.950733
-1356.5 0.95143
-1356.3 0.952218
-1356.1 0.952913
-1355.9 0.953636
-1355.7 0.954321
-1355.5 0.955077
-1355.3 0.955758
-1355.1 0.956457
-1354.9 0.957176
-1354.7 0.95778
-1354.5 0.95844
-1354.3 0.959165
-1354.1 0.959798
-1353.9 0.960453
-1353.7 0.961083
-1353.5 0.961713
-1353.3 0.962338
-1353.1 0.962996
-1352.9 0.963542
-1352.7 0.96416
-1352.5 0.964788
-1352.3 0.965385
-1352.1 0.965906
-1351.9 0.966499
-1351.7 0.967066
-1351.5 0.967645
-1351.3 0.968219
-1351.1 0.968816
-1350.9 0.969395
-1350.7 0.969916
-1350.5 0.970348
-1350.3 0.970917
-1350.1 0.971406
-1349.9 0.97187
-1349.7 0.972372
-1349.5 0.972877
-1349.3 0.973391
-1349.1 0.973907
-1348.9 0.974357
-1348.7 0.974808
-1348.5 0.975229
-1348.3 0.975654
-1348.1 0.976143
-1347.9 0.976547
-1347.7 0.977049
-1347.5 0.977498
-1347.3 0.97787
-1347.1 0.978283
-1346.9 0.978683
-1346.7 0.979113
-1346.5 0.979525
-1346.3 0.979959
-1346.1 0.980392
-1345.9 0.980817
-1345.7 0.981245
-1345.5 0.981649
-1345.3 0.982002
-1345.1 0.982349
-1344.9 0.982709
-1344.7 0.983116
-1344.5 0.983497
-1344.3 0.983806
-1344.1 0.984162
-1343.9 0.984466
-1343.7 0.984785
-1343.5 0.985064
-1343.3 0.985349
-1343.1 0.985647
-1342.9 0.985896
-1342.7 0.986212
-1342.5 0.986542
-1342.3 0.986863
-1342.1 0.987132
-1341.9 0.987448
-1341.7 0.987746
-1341.5 0.988034
-1341.3 0.988325
-1341.1 0.988606
-1340.9 0.988885
-1340.7 0.989113
-1340.5 0.98935
-1340.3 0.989564
-1340.1 0.989773
-1339.9 0.990014
-1339.7 0.990228
-1339.5 0.990463
-1339.3 0.990686
-1339.1 0.990893
-1338.9 0.991081
-1338.7 0.991281
-1338.5 0.991511
-1338.3 0.991716
-1338.1 0.9919
-1337.9 0.99209
-1337.7 0.992304
-1337.5 0.992502
-1337.3 0.992667
-1337.1 0.992862
-1336.9 0.993034
-1336.7 0.993229
-1336.5 0.99341
-1336.3 0.993568
-1336.1 0.993708
-1335.9 0.993873
-1335.7 0.994022
-1335.5 0.994201
-1335.3 0.994359
-1335.1 0.994491
-1334.9 0.9946
-1334.7 0.994703
-1334.5 0.99484
-1334.3 0.994977
-1334.1 0.995084
-1333.9 0.995184
-1333.7 0.995314
-1333.5 0.995433
-1333.3 0.995565
-1333.1 0.995663
-1332.9 0.995763
-1332.7 0.995853
-1332.5 0.995951
-1332.3 0.996076
-1332.1 0.996174
-1331.9 0.996293
-1331.7 0.9964
-1331.5 0.996527
-1331.3 0.996634
-1331.1 0.996697
-1330.9 0.996806
-1330.7 0.996904
-1330.5 0.997009
-1330.3 0.997097
-1330.1 0.997171
-1329.9 0.99725
-1329.7 0.997336
-1329.5 0.997413
-1329.3 0.997471
-1329.1 0.99755
-1328.9 0.997618
-1328.7 0.997673
-1328.5 0.997743
-1328.3 0.99782
-1328.1 0.997885
-1327.9 0.997924
-1327.7 0.997962
-1327.5 0.998031
-1327.3 0.998078
-1327.1 0.998127
-1326.9 0.998166
-1326.7 0.998201
-1326.5 0.998252
-1326.3 0.998294
-1326.1 0.998343
-1325.9 0.998378
-1325.7 0.998419
-1325.5 0.998447
-1325.3 0.998478
-1325.1 0.998531
-1324.9 0.998577
-1324.7 0.99861
-1324.5 0.998659
-1324.3 0.998687
-1324.1 0.998703
-1323.9 0.998729
-1323.7 0.998754
-1323.5 0.998787
-1323.3 0.998819
-1323.1 0.998842
-1322.9 0.998859
-1322.7 0.998882
-1322.5 0.998905
-1322.3 0.998931
-1322.1 0.998952
-1321.9 0.998959
-1321.7 0.998966
-1321.5 0.99898
-1321.3 0.998987
-1321.1 0.998991
-1320.9 0.998998
-1320.7 0.999021
-1320.5 0.999045
-1320.3 0.999063
-1320.1 0.999087
-1319.9 0.999103
-1319.7 0.999121
-1319.5 0.999142
-1319.3 0.999156
-1319.1 0.999177
-1318.9 0.999196
-1318.7 0.999203
-1318.5 0.999224
-1318.3 0.999228
-1318.1 0.999238
-1317.9 0.999252
-1317.7 0.99927
-1317.5 0.999286
-1317.3 0.999303
-1317.1 0.999317
-1316.9 0.999333
-1316.7 0.999342
-1316.5 0.999347
-1316.3 0.999361
-1316.1 0.999379
-1315.9 0.999393
-1315.7 0.999396
-1315.5 0.9994
-1315.3 0.999407
-1315.1 0.999424
-1314.9 0.999428
-1314.7 0.99944
-1314.5 0.999447
-1314.3 0.999463
-1314.1 0.999468
-1313.9 0.999479
-1313.7 0.999486
-1313.5 0.999498
-1313.3 0.999503
-1313.1 0.999505
-1312.9 0.999514
-1312.7 0.999519
-1312.5 0.999524
-1312.3 0.99953
-1312.1 0.999542
-1311.9 0.999547
-1311.7 0.999549
-1311.5 0.99957
-1311.3 0.999577
-1311.1 0.999589
-1310.9 0.999591
-1310.7 0.999596
-1310.5 0.999603
-1310.3 0.999612
-1310.1 0.999633
-1309.9 0.99964
-1309.7 0.999644
-1309.5 0.999651
-1309.3 0.999658
-1309.1 0.999668
-1308.9 0.99967
-1308.7 0.999679
-1308.5 0.999693
-1308.3 0.999705
-1308.1 0.999707
-1307.9 0.999714
-1307.7 0.999733
-1307.5 0.999735
-1307.3 0.99974
-1307.1 0.999749
-1306.9 0.999751
-1306.7 0.999756
-1306.5 0.999768
-1306.3 0.999772
-1306.1 0.999779
-1305.9 0.999786
-1305.7 0.999795
-1305.5 0.999809
-1305.3 0.999816
-1305.1 0.999821
-1304.9 0.999828
-1304.7 0.99984
-1304.5 0.999858
-1304.3 0.999861
-1304.1 0.99987
-1303.9 0.999879
-1303.7 0.999886
-1303.5 0.999886
-1303.3 0.999888
-1303.1 0.999898
-1302.9 0.999905
-1302.7 0.999909
-1302.5 0.999912
-1302.3 0.999916
-1302.1 0.99993
-1301.9 0.999935
-1301.7 0.999935
-1301.5 0.999944
-1301.3 0.999956
-1301.1 0.99996
-1300.9 0.999967
-1300.7 0.999974
-1300.5 0.999986
-1300.3 0.999988
-1300.1 0.999988
-1299.9 1
