1450
-1589.7 2.31555e-06
-1589.5 6.94665e-06
-1589.3 9.2622e-06
-1589.1 9.2622e-06
-1588.9 9.2622e-06
-1588.7 1.15777e-05
-1588.5 2.31555e-05
-1588.3 2.77866e-05
-1588.1 3.01021e-05
-1587.9 3.01021e-05
-1587.7 3.01021e-05
-1587.5 3.01021e-05
-1587.3 3.24177e-05
-1587.1 3.47332e-05
-1586.9 4.39954e-05
-1586.7 4.86265e-05
-1586.5 4.86265e-05
-1586.3 5.09421e-05
-1586.1 5.32576e-05
-1585.9 5.78887e-05
-1585.7 6.48354e-05
-1585.5 6.71509e-05
-1585.3 7.1782e-05
-1585.1 7.40976e-05
-1584.9 8.56753e-05
-1584.7 8.79909e-05
-1584.5 9.03064e-05
-1584.3 9.49375e-05
-1584.1 9.95686e-05
-1583.9 0.000101884
-1583.7 0.000106515
-1583.5 0.000111146
-1583.3 0.000113462
-1583.1 0.00012504
-1582.9 0.000129671
-1582.7 0.000131986
-1582.5 0.000134302
-1582.3 0.000136617
-1582.1 0.000138933
-1581.9 0.000141248
-1581.7 0.000141248
-1581.5 0.000150511
-1581.3 0.000152826
-1581.1 0.000155142
-1580.9 0.000157457
-1580.7 0.000162088
-1580.5 0.000164404
-1580.3 0.000164404
-1580.1 0.000173666
-1579.9 0.000175982
-1579.7 0.000180613
-1579.5 0.000182928
-1579.3 0.000182928
-1579.1 0.000199137
-1578.9 0.000208399
-1578.7 0.000219977
-1578.5 0.000224608
-1578.3 0.000229239
-1578.1 0.000231555
-1577.9 0.000238502
-1577.7 0.000247764
-1577.5 0.000257026
-1577.3 0.000263973
-1577.1 0.000268604
-1576.9 0.000273235
-1576.7 0.000277866
-1576.5 0.000284813
-1576.3 0.000287128
-1576.1 0.000289444
-1575.9 0.00029639
-1575.7 0.000301021
-1575.5 0.000307968
-1575.3 0.00031723
-1575.1 0.000319546
-1574.9 0.000331124
-1574.7 0.000335755
-1574.5 0.000342701
-1574.3 0.000361226
-1574.1 0.000372803
-1573.9 0.000375119
-1573.7 0.00037975
-1573.5 0.000391328
-1573.3 0.000405221
-1573.1 0.000430692
-1572.9 0.000446901
-1572.7 0.000470056
-1572.5 0.000493212
-1572.3 0.000514052
-1572.1 0.000532576
-1571.9 0.000574256
-1571.7 0.000606674
-1571.5 0.000657616
-1571.3 0.000708558
-1571.1 0.000754869
-1570.9 0.000826651
-1570.7 0.000893802
-1570.5 0.000979477
-1570.3 0.00105821
-1570.1 0.00114851
-1569.9 0.00125271
-1569.7 0.00140322
-1569.5 0.00155142
-1569.3 0.00168572
-1569.1 0.00185244
-1568.9 0.00204
-1568.7 0.00222061
-1568.5 0.0024267
-1568.3 0.00264436
-1568.1 0.00291528
-1567.9 0.00317693
-1567.7 0.00346638
-1567.5 0.00378129
-1567.3 0.00411242
-1567.1 0.00445049
-1566.9 0.00483255
-1566.7 0.00523546
-1566.5 0.00563373
-1566.3 0.00614547
-1566.1 0.00661784
-1565.9 0.00708095
-1565.7 0.00768994
-1565.5 0.00827809
-1565.3 0.00885698
-1565.1 0.00951922
-1564.9 0.0101259
-1564.7 0.0108275
-1564.5 0.0115592
-1564.3 0.012365
-1564.1 0.0132334
-1563.9 0.014104
-1563.7 0.0150094
-1563.5 0.0158731
-1563.3 0.0168572
-1563.1 0.0178413
-1562.9 0.0188254
-1562.7 0.0198581
-1562.5 0.021009
-1562.3 0.0220834
-1562.1 0.0231972
-1561.9 0.0243017
-1561.7 0.0254571
-1561.5 0.0265756
-1561.3 0.0278514
-1561.1 0.0290833
-1560.9 0.0303036
-1560.7 0.0316443
-1560.5 0.0329178
-1560.3 0.0343697
-1560.1 0.0357428
-1559.9 0.0372155
-1559.7 0.0386905
-1559.5 0.0401678
-1559.3 0.0415271
-1559.1 0.0430229
-1558.9 0.0444354
-1558.7 0.0458201
-1558.5 0.0471446
-1558.3 0.0485432
-1558.1 0.0500367
-1557.9 0.0514098
-1557.7 0.052857
-1557.5 0.0542996
-1557.3 0.0557746
-1557.1 0.0571408
-1556.9 0.0586598
-1556.7 0.0601186
-1556.5 0.0615867
-1556.3 0.0627931
-1556.1 0.0641106
-1555.9 0.0655601
-1555.7 0.0669657
-1555.5 0.0683434
-1555.3 0.0697536
-1555.1 0.071173
-1554.9 0.0725068
-1554.7 0.073917
-1554.5 0.0753156
-1554.3 0.0765798
-1554.1 0.0779738
-1553.9 0.0792381
-1553.7 0.0805603
-1553.5 0.0817921
-1553.3 0.0831213
-1553.1 0.0845615
-1552.9 0.0859601
-1552.7 0.0872545
-1552.5 0.088535
-1552.3 0.0899475
-1552.1 0.0911284
-1551.9 0.0922098
-1551.7 0.0933352
-1551.5 0.0945392
-1551.3 0.0958128
-1551.1 0.0969984
-1550.9 0.0982163
-1550.7 0.0993463
-1550.5 0.10049
-1550.3 0.101676
-1550.1 0.102829
-1549.9 0.103917
-1549.7 0.105142
-1549.5 0.106291
-1549.3 0.107446
-1549.1 0.108609
-1548.9 0.109655
-1548.7 0.110783
-1548.5 0.111966
-1548.3 0.113103
-1548.1 0.114217
-1547.9 0.115409
-1547.7 0.116514
-1547.5 0.117558
-1547.3 0.118639
-1547.1 0.119675
-1546.9 0.12071
-1546.7 0.121779
-1546.5 0.122889
-1546.3 0.123921
-1546.1 0.12497
-1545.9 0.126014
-1545.7 0.12707
-1545.5 0.128217
-1545.3 0.129259
-1545.1 0.130372
-1544.9 0.131438
-1544.7 0.132422
-1544.5 0.133322
-1544.3 0.134353
-1544.1 0.135388
-1543.9 0.136448
-1543.7 0.137437
-1543.5 0.138588
-1543.3 0.139498
-1543.1 0.140521
-1542.9 0.141501
-1542.7 0.14248
-1542.5 0.143346
-1542.3 0.144342
-1542.1 0.145342
-1541.9 0.146382
-1541.7 0.147294
-1541.5 0.148149
-1541.3 0.149233
-1541.1 0.15021
-1540.9 0.151099
-1540.7 0.152159
-1540.5 0.15316
-1540.3 0.154116
-1540.1 0.155033
-1539.9 0.155922
-1539.7 0.156865
-1539.5 0.157821
-1539.3 0.158821
-1539.1 0.159752
-1538.9 0.160678
-1538.7 0.161574
-1538.5 0.162526
-1538.3 0.163598
-1538.1 0.164578
-1537.9 0.165536
-1537.7 0.166557
-1537.5 0.167437
-1537.3 0.168496
-1537.1 0.169517
-1536.9 0.170492
-1536.7 0.171371
-1536.5 0.172295
-1536.3 0.1733
-1536.1 0.174289
-1535.9 0.175264
-1535.7 0.176255
-1535.5 0.17717
-1535.3 0.1781
-1535.1 0.179078
-1534.9 0.180122
-1534.7 0.180946
-1534.5 0.181815
-1534.3 0.182662
-1534.1 0.183542
-1533.9 0.184475
-1533.7 0.185357
-1533.5 0.186281
-1533.3 0.187217
-1533.1 0.188138
-1532.9 0.189039
-1532.7 0.190007
-1532.5 0.190991
-1532.3 0.191957
-1532.1 0.192855
-1531.9 0.193805
-1531.7 0.194796
-1531.5 0.195682
-1531.3 0.19656
-1531.1 0.197505
-1530.9 0.198412
-1530.7 0.199292
-1530.5 0.200295
-1530.3 0.201228
-1530.1 0.202127
-1529.9 0.203025
-1529.7 0.20391
-1529.5 0.204889
-1529.3 0.205822
-1529.1 0.20673
-1528.9 0.207554
-1528.7 0.20848
-1528.5 0.209351
-1528.3 0.210289
-1528.1 0.21121
-1527.9 0.212088
-1527.7 0.212931
-1527.5 0.213785
-1527.3 0.214619
-1527.1 0.21546
-1526.9 0.216423
-1526.7 0.217333
-1526.5 0.218287
-1526.3 0.219236
-1526.1 0.220174
-1525.9 0.221068
-1525.7 0.222008
-1525.5 0.222946
-1525.3 0.223756
-1525.1 0.224666
-1524.9 0.225497
-1524.7 0.226458
-1524.5 0.227355
-1524.3 0.228246
-1524.1 0.229142
-1523.9 0.230029
-1523.7 0.230974
-1523.5 0.231891
-1523.3 0.23281
-1523.1 0.233694
-1522.9 0.234584
-1522.7 0.235396
-1522.5 0.236267
-1522.3 0.237128
-1522.1 0.237994
-1521.9 0.238914
-1521.7 0.239733
-1521.5 0.240678
-1521.3 0.24157
-1521.1 0.242473
-1520.9 0.243332
-1520.7 0.24417
-1520.5 0.245092
-1520.3 0.246041
-1520.1 0.246888
-1519.9 0.247836
-1519.7 0.248651
-1519.5 0.249496
-1519.3 0.250362
-1519.1 0.251191
-1518.9 0.252059
-1518.7 0.252976
-1518.5 0.253935
-1518.3 0.254884
-1518.1 0.255757
-1517.9 0.256649
-1517.7 0.257526
-1517.5 0.258394
-1517.3 0.259214
-1517.1 0.260073
-1516.9 0.260904
-1516.7 0.26184
-1516.5 0.262678
-1516.3 0.263565
-1516.1 0.264452
-1515.9 0.26533
-1515.7 0.266267
-1515.5 0.267136
-1515.3 0.267983
-1515.1 0.268798
-1514.9 0.269629
-1514.7 0.270461
-1514.5 0.271422
-1514.3 0.272309
-1514.1 0.273135
-1513.9 0.274031
-1513.7 0.274948
-1513.5 0.275858
-1513.3 0.276768
-1513.1 0.277708
-1512.9 0.278489
-1512.7 0.279427
-1512.5 0.280346
-1512.3 0.281274
-1512.1 0.282154
-1511.9 0.283013
-1511.7 0.283923
-1511.5 0.284792
-1511.3 0.285727
-1511.1 0.286653
-1510.9 0.287556
-1510.7 0.288466
-1510.5 0.289342
-1510.3 0.290277
-1510.1 0.291178
-1509.9 0.292102
-1509.7 0.293077
-1509.5 0.293901
-1509.3 0.294804
-1509.1 0.295726
-1508.9 0.296647
-1508.7 0.29746
-1508.5 0.29824
-1508.3 0.299139
-1508.1 0.299975
-1507.9 0.300801
-1507.7 0.301605
-1507.5 0.302473
-1507.3 0.303365
-1507.1 0.30424
-1506.9 0.305057
-1506.7 0.305944
-1506.5 0.306762
-1506.3 0.307672
-1506.1 0.308602
-1505.9 0.309517
-1505.7 0.310323
-1505.5 0.311159
-1505.3 0.312002
-1505.1 0.312893
-1504.9 0.313794
-1504.7 0.314641
-1504.5 0.315454
-1504.3 0.316327
-1504.1 0.31717
-1503.9 0.318073
-1503.7 0.318967
-1503.5 0.319796
-1503.3 0.320685
-1503.1 0.321523
-1502.9 0.322436
-1502.7 0.32323
-1502.5 0.324107
-1502.3 0.324973
-1502.1 0.325902
-1501.9 0.326696
-1501.7 0.32762
-1501.5 0.32837
-1501.3 0.32922
-1501.1 0.330176
-1500.9 0.331068
-1500.7 0.331941
-1500.5 0.332805
-1500.3 0.333768
-1500.1 0.334666
-1499.9 0.335595
-1499.7 0.336512
-1499.5 0.337385
-1499.3 0.338385
-1499.1 0.339323
-1498.9 0.340189
-1498.7 0.341143
-1498.5 0.341916
-1498.3 0.342838
-1498.1 0.34363
-1497.9 0.344505
-1497.7 0.345378
-1497.5 0.346256
-1497.3 0.347131
-1497.1 0.347974
-1496.9 0.348861
-1496.7 0.349856
-1496.5 0.350736
-1496.3 0.351572
-1496.1 0.352438
-1495.9 0.353339
-1495.7 0.354223
-1495.5 0.355096
-1495.3 0.355944
-1495.1 0.356798
-1494.9 0.357676
-1494.7 0.358466
-1494.5 0.359392
-1494.3 0.360274
-1494.1 0.361156
-1493.9 0.362062
-1493.7 0.362928
-1493.5 0.36374
-1493.3 0.364562
-1493.1 0.365347
-1492.9 0.36616
-1492.7 0.367005
-1492.5 0.367881
-1492.3 0.368663
-1492.1 0.369441
-1491.9 0.370245
-1491.7 0.371134
-1491.5 0.372002
-1491.3 0.372799
-1491.1 0.373667
-1490.9 0.374501
-1490.7 0.37536
-1490.5 0.376184
-1490.3 0.376967
-1490.1 0.377833
-1489.9 0.378636
-1489.7 0.379461
-1489.5 0.380405
-1489.3 0.381299
-1489.1 0.382126
-1488.9 0.382973
-1488.7 0.383712
-1488.5 0.384513
-1488.3 0.385349
-1488.1 0.386217
-1487.9 0.387042
-1487.7 0.387905
-1487.5 0.388852
-1487.3 0.389744
-1487.1 0.390656
-1486.9 0.391539
-1486.7 0.392377
-1486.5 0.393245
-1486.3 0.394127
-1486.1 0.394952
-1485.9 0.395822
-1485.7 0.396667
-1485.5 0.397568
-1485.3 0.398443
-1485.1 0.399335
-1484.9 0.40028
-1484.7 0.401176
-1484.5 0.402012
-1484.3 0.402889
-1484.1 0.40376
-1483.9 0.404668
-1483.7 0.405524
-1483.5 0.406414
-1483.3 0.407247
-1483.1 0.408072
-1482.9 0.409007
-1482.7 0.409864
-1482.5 0.410832
-1482.3 0.411698
-1482.1 0.412568
-1481.9 0.413458
-1481.7 0.4143
-1481.5 0.415278
-1481.3 0.416123
-1481.1 0.416954
-1480.9 0.41779
-1480.7 0.418716
-1480.5 0.419506
-1480.3 0.420323
-1480.1 0.421252
-1479.9 0.422217
-1479.7 0.423062
-1479.5 0.423882
-1479.3 0.424801
-1479.1 0.425723
-1478.9 0.426603
-1478.7 0.427448
-1478.5 0.428289
-1478.3 0.429122
-1478.1 0.430009
-1477.9 0.430854
-1477.7 0.431806
-1477.5 0.432716
-1477.3 0.433605
-1477.1 0.434439
-1476.9 0.435295
-1476.7 0.436208
-1476.5 0.437065
-1476.3 0.437984
-1476.1 0.438836
-1475.9 0.439725
-1475.7 0.440556
-1475.5 0.441432
-1475.3 0.442235
-1475.1 0.443076
-1474.9 0.443981
-1474.7 0.444808
-1474.5 0.445695
-1474.3 0.446561
-1474.1 0.447441
-1473.9 0.448302
-1473.7 0.449122
-1473.5 0.44996
-1473.3 0.450814
-1473.1 0.451752
-1472.9 0.452632
-1472.7 0.453535
-1472.5 0.454297
-1472.3 0.455198
-1472.1 0.456094
-1471.9 0.456955
-1471.7 0.457877
-1471.5 0.458715
-1471.3 0.459588
-1471.1 0.460352
-1470.9 0.46125
-1470.7 0.462137
-1470.5 0.463022
-1470.3 0.463802
-1470.1 0.464661
-1469.9 0.465516
-1469.7 0.466409
-1469.5 0.467206
-1469.3 0.468005
-1469.1 0.468882
-1468.9 0.469774
-1468.7 0.470663
-1468.5 0.471601
-1468.3 0.472474
-1468.1 0.473428
-1467.9 0.474264
-1467.7 0.475107
-1467.5 0.475929
-1467.3 0.47676
-1467.1 0.477596
-1466.9 0.478441
-1466.7 0.479337
-1466.5 0.480217
-1466.3 0.481176
-1466.1 0.482102
-1465.9 0.483028
-1465.7 0.483846
-1465.5 0.484732
-1465.3 0.485543
-1465.1 0.486462
-1464.9 0.487314
-1464.7 0.488034
-1464.5 0.488863
-1464.3 0.489757
-1464.1 0.490656
-1463.9 0.491501
-1463.7 0.492427
-1463.5 0.493265
-1463.3 0.494006
-1463.1 0.494877
-1462.9 0.495717
-1462.7 0.496572
-1462.5 0.497398
-1462.3 0.498274
-1462.1 0.49914
-1461.9 0.499955
-1461.7 0.500832
-1461.5 0.501668
-1461.3 0.502578
-1461.1 0.503449
-1460.9 0.504373
-1460.7 0.505193
-1460.5 0.506068
-1460.3 0.506952
-1460.1 0.507719
-1459.9 0.508583
-1459.7 0.509405
-1459.5 0.510271
-1459.3 0.511093
-1459.1 0.511956
-1458.9 0.512839
-1458.7 0.513614
-1458.5 0.514459
-1458.3 0.515353
-1458.1 0.516182
-1457.9 0.517048
-1457.7 0.517933
-1457.5 0.518776
-1457.3 0.519697
-1457.1 0.520491
-1456.9 0.521327
-1456.7 0.522235
-1456.5 0.523133
-1456.3 0.524053
-1456.1 0.524863
-1455.9 0.525734
-1455.7 0.526646
-1455.5 0.527547
-1455.3 0.528475
-1455.1 0.529277
-1454.9 0.530207
-1454.7 0.531097
-1454.5 0.532028
-1454.3 0.532984
-1454.1 0.533898
-1453.9 0.534781
-1453.7 0.535596
-1453.5 0.53648
-1453.3 0.537321
-1453.1 0.538254
-1452.9 0.539088
-1452.7 0.539926
-1452.5 0.540773
-1452.3 0.541663
-1452.1 0.542556
-1451.9 0.543432
-1451.7 0.544298
-1451.5 0.545219
-1451.3 0.546097
-1451.1 0.546981
-1450.9 0.54788
-1450.7 0.548727
-1450.5 0.54973
-1450.3 0.550647
-1450.1 0.551596
-1449.9 0.552515
-1449.7 0.553305
-1449.5 0.554141
-1449.3 0.55497
-1449.1 0.555855
-1448.9 0.556707
-1448.7 0.557547
-1448.5 0.558399
-1448.3 0.559221
-1448.1 0.560034
-1447.9 0.560796
-1447.7 0.561639
-1447.5 0.562533
-1447.3 0.56338
-1447.1 0.564265
-1446.9 0.565175
-1446.7 0.566052
-1446.5 0.566988
-1446.3 0.567912
-1446.1 0.568798
-1445.9 0.569646
-1445.7 0.570537
-1445.5 0.571424
-1445.3 0.572316
-1445.1 0.573131
-1444.9 0.573939
-1444.7 0.574814
-1444.5 0.575722
-1444.3 0.576579
-1444.1 0.577405
-1443.9 0.578253
-1443.7 0.579151
-1443.5 0.580038
-1443.3 0.580899
-1443.1 0.581735
-1442.9 0.582511
-1442.7 0.583419
-1442.5 0.584234
-1442.3 0.585095
-1442.1 0.585959
-1441.9 0.586804
-1441.7 0.587617
-1441.5 0.588564
-1441.3 0.589495
-1441.1 0.590315
-1440.9 0.591123
-1440.7 0.592003
-1440.5 0.592887
-1440.3 0.593647
-1440.1 0.594513
-1439.9 0.595349
-1439.7 0.596219
-1439.5 0.59709
-1439.3 0.597956
-1439.1 0.598801
-1438.9 0.599648
-1438.7 0.600457
-1438.5 0.601325
-1438.3 0.602256
-1438.1 0.603087
-1437.9 0.603976
-1437.7 0.604877
-1437.5 0.605755
-1437.3 0.606597
-1437.1 0.607475
-1436.9 0.608336
-1436.7 0.609165
-1436.5 0.609978
-1436.3 0.610849
-1436.1 0.611722
-1435.9 0.612597
-1435.7 0.613495
-1435.5 0.614368
-1435.3 0.615281
-1435.1 0.616126
-1434.9 0.617013
-1434.7 0.617904
-1434.5 0.618745
-1434.3 0.61965
-1434.1 0.62053
-1433.9 0.621357
-1433.7 0.622274
-1433.5 0.623103
-1433.3 0.62395
-1433.1 0.624823
-1432.9 0.625682
-1432.7 0.626548
-1432.5 0.627426
-1432.3 0.628361
-1432.1 0.629246
-1431.9 0.630017
-1431.7 0.63095
-1431.5 0.631849
-1431.3 0.632715
-1431.1 0.633534
-1430.9 0.634419
-1430.7 0.635229
-1430.5 0.635996
-1430.3 0.63679
-1430.1 0.63761
-1429.9 0.638478
-1429.7 0.639349
-1429.5 0.640205
-1429.3 0.641018
-1429.1 0.641873
-1428.9 0.642732
-1428.7 0.6436
-1428.5 0.644471
-1428.3 0.645302
-1428.1 0.646272
-1427.9 0.647129
-1427.7 0.648081
-1427.5 0.648933
-1427.3 0.649806
-1427.1 0.650706
-1426.9 0.651579
-1426.7 0.652431
-1426.5 0.653233
-1426.3 0.654029
-1426.1 0.654851
-1425.9 0.655824
-1425.7 0.656706
-1425.5 0.657533
-1425.3 0.65847
-1425.1 0.659362
-1424.9 0.660228
-1424.7 0.66114
-1424.5 0.662018
-1424.3 0.662872
-1424.1 0.66372
-1423.9 0.664579
-1423.7 0.665477
-1423.5 0.666299
-1423.3 0.6672
-1423.1 0.668048
-1422.9 0.668971
-1422.7 0.669824
-1422.5 0.670789
-1422.3 0.671595
-1422.1 0.672574
-1421.9 0.673443
-1421.7 0.674394
-1421.5 0.675221
-1421.3 0.676101
-1421.1 0.676948
-1420.9 0.677847
-1420.7 0.678731
-1420.5 0.679727
-1420.3 0.680579
-1420.1 0.681489
-1419.9 0.682318
-1419.7 0.683184
-1419.5 0.684064
-1419.3 0.684965
-1419.1 0.685792
-1418.9 0.686579
-1418.7 0.687477
-1418.5 0.68839
-1418.3 0.68926
-1418.1 0.690059
-1417.9 0.690939
-1417.7 0.691782
-1417.5 0.692578
-1417.3 0.693498
-1417.1 0.694394
-1416.9 0.69523
-1416.7 0.69614
-1416.5 0.697045
-1416.3 0.697904
-1416.1 0.698703
-1415.9 0.699551
-1415.7 0.700361
-1415.5 0.701264
-1415.3 0.702121
-1415.1 0.702975
-1414.9 0.703904
-1414.7 0.7048
-1414.5 0.705814
-1414.3 0.706669
-1414.1 0.707498
-1413.9 0.70838
-1413.7 0.709308
-1413.5 0.710153
-1413.3 0.711013
-1413.1 0.711913
-1412.9 0.712728
-1412.7 0.713506
-1412.5 0.714363
-1412.3 0.715257
-1412.1 0.716169
-1411.9 0.716961
-1411.7 0.717779
-1411.5 0.718702
-1411.3 0.719552
-1411.1 0.720342
-1410.9 0.721118
-1410.7 0.721977
-1410.5 0.722822
-1410.3 0.723711
-1410.1 0.724658
-1409.9 0.725459
-1409.7 0.726314
-1409.5 0.727147
-1409.3 0.727953
-1409.1 0.728842
-1408.9 0.729706
-1408.7 0.730556
-1408.5 0.731399
-1408.3 0.732269
-1408.1 0.733105
-1407.9 0.73395
-1407.7 0.734791
-1407.5 0.735583
-1407.3 0.736389
-1407.1 0.737236
-1406.9 0.738088
-1406.7 0.738917
-1406.5 0.739883
-1406.3 0.74076
-1406.1 0.74164
-1405.9 0.742495
-1405.7 0.743319
-1405.5 0.744136
-1405.3 0.744896
-1405.1 0.745862
-1404.9 0.746647
-1404.7 0.747473
-1404.5 0.748295
-1404.3 0.749212
-1404.1 0.75005
-1403.9 0.750912
-1403.7 0.751778
-1403.5 0.752653
-1403.3 0.753468
-1403.1 0.754332
-1402.9 0.755209
-1402.7 0.756089
-1402.5 0.756884
-1402.3 0.757687
-1402.1 0.758474
-1401.9 0.759292
-1401.7 0.76016
-1401.5 0.760952
-1401.3 0.761878
-1401.1 0.762763
-1400.9 0.763661
-1400.7 0.764488
-1400.5 0.765363
-1400.3 0.766211
-1400.1 0.767049
-1399.9 0.767915
-1399.7 0.768725
-1399.5 0.769587
-1399.3 0.770478
-1399.1 0.771363
-1398.9 0.772206
-1398.7 0.773085
-1398.5 0.774021
-1398.3 0.774922
-1398.1 0.775758
-1397.9 0.776594
-1397.7 0.777476
-1397.5 0.778353
-1397.3 0.779189
-1397.1 0.780034
-1396.9 0.780873
-1396.7 0.781778
-1396.5 0.782649
-1396.3 0.783568
-1396.1 0.784422
-1395.9 0.785184
-1395.7 0.786025
-1395.5 0.786847
-1395.3 0.787796
-1395.1 0.788614
-1394.9 0.78951
-1394.7 0.790394
-1394.5 0.791256
-1394.3 0.792078
-1394.1 0.793011
-1393.9 0.79384
-1393.7 0.79469
-1393.5 0.795565
-1393.3 0.796371
-1393.1 0.797248
-1392.9 0.798031
-1392.7 0.798929
-1392.5 0.799816
-1392.3 0.800671
-1392.1 0.801525
-1391.9 0.802417
-1391.7 0.803218
-1391.5 0.804003
-1391.3 0.804852
-1391.1 0.805728
-1390.9 0.806594
-1390.7 0.807522
-1390.5 0.808372
-1390.3 0.809176
-1390.1 0.81
-1389.9 0.810783
-1389.7 0.811686
-1389.5 0.81257
-1389.3 0.813339
-1389.1 0.814205
-1388.9 0.815002
-1388.7 0.81584
-1388.5 0.816666
-1388.3 0.817553
-1388.1 0.818422
-1387.9 0.81922
-1387.7 0.820047
-1387.5 0.820895
-1387.3 0.821798
-1387.1 0.822661
-1386.9 0.823544
-1386.7 0.824451
-1386.5 0.82525
-1386.3 0.826072
-1386.1 0.826829
-1385.9 0.827686
-1385.7 0.828596
-1385.5 0.829448
-1385.3 0.830344
-1385.1 0.83121
-1384.9 0.832072
-1384.7 0.832915
-1384.5 0.833792
-1384.3 0.83461
-1384.1 0.835404
-1383.9 0.836265
-1383.7 0.837071
-1383.5 0.837877
-1383.3 0.838708
-1383.1 0.839507
-1382.9 0.84032
-1382.7 0.841269
-1382.5 0.842156
-1382.3 0.843068
-1382.1 0.843955
-1381.9 0.844847
-1381.7 0.84574
-1381.5 0.846532
-1381.3 0.847391
-1381.1 0.848327
-1380.9 0.849149
-1380.7 0.850001
-1380.5 0.850849
-1380.3 0.851698
-1380.1 0.852599
-1379.9 0.853523
-1379.7 0.854384
-1379.5 0.85526
-1379.3 0.856151
-1379.1 0.857019
-1378.9 0.857897
-1378.7 0.85871
-1378.5 0.859557
-1378.3 0.860456
-1378.1 0.861306
-1377.9 0.862114
-1377.7 0.862961
-1377.5 0.863855
-1377.3 0.864765
-1377.1 0.865562
-1376.9 0.866404
-1376.7 0.86725
-1376.5 0.868039
-1376.3 0.86887
-1376.1 0.869688
-1375.9 0.870491
-1375.7 0.871374
-1375.5 0.872307
-1375.3 0.873115
-1375.1 0.874048
-1374.9 0.874886
-1374.7 0.875683
-1374.5 0.876507
-1374.3 0.877359
-1374.1 0.878116
-1373.9 0.879013
-1373.7 0.879925
-1373.5 0.880877
-1373.3 0.881662
-1373.1 0.882569
-1372.9 0.883433
-1372.7 0.884232
-1372.5 0.885091
-1372.3 0.885927
-1372.1 0.886702
-1371.9 0.887527
-1371.7 0.888386
-1371.5 0.889206
-1371.3 0.890037
-1371.1 0.890882
-1370.9 0.89185
-1370.7 0.892714
-1370.5 0.89361
-1370.3 0.894536
-1370.1 0.895388
-1369.9 0.896254
-1369.7 0.897157
-1369.5 0.898049
-1369.3 0.898926
-1369.1 0.899818
-1368.9 0.900765
-1368.7 0.901596
-1368.5 0.902404
-1368.3 0.903217
-1368.1 0.904104
-1367.9 0.904937
-1367.7 0.905813
-1367.5 0.906656
-1367.3 0.907526
-1367.1 0.908353
-1366.9 0.909281
-1366.7 0.910194
-1366.5 0.911064
-1366.3 0.911903
-1366.1 0.912755
-1365.9 0.913614
-1365.7 0.914471
-1365.5 0.915297
-1365.3 0.916078
-1365.1 0.916927
-1364.9 0.917742
-1364.7 0.91859
-1364.5 0.919509
-1364.3 0.92038
-1364.1 0.921211
-1363.9 0.922066
-1363.7 0.922813
-1363.5 0.92374
-1363.3 0.924643
-1363.1 0.925405
-1362.9 0.926363
-1362.7 0.927164
-1362.5 0.92807
-1362.3 0.928961
-1362.1 0.929839
-1361.9 0.930608
-1361.7 0.931425
-1361.5 0.932279
-1361.3 0.933053
-1361.1 0.933831
-1360.9 0.934604
-1360.7 0.935375
-1360.5 0.936232
-1360.3 0.937005
-1360.1 0.937837
-1359.9 0.938612
-1359.7 0.939393
-1359.5 0.940159
-1359.3 0.940928
-1359.1 0.941671
-1358.9 0.942438
-1358.7 0.943186
-1358.5 0.943934
-1358.3 0.944707
-1358.1 0.94548
-1357.9 0.94624
-1357.7 0.946939
-1357.5 0.947703
-1357.3 0.948458
-1357.1 0.949174
-1356.9 0.949945
-1356.7 0.950681
-1356.5 0.951353
-1356.3 0.952045
-1356.1 0.952747
-1355.9 0.953481
-1355.7 0.954141
-1355.5 0.954851
-1355.3 0.955553
-1355.1 0.956301
-1354.9 0.956977
-1354.7 0.957621
-1354.5 0.95832
-1354.3 0.959006
-1354.1 0.95967
-1353.9 0.960423
-1353.7 0.961043
-1353.5 0.961694
-1353.3 0.962321
-1353.1 0.96293
-1352.9 0.963523
-1352.7 0.964146
-1352.5 0.964718
-1352.3 0.965359
-1352.1 0.965971
-1351.9 0.966508
-1351.7 0.967059
-1351.5 0.967601
-1351.3 0.968103
-1351.1 0.968678
-1350.9 0.969247
-1350.7 0.969835
-1350.5 0.970356
-1350.3 0.970866
-1350.1 0.97134
-1349.9 0.971794
-1349.7 0.972304
-1349.5 0.972818
-1349.3 0.973339
-1349.1 0.97373
-1348.9 0.974237
-1348.7 0.97477
-1348.5 0.975212
-1348.3 0.975673
-1348.1 0.976099
-1347.9 0.976571
-1347.7 0.976983
-1347.5 0.977419
-1347.3 0.977863
-1347.1 0.978299
-1346.9 0.978685
-1346.7 0.979074
-1346.5 0.979505
-1346.3 0.979936
-1346.1 0.980304
-1345.9 0.980628
-1345.7 0.980973
-1345.5 0.981351
-1345.3 0.98173
-1345.1 0.982112
-1344.9 0.982457
-1344.7 0.982763
-1344.5 0.983103
-1344.3 0.983458
-1344.1 0.983763
-1343.9 0.984088
-1343.7 0.984386
-1343.5 0.984699
-1343.3 0.985014
-1343.1 0.985319
-1342.9 0.985634
-1342.7 0.98594
-1342.5 0.986209
-1342.3 0.986526
-1342.1 0.986813
-1341.9 0.987116
-1341.7 0.987378
-1341.5 0.987663
-1341.3 0.987915
-1341.1 0.988202
-1340.9 0.988503
-1340.7 0.98879
-1340.5 0.989038
-1340.3 0.989267
-1340.1 0.989513
-1339.9 0.989742
-1339.7 0.98999
-1339.5 0.990219
-1339.3 0.99046
-1339.1 0.990675
-1338.9 0.990916
-1338.7 0.991152
-1338.5 0.9913
-1338.3 0.991486
-1338.1 0.991683
-1337.9 0.991882
-1337.7 0.992062
-1337.5 0.992273
-1337.3 0.992481
-1337.1 0.992634
-1336.9 0.992803
-1336.7 0.992977
-1336.5 0.993155
-1336.3 0.99335
-1336.1 0.993498
-1335.9 0.993665
-1335.7 0.993841
-1335.5 0.993991
-1335.3 0.994142
-1335.1 0.994278
-1334.9 0.994399
-1334.7 0.994554
-1334.5 0.994709
-1334.3 0.994829
-1334.1 0.994961
-1333.9 0.995096
-1333.7 0.995221
-1333.5 0.995334
-1333.3 0.99545
-1333.1 0.995568
-1332.9 0.995675
-1332.7 0.995763
-1332.5 0.995881
-1332.3 0.995989
-1332.1 0.996128
-1331.9 0.996242
-1331.7 0.996314
-1331.5 0.996422
-1331.3 0.996531
-1331.1 0.996622
-1330.9 0.996682
-1330.7 0.996758
-1330.5 0.996823
-1330.3 0.996906
-1330.1 0.996985
-1329.9 0.997057
-1329.7 0.997133
-1329.5 0.997203
-1329.3 0.997282
-1329.1 0.997358
-1328.9 0.9974
-1328.7 0.99746
-1328.5 0.997518
-1328.3 0.997592
-1328.1 0.997638
-1327.9 0.997684
-1327.7 0.997742
-1327.5 0.997803
-1327.3 0.997849
-1327.1 0.997893
-1326.9 0.997941
-1326.7 0.99799
-1326.5 0.998039
-1326.3 0.998076
-1326.1 0.99812
-1325.9 0.998178
-1325.7 0.998231
-1325.5 0.998259
-1325.3 0.99831
-1325.1 0.99833
-1324.9 0.99837
-1324.7 0.998405
-1324.5 0.998437
-1324.3 0.998479
-1324.1 0.998509
-1323.9 0.998525
-1323.7 0.99856
-1323.5 0.998599
-1323.3 0.998625
-1323.1 0.998641
-1322.9 0.998664
-1322.7 0.998689
-1322.5 0.998726
-1322.3 0.99874
-1322.1 0.998761
-1321.9 0.998777
-1321.7 0.998782
-1321.5 0.998801
-1321.3 0.998812
-1321.1 0.998824
-1320.9 0.998845
-1320.7 0.998868
-1320.5 0.998895
-1320.3 0.998921
-1320.1 0.998944
-1319.9 0.998958
-1319.7 0.998986
-1319.5 0.999009
-1319.3 0.999014
-1319.1 0.999021
-1318.9 0.999039
-1318.7 0.999055
-1318.5 0.99906
-1318.3 0.999076
-1318.1 0.999085
-1317.9 0.999097
-1317.7 0.999118
-1317.5 0.999132
-1317.3 0.999136
-1317.1 0.999146
-1316.9 0.999159
-1316.7 0.999164
-1316.5 0.999173
-1316.3 0.999187
-1316.1 0.999201
-1315.9 0.999213
-1315.7 0.999224
-1315.5 0.999236
-1315.3 0.99925
-1315.1 0.999259
-1314.9 0.999271
-1314.7 0.999282
-1314.5 0.999284
-1314.3 0.999291
-1314.1 0.999296
-1313.9 0.999305
-1313.7 0.999324
-1313.5 0.999335
-1313.3 0.99934
-1313.1 0.999345
-1312.9 0.999349
-1312.7 0.999366
-1312.5 0.999375
-1312.3 0.999384
-1312.1 0.999389
-1311.9 0.999398
-1311.7 0.999412
-1311.5 0.999416
-1311.3 0.999426
-1311.1 0.999442
-1310.9 0.999454
-1310.7 0.999463
-1310.5 0.99947
-1310.3 0.999479
-1310.1 0.999495
-1309.9 0.999507
-1309.7 0.999521
-1309.5 0.999532
-1309.3 0.999542
-1309.1 0.999569
-1308.9 0.999579
-1308.7 0.99959
-1308.5 0.999604
-1308.3 0.999618
-1308.1 0.999632
-1307.9 0.999636
-1307.7 0.999648
-1307.5 0.999653
-1307.3 0.99966
-1307.1 0.999669
-1306.9 0.999678
-1306.7 0.999692
-1306.5 0.999699
-1306.3 0.999701
-1306.1 0.999708
-1305.9 0.999713
-1305.7 0.999718
-1305.5 0.999718
-1305.3 0.999731
-1305.1 0.999736
-1304.9 0.999738
-1304.7 0.999748
-1304.5 0.999761
-1304.3 0.999775
-1304.1 0.999785
-1303.9 0.999805
-1303.7 0.999817
-1303.5 0.999833
-1303.3 0.999838
-1303.1 0.999861
-1302.9 0.999873
-1302.7 0.999877
-1302.5 0.999882
-1302.3 0.999889
-1302.1 0.999898
-1301.9 0.999905
-1301.7 0.999919
-1301.5 0.999928
-1301.3 0.99994
-1301.1 0.999951
-1300.9 0.999961
-1300.7 0.99997
-1300.5 0.999975
-1300.3 0.999981
-1300.1 0.999988
-1299.9 1
