1450
-1589.7 2.03195e-06
-1589.5 6.09584e-06
-1589.3 1.62556e-05
-1589.1 2.03195e-05
-1588.9 2.23514e-05
-1588.7 3.04792e-05
-1588.5 3.8607e-05
-1588.3 4.26709e-05
-1588.1 5.07987e-05
-1587.9 5.07987e-05
-1587.7 5.48625e-05
-1587.5 5.89264e-05
-1587.3 6.09584e-05
-1587.1 6.29903e-05
-1586.9 6.50223e-05
-1586.7 6.90862e-05
-1586.5 6.90862e-05
-1586.3 7.11181e-05
-1586.1 8.33098e-05
-1585.9 9.34695e-05
-1585.7 9.34695e-05
-1585.5 0.000105661
-1585.3 0.000107693
-1585.1 0.000109725
-1584.9 0.000113789
-1584.7 0.000123949
-1584.5 0.000130045
-1584.3 0.00013614
-1584.1 0.000140204
-1583.9 0.000144268
-1583.7 0.000150364
-1583.5 0.000152396
-1583.3 0.00015646
-1583.1 0.000162556
-1582.9 0.00016662
-1582.7 0.000172715
-1582.5 0.000176779
-1582.3 0.000188971
-1582.1 0.000197099
-1581.9 0.000203195
-1581.7 0.000203195
-1581.5 0.000207259
-1581.3 0.000215386
-1581.1 0.00021945
-1580.9 0.000221482
-1580.7 0.000221482
-1580.5 0.000223514
-1580.3 0.000223514
-1580.1 0.000225546
-1579.9 0.000227578
-1579.7 0.000241802
-1579.5 0.000245865
-1579.3 0.000249929
-1579.1 0.000256025
-1578.9 0.000260089
-1578.7 0.000264153
-1578.5 0.000270249
-1578.3 0.000274313
-1578.1 0.000276345
-1577.9 0.000280409
-1577.7 0.000282441
-1577.5 0.000286504
-1577.3 0.000290568
-1577.1 0.0002926
-1576.9 0.00030276
-1576.7 0.000310888
-1576.5 0.000319016
-1576.3 0.000323079
-1576.1 0.000325111
-1575.9 0.000329175
-1575.7 0.000339335
-1575.5 0.000349495
-1575.3 0.000359654
-1575.1 0.000373878
-1574.9 0.000382006
-1574.7 0.000392166
-1574.5 0.000408421
-1574.3 0.000416549
-1574.1 0.000428741
-1573.9 0.000457188
-1573.7 0.000467348
-1573.5 0.000485635
-1573.3 0.000514082
-1573.1 0.000534402
-1572.9 0.000570977
-1572.7 0.000597392
-1572.5 0.000644127
-1572.3 0.000666478
-1572.1 0.000709149
-1571.9 0.00075182
-1571.7 0.000800587
-1571.5 0.000865609
-1571.3 0.000950951
-1571.1 0.00102816
-1570.9 0.00110741
-1570.7 0.00120901
-1570.5 0.00128419
-1570.3 0.00139188
-1570.1 0.0015199
-1569.9 0.00167636
-1569.7 0.00182875
-1569.5 0.00197708
-1569.3 0.00217215
-1569.1 0.00233674
-1568.9 0.00255212
-1568.7 0.00276345
-1568.5 0.00300931
-1568.3 0.00327347
-1568.1 0.00357013
-1567.9 0.00385257
-1567.7 0.00418987
-1567.5 0.00453937
-1567.3 0.00492137
-1567.1 0.00535011
-1566.9 0.00581137
-1566.7 0.00623198
-1566.5 0.00672777
-1566.3 0.00724998
-1566.1 0.00778845
-1565.9 0.00836552
-1565.7 0.00900559
-1565.5 0.00963549
-1565.3 0.0103243
-1565.1 0.0110152
-1564.9 0.0118259
-1564.7 0.0125656
-1564.5 0.0134007
-1564.3 0.0141972
-1564.1 0.015012
-1563.9 0.0159528
-1563.7 0.0168367
-1563.5 0.0178608
-1563.3 0.0187975
-1563.1 0.0198501
-1562.9 0.0209981
-1562.7 0.0220832
-1562.5 0.0231967
-1562.3 0.0242757
-1562.1 0.0253953
-1561.9 0.0265555
-1561.7 0.0276954
-1561.5 0.0289613
-1561.3 0.0301399
-1561.1 0.0313529
-1560.9 0.0325457
-1560.7 0.0337913
-1560.5 0.035112
-1560.3 0.0364958
-1560.1 0.0379344
-1559.9 0.0392816
-1559.7 0.0406511
-1559.5 0.0419881
-1559.3 0.0433272
-1559.1 0.0447089
-1558.9 0.0460053
-1558.7 0.0474785
-1558.5 0.0488419
-1558.3 0.0501708
-1558.1 0.0515688
-1557.9 0.0530338
-1557.7 0.0544399
-1557.5 0.0558399
-1557.3 0.0572155
-1557.1 0.0586095
-1556.9 0.0600013
-1556.7 0.061379
-1556.5 0.0627038
-1556.3 0.0640835
-1556.1 0.0654205
-1555.9 0.0667454
-1555.7 0.0681454
-1555.5 0.0694438
-1555.3 0.0707971
-1555.1 0.0721402
-1554.9 0.0734163
-1554.7 0.0747269
-1554.5 0.076011
-1554.3 0.0772566
-1554.1 0.0785388
-1553.9 0.0797437
-1553.7 0.0811072
-1553.5 0.0825214
-1553.3 0.0837324
-1553.1 0.0850654
-1552.9 0.0862744
-1552.7 0.0875484
-1552.5 0.0888387
-1552.3 0.0901128
-1552.1 0.091334
-1551.9 0.0925186
-1551.7 0.0937581
-1551.5 0.0949021
-1551.3 0.0961862
-1551.1 0.0973587
-1550.9 0.0985047
-1550.7 0.0996995
-1550.5 0.100921
-1550.3 0.102012
-1550.1 0.103186
-1549.9 0.104275
-1549.7 0.105533
-1549.5 0.106695
-1549.3 0.107701
-1549.1 0.108835
-1548.9 0.109906
-1548.7 0.110981
-1548.5 0.112159
-1548.3 0.113326
-1548.1 0.114291
-1547.9 0.115358
-1547.7 0.116422
-1547.5 0.117534
-1547.3 0.118627
-1547.1 0.119659
-1546.9 0.120759
-1546.7 0.121872
-1546.5 0.122866
-1546.3 0.123939
-1546.1 0.124993
-1545.9 0.126072
-1545.7 0.127145
-1545.5 0.128202
-1545.3 0.129256
-1545.1 0.130299
-1544.9 0.131329
-1544.7 0.1323
-1544.5 0.133294
-1544.3 0.134324
-1544.1 0.135362
-1543.9 0.136327
-1543.7 0.137384
-1543.5 0.138382
-1543.3 0.13942
-1543.1 0.140377
-1542.9 0.141318
-1542.7 0.142287
-1542.5 0.143338
-1542.3 0.144256
-1542.1 0.145304
-1541.9 0.146253
-1541.7 0.147235
-1541.5 0.148174
-1541.3 0.14922
-1541.1 0.150242
-1540.9 0.151156
-1540.7 0.152073
-1540.5 0.153004
-1540.3 0.154026
-1540.1 0.15505
-1539.9 0.155976
-1539.7 0.156917
-1539.5 0.157801
-1539.3 0.158748
-1539.1 0.159748
-1538.9 0.160625
-1538.7 0.161554
-1538.5 0.162452
-1538.3 0.163403
-1538.1 0.164393
-1537.9 0.16539
-1537.7 0.166341
-1537.5 0.167258
-1537.3 0.168158
-1537.1 0.168989
-1536.9 0.169928
-1536.7 0.17082
-1536.5 0.171758
-1536.3 0.172612
-1536.1 0.173484
-1535.9 0.17443
-1535.7 0.175387
-1535.5 0.176412
-1535.3 0.177391
-1535.1 0.178328
-1534.9 0.179293
-1534.7 0.180244
-1534.5 0.18116
-1534.3 0.182066
-1534.1 0.183017
-1533.9 0.183956
-1533.7 0.184903
-1533.5 0.18584
-1533.3 0.186746
-1533.1 0.187652
-1532.9 0.188628
-1532.7 0.189507
-1532.5 0.190357
-1532.3 0.19132
-1532.1 0.192287
-1531.9 0.193222
-1531.7 0.194087
-1531.5 0.194961
-1531.3 0.195924
-1531.1 0.19681
-1530.9 0.197714
-1530.7 0.198657
-1530.5 0.199566
-1530.3 0.200506
-1530.1 0.201415
-1529.9 0.202388
-1529.7 0.203375
-1529.5 0.204274
-1529.3 0.205143
-1529.1 0.205946
-1528.9 0.206852
-1528.7 0.207744
-1528.5 0.208697
-1528.3 0.209652
-1528.1 0.21053
-1527.9 0.211473
-1527.7 0.21241
-1527.5 0.21331
-1527.3 0.214157
-1527.1 0.215051
-1526.9 0.21601
-1526.7 0.216941
-1526.5 0.217804
-1526.3 0.218709
-1526.1 0.219596
-1525.9 0.220493
-1525.7 0.221311
-1525.5 0.22225
-1525.3 0.22312
-1525.1 0.224067
-1524.9 0.224951
-1524.7 0.225861
-1524.5 0.226725
-1524.3 0.227572
-1524.1 0.228529
-1523.9 0.229336
-1523.7 0.230161
-1523.5 0.231116
-1523.3 0.231953
-1523.1 0.232855
-1522.9 0.233714
-1522.7 0.234672
-1522.5 0.235515
-1522.3 0.236419
-1522.1 0.237266
-1521.9 0.238162
-1521.7 0.239079
-1521.5 0.239965
-1521.3 0.240838
-1521.1 0.241757
-1520.9 0.242653
-1520.7 0.243545
-1520.5 0.244384
-1520.3 0.245268
-1520.1 0.246109
-1519.9 0.246926
-1519.7 0.247851
-1519.5 0.248729
-1519.3 0.249608
-1519.1 0.250486
-1518.9 0.251394
-1518.7 0.252211
-1518.5 0.253063
-1518.3 0.253884
-1518.1 0.254723
-1517.9 0.25556
-1517.7 0.256415
-1517.5 0.257232
-1517.3 0.258037
-1517.1 0.258917
-1516.9 0.25977
-1516.7 0.26068
-1516.5 0.261581
-1516.3 0.262456
-1516.1 0.263462
-1515.9 0.264318
-1515.7 0.265179
-1515.5 0.266029
-1515.3 0.266906
-1515.1 0.267754
-1514.9 0.26865
-1514.7 0.269519
-1514.5 0.27044
-1514.3 0.271368
-1514.1 0.27225
-1513.9 0.273173
-1513.7 0.274028
-1513.5 0.274916
-1513.3 0.275825
-1513.1 0.276715
-1512.9 0.27758
-1512.7 0.278511
-1512.5 0.279405
-1512.3 0.280317
-1512.1 0.281175
-1511.9 0.282004
-1511.7 0.282883
-1511.5 0.283765
-1511.3 0.284623
-1511.1 0.285531
-1510.9 0.286409
-1510.7 0.287348
-1510.5 0.288217
-1510.3 0.28913
-1510.1 0.290001
-1509.9 0.290881
-1509.7 0.291777
-1509.5 0.292684
-1509.3 0.293567
-1509.1 0.2945
-1508.9 0.295425
-1508.7 0.296335
-1508.5 0.297284
-1508.3 0.298255
-1508.1 0.299161
-1507.9 0.300108
-1507.7 0.300988
-1507.5 0.30187
-1507.3 0.302748
-1507.1 0.303589
-1506.9 0.304507
-1506.7 0.305397
-1506.5 0.306314
-1506.3 0.307222
-1506.1 0.308035
-1505.9 0.308817
-1505.7 0.309736
-1505.5 0.310609
-1505.3 0.311493
-1505.1 0.312375
-1504.9 0.313229
-1504.7 0.314062
-1504.5 0.314929
-1504.3 0.315864
-1504.1 0.316699
-1503.9 0.317565
-1503.7 0.318453
-1503.5 0.319337
-1503.3 0.320269
-1503.1 0.321182
-1502.9 0.322057
-1502.7 0.322947
-1502.5 0.323807
-1502.3 0.324697
-1502.1 0.325522
-1501.9 0.326381
-1501.7 0.327235
-1501.5 0.328074
-1501.3 0.328954
-1501.1 0.329783
-1500.9 0.330699
-1500.7 0.331528
-1500.5 0.332477
-1500.3 0.333396
-1500.1 0.334278
-1499.9 0.335153
-1499.7 0.336082
-1499.5 0.336976
-1499.3 0.337795
-1499.1 0.338711
-1498.9 0.339624
-1498.7 0.340471
-1498.5 0.341351
-1498.3 0.342198
-1498.1 0.343129
-1497.9 0.343992
-1497.7 0.34487
-1497.5 0.345797
-1497.3 0.346687
-1497.1 0.347556
-1496.9 0.348379
-1496.7 0.349251
-1496.5 0.350147
-1496.3 0.350996
-1496.1 0.351868
-1495.9 0.352648
-1495.7 0.353553
-1495.5 0.354426
-1495.3 0.355278
-1495.1 0.356147
-1494.9 0.35705
-1494.7 0.357915
-1494.5 0.358789
-1494.3 0.359691
-1494.1 0.360559
-1493.9 0.361453
-1493.7 0.362335
-1493.5 0.363145
-1493.3 0.3641
-1493.1 0.365037
-1492.9 0.365915
-1492.7 0.366766
-1492.5 0.367658
-1492.3 0.368534
-1492.1 0.369365
-1491.9 0.370233
-1491.7 0.371074
-1491.5 0.37197
-1491.3 0.372874
-1491.1 0.373673
-1490.9 0.374473
-1490.7 0.375286
-1490.5 0.376125
-1490.3 0.376944
-1490.1 0.37784
-1489.9 0.378657
-1489.7 0.379563
-1489.5 0.380486
-1489.3 0.38138
-1489.1 0.382236
-1488.9 0.383097
-1488.7 0.383993
-1488.5 0.384889
-1488.3 0.385722
-1488.1 0.386586
-1487.9 0.387413
-1487.7 0.388311
-1487.5 0.38925
-1487.3 0.390148
-1487.1 0.391089
-1486.9 0.392001
-1486.7 0.392869
-1486.5 0.393724
-1486.3 0.394588
-1486.1 0.395502
-1485.9 0.396408
-1485.7 0.397384
-1485.5 0.39832
-1485.3 0.399172
-1485.1 0.400137
-1484.9 0.401066
-1484.7 0.401895
-1484.5 0.402746
-1484.3 0.403583
-1484.1 0.404477
-1483.9 0.405361
-1483.7 0.406284
-1483.5 0.407214
-1483.3 0.40808
-1483.1 0.408974
-1482.9 0.409797
-1482.7 0.410687
-1482.5 0.411556
-1482.3 0.412457
-1482.1 0.41328
-1481.9 0.414145
-1481.7 0.415053
-1481.5 0.415897
-1481.3 0.416799
-1481.1 0.417695
-1480.9 0.418498
-1480.7 0.419292
-1480.5 0.420148
-1480.3 0.421082
-1480.1 0.422005
-1479.9 0.422874
-1479.7 0.423789
-1479.5 0.424691
-1479.3 0.425571
-1479.1 0.426398
-1478.9 0.42729
-1478.7 0.42817
-1478.5 0.429035
-1478.3 0.429931
-1478.1 0.430722
-1477.9 0.431606
-1477.7 0.432506
-1477.5 0.433404
-1477.3 0.434286
-1477.1 0.435121
-1476.9 0.43597
-1476.7 0.436838
-1476.5 0.437683
-1476.3 0.438618
-1476.1 0.439502
-1475.9 0.440388
-1475.7 0.441215
-1475.5 0.442062
-1475.3 0.442993
-1475.1 0.443862
-1474.9 0.444769
-1474.7 0.445679
-1474.5 0.446604
-1474.3 0.447493
-1474.1 0.448422
-1473.9 0.449265
-1473.7 0.450214
-1473.5 0.451088
-1473.3 0.451933
-1473.1 0.45285
-1472.9 0.453695
-1472.7 0.454609
-1472.5 0.455451
-1472.3 0.45631
-1472.1 0.457198
-1471.9 0.458037
-1471.7 0.458921
-1471.5 0.459807
-1471.3 0.460634
-1471.1 0.461457
-1470.9 0.462323
-1470.7 0.463152
-1470.5 0.464046
-1470.3 0.464911
-1470.1 0.465781
-1469.9 0.466669
-1469.7 0.467551
-1469.5 0.468477
-1469.3 0.469315
-1469.1 0.4702
-1468.9 0.471115
-1468.7 0.472019
-1468.5 0.472944
-1468.3 0.473929
-1468.1 0.47478
-1467.9 0.475644
-1467.7 0.476506
-1467.5 0.477375
-1467.3 0.4782
-1467.1 0.479068
-1466.9 0.479962
-1466.7 0.480819
-1466.5 0.481677
-1466.3 0.482545
-1466.1 0.483372
-1465.9 0.484243
-1465.7 0.485105
-1465.5 0.485972
-1465.3 0.486822
-1465.1 0.487626
-1464.9 0.48849
-1464.7 0.489295
-1464.5 0.490201
-1464.3 0.491038
-1464.1 0.491865
-1463.9 0.492676
-1463.7 0.493511
-1463.5 0.494312
-1463.3 0.49521
-1463.1 0.496138
-1462.9 0.496982
-1462.7 0.497912
-1462.5 0.498755
-1462.3 0.499586
-1462.1 0.50047
-1461.9 0.501342
-1461.7 0.502157
-1461.5 0.503059
-1461.3 0.503908
-1461.1 0.504815
-1460.9 0.505751
-1460.7 0.506633
-1460.5 0.507511
-1460.3 0.508432
-1460.1 0.509303
-1459.9 0.510216
-1459.7 0.511138
-1459.5 0.51205
-1459.3 0.512979
-1459.1 0.513875
-1458.9 0.514735
-1458.7 0.51571
-1458.5 0.516683
-1458.3 0.517585
-1458.1 0.518417
-1457.9 0.519237
-1457.7 0.520158
-1457.5 0.52108
-1457.3 0.521958
-1457.1 0.522911
-1456.9 0.523797
-1456.7 0.524653
-1456.5 0.525595
-1456.3 0.5265
-1456.1 0.527479
-1455.9 0.528286
-1455.7 0.529143
-1455.5 0.530021
-1455.3 0.531013
-1455.1 0.531874
-1454.9 0.532721
-1454.7 0.533603
-1454.5 0.534457
-1454.3 0.53529
-1454.1 0.536168
-1453.9 0.537076
-1453.7 0.537964
-1453.5 0.538874
-1453.3 0.539734
-1453.1 0.540636
-1452.9 0.541522
-1452.7 0.542452
-1452.5 0.543334
-1452.3 0.544169
-1452.1 0.545033
-1451.9 0.545899
-1451.7 0.546803
-1451.5 0.547723
-1451.3 0.548623
-1451.1 0.549558
-1450.9 0.55046
-1450.7 0.551373
-1450.5 0.552295
-1450.3 0.55322
-1450.1 0.554045
-1449.9 0.554931
-1449.7 0.555821
-1449.5 0.556725
-1449.3 0.557653
-1449.1 0.558602
-1448.9 0.559555
-1448.7 0.560492
-1448.5 0.56135
-1448.3 0.562307
-1448.1 0.563249
-1447.9 0.564127
-1447.7 0.564997
-1447.5 0.565915
-1447.3 0.566757
-1447.1 0.567606
-1446.9 0.568482
-1446.7 0.56939
-1446.5 0.570286
-1446.3 0.571123
-1446.1 0.572003
-1445.9 0.57281
-1445.7 0.573692
-1445.5 0.574543
-1445.3 0.57536
-1445.1 0.576191
-1444.9 0.577002
-1444.7 0.577818
-1444.5 0.578719
-1444.3 0.57954
-1444.1 0.580413
-1443.9 0.581285
-1443.7 0.582203
-1443.5 0.583073
-1443.3 0.583912
-1443.1 0.584861
-1442.9 0.585717
-1442.7 0.586592
-1442.5 0.58747
-1442.3 0.588366
-1442.1 0.589246
-1441.9 0.590106
-1441.7 0.590902
-1441.5 0.591749
-1441.3 0.592599
-1441.1 0.593436
-1440.9 0.594324
-1440.7 0.595244
-1440.5 0.596136
-1440.3 0.596994
-1440.1 0.597819
-1439.9 0.598715
-1439.7 0.599538
-1439.5 0.600448
-1439.3 0.601397
-1439.1 0.602334
-1438.9 0.603177
-1438.7 0.60412
-1438.5 0.604961
-1438.3 0.605882
-1438.1 0.60679
-1437.9 0.607708
-1437.7 0.608592
-1437.5 0.609401
-1437.3 0.61034
-1437.1 0.611148
-1436.9 0.61202
-1436.7 0.612851
-1436.5 0.613705
-1436.3 0.614576
-1436.1 0.615481
-1435.9 0.616348
-1435.7 0.61721
-1435.5 0.618112
-1435.3 0.618965
-1435.1 0.619778
-1434.9 0.620693
-1434.7 0.621548
-1434.5 0.622454
-1434.3 0.623334
-1434.1 0.624222
-1433.9 0.625088
-1433.7 0.625986
-1433.5 0.626872
-1433.3 0.627713
-1433.1 0.628607
-1432.9 0.62954
-1432.7 0.63047
-1432.5 0.631281
-1432.3 0.632195
-1432.1 0.633055
-1431.9 0.633992
-1431.7 0.634941
-1431.5 0.635881
-1431.3 0.636816
-1431.1 0.637704
-1430.9 0.63861
-1430.7 0.639464
-1430.5 0.640337
-1430.3 0.641266
-1430.1 0.642099
-1429.9 0.642967
-1429.7 0.643865
-1429.5 0.644745
-1429.3 0.645578
-1429.1 0.646407
-1428.9 0.647285
-1428.7 0.648144
-1428.5 0.649024
-1428.3 0.649827
-1428.1 0.650713
-1427.9 0.651578
-1427.7 0.652395
-1427.5 0.653208
-1427.3 0.654075
-1427.1 0.654882
-1426.9 0.655727
-1426.7 0.656552
-1426.5 0.657475
-1426.3 0.658371
-1426.1 0.659239
-1425.9 0.660102
-1425.7 0.661004
-1425.5 0.661939
-1425.3 0.662862
-1425.1 0.663798
-1424.9 0.664678
-1424.7 0.665515
-1424.5 0.666409
-1424.3 0.667246
-1424.1 0.668143
-1423.9 0.66903
-1423.7 0.669884
-1423.5 0.670782
-1423.3 0.671599
-1423.1 0.672542
-1422.9 0.673371
-1422.7 0.674295
-1422.5 0.675236
-1422.3 0.676173
-1422.1 0.677044
-1421.9 0.677871
-1421.7 0.678757
-1421.5 0.679603
-1421.3 0.680466
-1421.1 0.681407
-1420.9 0.682234
-1420.7 0.683085
-1420.5 0.683982
-1420.3 0.684861
-1420.1 0.685778
-1419.9 0.686645
-1419.7 0.687507
-1419.5 0.688344
-1419.3 0.689165
-1419.1 0.690045
-1418.9 0.690919
-1418.7 0.691782
-1418.5 0.692672
-1418.3 0.693546
-1418.1 0.694383
-1417.9 0.695204
-1417.7 0.696025
-1417.5 0.696848
-1417.3 0.697679
-1417.1 0.698585
-1416.9 0.699487
-1416.7 0.70032
-1416.5 0.701154
-1416.3 0.702064
-1416.1 0.70296
-1415.9 0.703858
-1415.7 0.704766
-1415.5 0.705575
-1415.3 0.706435
-1415.1 0.707314
-1414.9 0.708119
-1414.7 0.708893
-1414.5 0.709767
-1414.3 0.710661
-1414.1 0.711567
-1413.9 0.712423
-1413.7 0.713307
-1413.5 0.714197
-1413.3 0.715078
-1413.1 0.715973
-1412.9 0.716822
-1412.7 0.717712
-1412.5 0.718598
-1412.3 0.719402
-1412.1 0.720292
-1411.9 0.721148
-1411.7 0.721967
-1411.5 0.722761
-1411.3 0.723688
-1411.1 0.724568
-1410.9 0.725429
-1410.7 0.726234
-1410.5 0.727097
-1410.3 0.727941
-1410.1 0.72878
-1409.9 0.729652
-1409.7 0.73055
-1409.5 0.731432
-1409.3 0.732297
-1409.1 0.733067
-1408.9 0.7339
-1408.7 0.734782
-1408.5 0.735591
-1408.3 0.736416
-1408.1 0.737263
-1407.9 0.738135
-1407.7 0.738984
-1407.5 0.739819
-1407.3 0.740632
-1407.1 0.741496
-1406.9 0.74237
-1406.7 0.743225
-1406.5 0.744107
-1406.3 0.744962
-1406.1 0.745826
-1405.9 0.746665
-1405.7 0.747525
-1405.5 0.748392
-1405.3 0.749284
-1405.1 0.75015
-1404.9 0.750981
-1404.7 0.751881
-1404.5 0.752795
-1404.3 0.753704
-1404.1 0.754553
-1403.9 0.755411
-1403.7 0.75626
-1403.5 0.757115
-1403.3 0.757948
-1403.1 0.758859
-1402.9 0.759714
-1402.7 0.760562
-1402.5 0.761366
-1402.3 0.762193
-1402.1 0.763043
-1401.9 0.763963
-1401.7 0.764861
-1401.5 0.7657
-1401.3 0.766674
-1401.1 0.767614
-1400.9 0.768415
-1400.7 0.769275
-1400.5 0.770156
-1400.3 0.771061
-1400.1 0.771993
-1399.9 0.772877
-1399.7 0.773755
-1399.5 0.774641
-1399.3 0.775488
-1399.1 0.776348
-1398.9 0.777232
-1398.7 0.778089
-1398.5 0.778945
-1398.3 0.779828
-1398.1 0.780729
-1397.9 0.781625
-1397.7 0.782476
-1397.5 0.78336
-1397.3 0.784205
-1397.1 0.785018
-1396.9 0.785926
-1396.7 0.786887
-1396.5 0.787733
-1396.3 0.788686
-1396.1 0.789521
-1395.9 0.79037
-1395.7 0.791268
-1395.5 0.792097
-1395.3 0.792971
-1395.1 0.793867
-1394.9 0.794721
-1394.7 0.795621
-1394.5 0.796525
-1394.3 0.797427
-1394.1 0.798248
-1393.9 0.799126
-1393.7 0.800016
-1393.5 0.800869
-1393.3 0.801769
-1393.1 0.802564
-1392.9 0.803397
-1392.7 0.804295
-1392.5 0.80514
-1392.3 0.80603
-1392.1 0.806931
-1391.9 0.8078
-1391.7 0.808672
-1391.5 0.809462
-1391.3 0.810304
-1391.1 0.811181
-1390.9 0.812047
-1390.7 0.812921
-1390.5 0.813807
-1390.3 0.814697
-1390.1 0.815591
-1389.9 0.816513
-1389.7 0.817361
-1389.5 0.818206
-1389.3 0.819035
-1389.1 0.81987
-1388.9 0.820732
-1388.7 0.821705
-1388.5 0.822613
-1388.3 0.823566
-1388.1 0.824458
-1387.9 0.825368
-1387.7 0.826197
-1387.5 0.827061
-1387.3 0.827876
-1387.1 0.828699
-1386.9 0.829601
-1386.7 0.830493
-1386.5 0.831379
-1386.3 0.83222
-1386.1 0.833086
-1385.9 0.833992
-1385.7 0.834908
-1385.5 0.8358
-1385.3 0.836646
-1385.1 0.837461
-1384.9 0.83832
-1384.7 0.839171
-1384.5 0.8401
-1384.3 0.840937
-1384.1 0.841854
-1383.9 0.842699
-1383.7 0.843599
-1383.5 0.844493
-1383.3 0.845401
-1383.1 0.84622
-1382.9 0.846999
-1382.7 0.847905
-1382.5 0.848825
-1382.3 0.849701
-1382.1 0.850569
-1381.9 0.851455
-1381.7 0.852302
-1381.5 0.853127
-1381.3 0.853954
-1381.1 0.854791
-1380.9 0.855705
-1380.7 0.856486
-1380.5 0.857286
-1380.3 0.858138
-1380.1 0.859028
-1379.9 0.859936
-1379.7 0.860854
-1379.5 0.861734
-1379.3 0.862602
-1379.1 0.863451
-1378.9 0.864435
-1378.7 0.865308
-1378.5 0.866133
-1378.3 0.867019
-1378.1 0.867828
-1377.9 0.868706
-1377.7 0.869541
-1377.5 0.870362
-1377.3 0.871266
-1377.1 0.872189
-1376.9 0.873081
-1376.7 0.873926
-1376.5 0.874787
-1376.3 0.875683
-1376.1 0.876488
-1375.9 0.877313
-1375.7 0.878183
-1375.5 0.879075
-1375.3 0.879942
-1375.1 0.880765
-1374.9 0.88168
-1374.7 0.882539
-1374.5 0.883443
-1374.3 0.884299
-1374.1 0.885163
-1373.9 0.885943
-1373.7 0.886786
-1373.5 0.887711
-1373.3 0.888637
-1373.1 0.889505
-1372.9 0.890354
-1372.7 0.89126
-1372.5 0.892063
-1372.3 0.892992
-1372.1 0.893886
-1371.9 0.894745
-1371.7 0.895631
-1371.5 0.89648
-1371.3 0.897364
-1371.1 0.89821
-1370.9 0.899102
-1370.7 0.899902
-1370.5 0.900776
-1370.3 0.901607
-1370.1 0.902465
-1369.9 0.903383
-1369.7 0.904324
-1369.5 0.905265
-1369.3 0.906081
-1369.1 0.906915
-1368.9 0.907817
-1368.7 0.908825
-1368.5 0.909719
-1368.3 0.910582
-1368.1 0.911497
-1367.9 0.912279
-1367.7 0.913059
-1367.5 0.913917
-1367.3 0.914931
-1367.1 0.915843
-1366.9 0.916719
-1366.7 0.917598
-1366.5 0.918515
-1366.3 0.919411
-1366.1 0.920277
-1365.9 0.921136
-1365.7 0.922026
-1365.5 0.92294
-1365.3 0.923839
-1365.1 0.924741
-1364.9 0.925684
-1364.7 0.926541
-1364.5 0.927457
-1364.3 0.928327
-1364.1 0.92924
-1363.9 0.930107
-1363.7 0.930981
-1363.5 0.931832
-1363.3 0.932673
-1363.1 0.93359
-1362.9 0.934486
-1362.7 0.935335
-1362.5 0.936164
-1362.3 0.936939
-1362.1 0.937788
-1361.9 0.938641
-1361.7 0.939478
-1361.5 0.940308
-1361.3 0.941145
-1361.1 0.941996
-1360.9 0.942874
-1360.7 0.943597
-1360.5 0.944337
-1360.3 0.945186
-1360.1 0.945977
-1359.9 0.946737
-1359.7 0.947499
-1359.5 0.948305
-1359.3 0.949081
-1359.1 0.949845
-1358.9 0.950607
-1358.7 0.951394
-1358.5 0.952178
-1358.3 0.952908
-1358.1 0.953651
-1357.9 0.954385
-1357.7 0.955133
-1357.5 0.95586
-1357.3 0.956522
-1357.1 0.957268
-1356.9 0.957985
-1356.7 0.958705
-1356.5 0.959355
-1356.3 0.960005
-1356.1 0.960684
-1355.9 0.961304
-1355.7 0.961986
-1355.5 0.962647
-1355.3 0.963262
-1355.1 0.963911
-1354.9 0.964559
-1354.7 0.965189
-1354.5 0.965835
-1354.3 0.966412
-1354.1 0.96704
-1353.9 0.967666
-1353.7 0.968344
-1353.5 0.96886
-1353.3 0.969391
-1353.1 0.969964
-1352.9 0.970561
-1352.7 0.971079
-1352.5 0.97161
-1352.3 0.972107
-1352.1 0.972672
-1351.9 0.973225
-1351.7 0.973766
-1351.5 0.97428
-1351.3 0.974708
-1351.1 0.9752
-1350.9 0.975635
-1350.7 0.976102
-1350.5 0.976588
-1350.3 0.977023
-1350.1 0.977468
-1349.9 0.977913
-1349.7 0.978331
-1349.5 0.978774
-1349.3 0.979234
-1349.1 0.979654
-1348.9 0.980036
-1348.7 0.980447
-1348.5 0.980825
-1348.3 0.981237
-1348.1 0.981605
-1347.9 0.981991
-1347.7 0.982346
-1347.5 0.982726
-1347.3 0.98306
-1347.1 0.983409
-1346.9 0.983708
-1346.7 0.984017
-1346.5 0.984378
-1346.3 0.984724
-1346.1 0.985053
-1345.9 0.98535
-1345.7 0.985673
-1345.5 0.985927
-1345.3 0.986221
-1345.1 0.986506
-1344.9 0.986766
-1344.7 0.98705
-1344.5 0.987317
-1344.3 0.987605
-1344.1 0.987869
-1343.9 0.988123
-1343.7 0.988381
-1343.5 0.988609
-1343.3 0.988863
-1343.1 0.989127
-1342.9 0.989377
-1342.7 0.989635
-1342.5 0.989873
-1342.3 0.990084
-1342.1 0.990275
-1341.9 0.990539
-1341.7 0.990759
-1341.5 0.990972
-1341.3 0.991179
-1341.1 0.991407
-1340.9 0.991622
-1340.7 0.991793
-1340.5 0.991988
-1340.3 0.992189
-1340.1 0.992372
-1339.9 0.992545
-1339.7 0.99274
-1339.5 0.992945
-1339.3 0.993112
-1339.1 0.993288
-1338.9 0.993471
-1338.7 0.993632
-1338.5 0.993788
-1338.3 0.993939
-1338.1 0.994111
-1337.9 0.99426
-1337.7 0.994394
-1337.5 0.99455
-1337.3 0.994688
-1337.1 0.994823
-1336.9 0.994963
-1336.7 0.995105
-1336.5 0.995217
-1336.3 0.995341
-1336.1 0.99545
-1335.9 0.99556
-1335.7 0.995672
-1335.5 0.99578
-1335.3 0.995904
-1335.1 0.996013
-1334.9 0.996109
-1334.7 0.996223
-1334.5 0.996336
-1334.3 0.996432
-1334.1 0.99655
-1333.9 0.996657
-1333.7 0.996708
-1333.5 0.996832
-1333.3 0.996932
-1333.1 0.997027
-1332.9 0.997094
-1332.7 0.99718
-1332.5 0.997277
-1332.3 0.99734
-1332.1 0.997423
-1331.9 0.997497
-1331.7 0.997556
-1331.5 0.997614
-1331.3 0.997671
-1331.1 0.997732
-1330.9 0.997777
-1330.7 0.997834
-1330.5 0.997871
-1330.3 0.997917
-1330.1 0.997958
-1329.9 0.998021
-1329.7 0.998068
-1329.5 0.998122
-1329.3 0.998171
-1329.1 0.99821
-1328.9 0.998244
-1328.7 0.998279
-1328.5 0.998342
-1328.3 0.998374
-1328.1 0.998409
-1327.9 0.998431
-1327.7 0.998452
-1327.5 0.99848
-1327.3 0.998513
-1327.1 0.998547
-1326.9 0.998582
-1326.7 0.998606
-1326.5 0.998624
-1326.3 0.998655
-1326.1 0.998673
-1325.9 0.998693
-1325.7 0.99872
-1325.5 0.998746
-1325.3 0.998767
-1325.1 0.998797
-1324.9 0.998819
-1324.7 0.99884
-1324.5 0.998852
-1324.3 0.998866
-1324.1 0.998886
-1323.9 0.998903
-1323.7 0.998921
-1323.5 0.998935
-1323.3 0.998945
-1323.1 0.998956
-1322.9 0.99897
-1322.7 0.99898
-1322.5 0.998998
-1322.3 0.999012
-1322.1 0.999031
-1321.9 0.999037
-1321.7 0.999053
-1321.5 0.999069
-1321.3 0.999082
-1321.1 0.999102
-1320.9 0.999106
-1320.7 0.999116
-1320.5 0.99912
-1320.3 0.999134
-1320.1 0.999143
-1319.9 0.999161
-1319.7 0.999171
-1319.5 0.999173
-1319.3 0.999189
-1319.1 0.999199
-1318.9 0.999206
-1318.7 0.999216
-1318.5 0.999232
-1318.3 0.999244
-1318.1 0.99925
-1317.9 0.999262
-1317.7 0.999273
-1317.5 0.999287
-1317.3 0.999293
-1317.1 0.999299
-1316.9 0.999309
-1316.7 0.999315
-1316.5 0.999329
-1316.3 0.99934
-1316.1 0.99935
-1315.9 0.99936
-1315.7 0.999374
-1315.5 0.999378
-1315.3 0.999378
-1315.1 0.999394
-1314.9 0.999411
-1314.7 0.999415
-1314.5 0.999421
-1314.3 0.999427
-1314.1 0.999435
-1313.9 0.999443
-1313.7 0.999447
-1313.5 0.999457
-1313.3 0.99946
-1313.1 0.999468
-1312.9 0.99949
-1312.7 0.999498
-1312.5 0.999508
-1312.3 0.999514
-1312.1 0.999522
-1311.9 0.999533
-1311.7 0.999537
-1311.5 0.999539
-1311.3 0.999541
-1311.1 0.999543
-1310.9 0.999555
-1310.7 0.999569
-1310.5 0.999577
-1310.3 0.999588
-1310.1 0.999594
-1309.9 0.999608
-1309.7 0.99962
-1309.5 0.99963
-1309.3 0.999651
-1309.1 0.999657
-1308.9 0.999667
-1308.7 0.999673
-1308.5 0.999681
-1308.3 0.999687
-1308.1 0.999703
-1307.9 0.999716
-1307.7 0.999726
-1307.5 0.999738
-1307.3 0.99974
-1307.1 0.999754
-1306.9 0.99976
-1306.7 0.999762
-1306.5 0.999768
-1306.3 0.999774
-1306.1 0.999779
-1305.9 0.999789
-1305.7 0.999797
-1305.5 0.999805
-1305.3 0.999811
-1305.1 0.999813
-1304.9 0.999823
-1304.7 0.999831
-1304.5 0.999835
-1304.3 0.999842
-1304.1 0.999854
-1303.9 0.999856
-1303.7 0.999868
-1303.5 0.999878
-1303.3 0.999884
-1303.1 0.999892
-1302.9 0.999894
-1302.7 0.999904
-1302.5 0.999919
-1302.3 0.999923
-1302.1 0.999925
-1301.9 0.999933
-1301.7 0.999935
-1301.5 0.999947
-1301.3 0.999951
-1301.1 0.999961
-1300.9 0.999963
-1300.7 0.99997
-1300.5 0.99998
-1300.3 0.999982
-1300.1 0.999992
-1299.9 1
