-209.9 0
-209.7 1
-209.5 0
-209.3 2
-209.1 3
-208.9 1
-208.7 0
-208.5 2
-208.3 3
-208.1 0
-207.9 0
-207.7 0
-207.5 2
-207.3 2
-207.1 0
-206.9 2
-206.7 3
-206.5 0
-206.3 1
-206.1 0
-205.9 1
-205.7 1
-205.5 1
-205.3 0
-205.1 2
-204.9 2
-204.7 0
-204.5 1
-204.3 0
-204.1 1
-203.9 2
-203.7 3
-203.5 2
-203.3 1
-203.1 2
-202.9 2
-202.7 1
-202.5 1
-202.3 1
-202.1 2
-201.9 0
-201.7 2
-201.5 1
-201.3 0
-201.1 0
-200.9 0
-200.7 1
-200.5 2
-200.3 3
-200.1 1
-199.9 3
-199.7 1
-199.5 1
-199.3 1
-199.1 3
-198.9 3
-198.7 2
-198.5 5
-198.3 5
-198.1 8
-197.9 27
-197.7 49
-197.5 83
-197.3 131
-197.1 222
-196.9 350
-196.7 486
-196.5 709
-196.3 996
-196.1 1332
-195.9 1802
-195.7 2401
-195.5 3213
-195.3 3966
-195.1 4894
-194.9 6027
-194.7 7392
-194.5 8408
-194.3 9375
-194.1 10395
-193.9 11115
-193.7 11895
-193.5 12527
-193.3 12806
-193.1 12904
-192.9 13122
-192.7 13101
-192.5 12917
-192.3 12860
-192.1 12649
-191.9 12422
-191.7 12178
-191.5 12206
-191.3 12053
-191.1 11825
-190.9 11667
-190.7 11450
-190.5 11524
-190.3 11286
-190.1 10817
-189.9 10916
-189.7 10755
-189.5 10726
-189.3 10748
-189.1 10575
-188.9 10558
-188.7 10346
-188.5 10310
-188.3 10108
-188.1 9995
-187.9 10010
-187.7 10150
-187.5 9820
-187.3 9850
-187.1 9779
-186.9 9866
-186.7 9578
-186.5 9453
-186.3 9768
-186.1 9511
-185.9 9532
-185.7 9370
-185.5 9381
-185.3 9347
-185.1 9176
-184.9 9315
-184.7 9346
-184.5 9284
-184.3 9092
-184.1 9166
-183.9 9191
-183.7 8917
-183.5 8832
-183.3 8947
-183.1 8908
-182.9 8764
-182.7 8976
-182.5 8977
-182.3 8748
-182.1 8764
-181.9 8546
-181.7 8702
-181.5 8752
-181.3 8472
-181.1 8412
-180.9 8448
-180.7 8419
-180.5 8220
-180.3 8273
-180.1 8043
-179.9 7956
-179.7 7954
-179.5 7856
-179.3 7618
-179.1 7605
-178.9 7442
-178.7 7358
-178.5 7488
-178.3 7228
-178.1 7234
-177.9 7069
-177.7 6985
-177.5 6928
-177.3 6999
-177.1 6707
-176.9 6646
-176.7 6621
-176.5 6396
-176.3 6309
-176.1 6354
-175.9 6326
-175.7 6336
-175.5 6269
-175.3 6267
-175.1 6140
-174.9 6030
-174.7 6018
-174.5 6130
-174.3 5901
-174.1 5999
-173.9 5929
-173.7 5930
-173.5 5973
-173.3 5710
-173.1 5867
-172.9 5794
-172.7 5640
-172.5 5573
-172.3 5723
-172.1 5659
-171.9 5684
-171.7 5534
-171.5 5607
-171.3 5612
-171.1 5549
-170.9 5471
-170.7 5437
-170.5 5505
-170.3 5407
-170.1 5323
-169.9 5411
-169.7 5308
-169.5 5387
-169.3 5200
-169.1 5370
-168.9 5305
-168.7 5286
-168.5 5150
-168.3 5332
-168.1 5280
-167.9 5376
-167.7 5246
-167.5 5133
-167.3 5339
-167.1 5350
-166.9 5157
-166.7 5178
-166.5 5297
-166.3 5283
-166.1 5121
-165.9 5304
-165.7 5365
-165.5 5187
-165.3 5109
-165.1 5111
-164.9 5189
-164.7 5103
-164.5 5131
-164.3 5114
-164.1 5063
-163.9 5085
-163.7 5115
-163.5 5137
-163.3 5125
-163.1 5044
-162.9 5057
-162.7 5193
-162.5 5194
-162.3 5064
-162.1 5076
-161.9 5132
-161.7 5043
-161.5 5174
-161.3 5232
-161.1 5017
-160.9 5129
-160.7 5073
-160.5 4917
-160.3 4972
-160.1 5167
-159.9 5033
-159.7 5016
-159.5 4871
-159.3 5040
-159.1 5137
-158.9 4868
-158.7 5005
-158.5 4763
-158.3 4941
-158.1 5018
-157.9 4946
-157.7 4989
-157.5 4973
-157.3 5039
-157.1 4947
-156.9 4961
-156.7 4927
-156.5 4941
-156.3 4909
-156.1 4983
-155.9 4931
-155.7 4847
-155.5 4936
-155.3 4762
-155.1 4762
-154.9 4892
-154.7 4864
-154.5 4961
-154.3 4858
-154.1 4779
-153.9 4753
-153.7 4630
-153.5 4727
-153.3 4738
-153.1 4597
-152.9 4676
-152.7 4510
-152.5 4745
-152.3 4649
-152.1 4599
-151.9 4510
-151.7 4676
-151.5 4556
-151.3 4459
-151.1 4506
-150.9 4533
-150.7 4571
-150.5 4543
-150.3 4471
-150.1 4329
-149.9 4415
-149.7 4426
-149.5 4389
-149.3 4418
-149.1 4499
-148.9 4322
-148.7 4434
-148.5 4425
-148.3 4478
-148.1 4373
-147.9 4554
-147.7 4506
-147.5 4489
-147.3 4588
-147.1 4503
-146.9 4552
-146.7 4527
-146.5 4549
-146.3 4419
-146.1 4687
-145.9 4485
-145.7 4618
-145.5 4545
-145.3 4695
-145.1 4666
-144.9 4410
-144.7 4566
-144.5 4654
-144.3 4671
-144.1 4788
-143.9 4773
-143.7 4568
-143.5 4597
-143.3 4680
-143.1 4803
-142.9 4689
-142.7 4927
-142.5 4745
-142.3 4766
-142.1 4913
-141.9 4768
-141.7 4823
-141.5 4804
-141.3 4770
-141.1 4759
-140.9 4952
-140.7 4852
-140.5 4935
-140.3 4725
-140.1 4902
-139.9 4835
-139.7 4910
-139.5 4931
-139.3 4828
-139.1 4960
-138.9 4875
-138.7 5037
-138.5 4998
-138.3 5044
-138.1 5111
-137.9 4979
-137.7 5079
-137.5 4932
-137.3 4916
-137.1 5093
-136.9 5210
-136.7 5070
-136.5 5189
-136.3 5047
-136.1 5048
-135.9 5085
-135.7 5117
-135.5 5144
-135.3 5047
-135.1 5064
-134.9 5183
-134.7 4942
-134.5 5018
-134.3 5035
-134.1 5135
-133.9 5003
-133.7 5030
-133.5 5093
-133.3 4984
-133.1 5068
-132.9 5258
-132.7 5149
-132.5 5213
-132.3 5072
-132.1 5120
-131.9 5123
-131.7 5025
-131.5 5143
-131.3 5161
-131.1 5057
-130.9 4986
-130.7 4952
-130.5 5038
-130.3 5032
-130.1 5146
-129.9 5066
-129.7 5071
-129.5 5106
-129.3 5276
-129.1 5043
-128.9 5000
-128.7 4973
-128.5 5178
-128.3 5193
-128.1 5102
-127.9 5079
-127.7 5099
-127.5 5055
-127.3 5099
-127.1 5033
-126.9 5025
-126.7 5127
-126.5 4958
-126.3 4943
-126.1 4961
-125.9 5115
-125.7 4944
-125.5 5039
-125.3 4910
-125.1 5086
-124.9 5037
-124.7 5052
-124.5 4925
-124.3 5038
-124.1 4804
-123.9 5006
-123.7 4941
-123.5 5090
-123.3 4935
-123.1 4876
-122.9 4930
-122.7 4850
-122.5 4987
-122.3 4876
-122.1 4941
-121.9 4857
-121.7 4937
-121.5 5047
-121.3 5007
-121.1 4943
-120.9 4994
-120.7 4864
-120.5 5018
-120.3 4902
-120.1 4764
-119.9 4959
-119.7 4929
-119.5 4909
-119.3 4962
-119.1 4818
-118.9 4975
-118.7 4939
-118.5 4874
-118.3 5026
-118.1 4873
-117.9 4953
-117.7 4984
-117.5 4845
-117.3 4892
-117.1 4835
-116.9 5000
-116.7 4942
-116.5 4946
-116.3 4946
-116.1 4845
-115.9 4792
-115.7 4818
-115.5 4853
-115.3 4908
-115.1 4861
-114.9 4982
-114.7 5010
-114.5 4879
-114.3 4913
-114.1 4893
-113.9 4904
-113.7 4944
-113.5 4870
-113.3 4856
-113.1 4951
-112.9 4760
-112.7 4750
-112.5 4828
-112.3 4775
-112.1 4849
-111.9 4870
-111.7 4911
-111.5 4849
-111.3 4831
-111.1 4919
-110.9 4870
-110.7 4869
-110.5 4910
-110.3 4835
-110.1 4891
-109.9 4806
-109.7 4932
-109.5 4738
-109.3 4880
-109.1 4886
-108.9 4750
-108.7 4869
-108.5 4779
-108.3 4927
-108.1 4915
-107.9 4811
-107.7 4771
-107.5 4692
-107.3 4819
-107.1 4773
-106.9 4742
-106.7 4710
-106.5 4757
-106.3 4712
-106.1 4781
-105.9 4748
-105.7 4784
-105.5 4588
-105.3 4699
-105.1 4866
-104.9 4733
-104.7 4704
-104.5 4715
-104.3 4807
-104.1 4566
-103.9 4744
-103.7 4685
-103.5 4848
-103.3 4648
-103.1 4699
-102.9 4704
-102.7 4672
-102.5 4778
-102.3 4706
-102.1 4636
-101.9 4708
-101.7 4681
-101.5 4636
-101.3 4773
-101.1 4838
-100.9 4739
-100.7 4687
-100.5 4711
-100.3 4739
-100.1 4773
-99.9 4871
-99.7 4781
-99.5 4764
-99.3 4842
-99.1 4586
-98.9 4817
-98.7 4699
-98.5 4710
-98.3 4662
-98.1 4787
-97.9 4811
-97.7 4839
-97.5 4879
-97.3 4772
-97.1 4846
-96.9 4573
-96.7 4728
-96.5 4731
-96.3 4648
-96.1 4616
-95.9 4763
-95.7 4773
-95.5 4696
-95.3 4633
-95.1 4731
-94.9 4679
-94.7 4583
-94.5 4740
-94.3 4703
-94.1 4689
-93.9 4600
-93.7 4632
-93.5 4708
-93.3 4720
-93.1 4812
-92.9 4477
-92.7 4750
-92.5 4654
-92.3 4689
-92.1 4659
-91.9 4690
-91.7 4636
-91.5 4656
-91.3 4644
-91.1 4645
-90.9 4588
-90.7 4496
-90.5 4618
-90.3 4711
-90.1 4611
-89.9 4810
-89.7 4549
-89.5 4847
-89.3 4585
-89.1 4658
-88.9 4487
-88.7 4552
-88.5 4706
-88.3 4628
-88.1 4621
-87.9 4692
-87.7 4588
-87.5 4545
-87.3 4587
-87.1 4576
-86.9 4693
-86.7 4676
-86.5 4507
-86.3 4447
-86.1 4666
-85.9 4576
-85.7 4664
-85.5 4664
-85.3 4594
-85.1 4651
-84.9 4648
-84.7 4628
-84.5 4783
-84.3 4732
-84.1 4659
-83.9 4632
-83.7 4678
-83.5 4628
-83.3 4636
-83.1 4716
-82.9 4581
-82.7 4624
-82.5 4730
-82.3 4600
-82.1 4707
-81.9 4580
-81.7 4714
-81.5 4634
-81.3 4590
-81.1 4578
-80.9 4571
-80.7 4628
-80.5 4607
-80.3 4647
-80.1 4571
-79.9 4607
-79.7 4587
-79.5 4677
-79.3 4627
-79.1 4574
-78.9 4597
-78.7 4617
-78.5 4683
-78.3 4687
-78.1 4543
-77.9 4757
-77.7 4634
-77.5 4650
-77.3 4739
-77.1 4530
-76.9 4556
-76.7 4694
-76.5 4601
-76.3 4646
-76.1 4603
-75.9 4673
-75.7 4612
-75.5 4754
-75.3 4711
-75.1 4674
-74.9 4671
-74.7 4549
-74.5 4754
-74.3 4642
-74.1 4717
-73.9 4725
-73.7 4745
-73.5 4709
-73.3 4698
-73.1 4677
-72.9 4733
-72.7 4739
-72.5 4683
-72.3 4801
-72.1 4632
-71.9 4689
-71.7 4751
-71.5 4765
-71.3 4779
-71.1 4807
-70.9 4604
-70.7 4692
-70.5 4807
-70.3 4766
-70.1 4699
-69.9 4718
-69.7 4743
-69.5 4743
-69.3 4878
-69.1 4778
-68.9 4667
-68.7 4906
-68.5 4844
-68.3 4827
-68.1 4810
-67.9 4799
-67.7 4822
-67.5 4975
-67.3 4947
-67.1 4818
-66.9 4833
-66.7 4839
-66.5 4751
-66.3 4731
-66.1 4833
-65.9 4969
-65.7 4936
-65.5 4819
-65.3 4894
-65.1 4783
-64.9 5034
-64.7 4913
-64.5 4848
-64.3 4891
-64.1 4921
-63.9 4819
-63.7 4864
-63.5 4873
-63.3 4891
-63.1 4790
-62.9 4807
-62.7 4854
-62.5 4835
-62.3 4840
-62.1 4868
-61.9 4869
-61.7 4766
-61.5 4812
-61.3 4902
-61.1 4757
-60.9 4809
-60.7 4857
-60.5 4935
-60.3 4870
-60.1 4913
-59.9 4807
-59.7 4653
-59.5 4717
-59.3 4794
-59.1 4779
-58.9 4714
-58.7 4740
-58.5 4772
-58.3 4788
-58.1 4762
-57.9 4766
-57.7 4692
-57.5 4794
-57.3 4721
-57.1 4688
-56.9 4725
-56.7 4814
-56.5 4645
-56.3 4662
-56.1 4578
-55.9 4680
-55.7 4826
-55.5 4710
-55.3 4761
-55.1 4790
-54.9 4636
-54.7 4651
-54.5 4681
-54.3 4642
-54.1 4739
-53.9 4680
-53.7 4625
-53.5 4718
-53.3 4806
-53.1 4751
-52.9 4682
-52.7 4769
-52.5 4700
-52.3 4758
-52.1 4756
-51.9 4725
-51.7 4745
-51.5 4745
-51.3 4752
-51.1 4601
-50.9 4529
-50.7 4640
-50.5 4626
-50.3 4803
-50.1 4619
-49.9 4702
-49.7 4737
-49.5 4698
-49.3 4692
-49.1 4613
-48.9 4740
-48.7 4730
-48.5 4803
-48.3 4746
-48.1 4748
-47.9 4775
-47.7 4876
-47.5 4638
-47.3 4725
-47.1 4707
-46.9 4774
-46.7 4666
-46.5 4800
-46.3 4746
-46.1 4631
-45.9 4695
-45.7 4707
-45.5 4648
-45.3 4696
-45.1 4754
-44.9 4607
-44.7 4597
-44.5 4754
-44.3 4656
-44.1 4749
-43.9 4667
-43.7 4515
-43.5 4707
-43.3 4687
-43.1 4646
-42.9 4661
-42.7 4571
-42.5 4607
-42.3 4596
-42.1 4671
-41.9 4738
-41.7 4690
-41.5 4627
-41.3 4622
-41.1 4683
-40.9 4829
-40.7 4731
-40.5 4817
-40.3 4725
-40.1 4699
-39.9 4652
-39.7 4624
-39.5 4698
-39.3 4715
-39.1 4691
-38.9 4679
-38.7 4766
-38.5 4694
-38.3 4720
-38.1 4712
-37.9 4604
-37.7 4686
-37.5 4598
-37.3 4782
-37.1 4634
-36.9 4602
-36.7 4732
-36.5 4683
-36.3 4612
-36.1 4766
-35.9 4691
-35.7 4699
-35.5 4589
-35.3 4747
-35.1 4641
-34.9 4643
-34.7 4714
-34.5 4619
-34.3 4692
-34.1 4641
-33.9 4693
-33.7 4780
-33.5 4631
-33.3 4604
-33.1 4661
-32.9 4614
-32.7 4711
-32.5 4677
-32.3 4695
-32.1 4694
-31.9 4762
-31.7 4801
-31.5 4767
-31.3 4713
-31.1 4715
-30.9 4751
-30.7 4851
-30.5 4749
-30.3 4678
-30.1 4760
-29.9 4646
-29.7 4756
-29.5 4724
-29.3 4544
-29.1 4739
-28.9 4700
-28.7 4684
-28.5 4707
-28.3 4735
-28.1 4769
-27.9 4655
-27.7 4722
-27.5 4637
-27.3 4658
-27.1 4761
-26.9 4571
-26.7 4582
-26.5 4779
-26.3 4661
-26.1 4706
-25.9 4738
-25.7 4754
-25.5 4878
-25.3 4699
-25.1 4646
-24.9 4775
-24.7 4838
-24.5 4807
-24.3 4666
-24.1 4663
-23.9 4837
-23.7 4710
-23.5 4749
-23.3 4720
-23.1 4658
-22.9 4846
-22.7 4628
-22.5 4688
-22.3 4769
-22.1 4785
-21.9 4683
-21.7 4625
-21.5 4682
-21.3 4704
-21.1 4691
-20.9 4677
-20.7 4840
-20.5 4713
-20.3 4661
-20.1 4752
-19.9 4720
-19.7 4654
-19.5 4801
-19.3 4746
-19.1 4630
-18.9 4831
-18.7 4721
-18.5 4716
-18.3 4631
-18.1 4623
-17.9 4695
-17.7 4657
-17.5 4632
-17.3 4735
-17.1 4730
-16.9 4603
-16.7 4678
-16.5 4697
-16.3 4756
-16.1 4633
-15.9 4620
-15.7 4817
-15.5 4744
-15.3 4525
-15.1 4721
-14.9 4520
-14.7 4546
-14.5 4581
-14.3 4563
-14.1 4635
-13.9 4715
-13.7 4516
-13.5 4557
-13.3 4677
-13.1 4676
-12.9 4625
-12.7 4563
-12.5 4619
-12.3 4491
-12.1 4626
-11.9 4654
-11.7 4618
-11.5 4530
-11.3 4556
-11.1 4621
-10.9 4573
-10.7 4411
-10.5 4519
-10.3 4563
-10.1 4564
-9.9 4582
-9.7 4639
-9.5 4595
-9.3 4582
-9.1 4520
-8.9 4659
-8.7 4607
-8.5 4682
-8.3 4590
-8.1 4578
-7.9 4475
-7.7 4667
-7.5 4509
-7.3 4544
-7.1 4638
-6.9 4530
-6.7 4596
-6.5 4567
-6.3 4664
-6.1 4573
-5.9 4583
-5.7 4518
-5.5 4689
-5.3 4562
-5.1 4656
-4.9 4585
-4.7 4443
-4.5 4585
-4.3 4587
-4.1 4560
-3.9 4581
-3.7 4606
-3.5 4465
-3.3 4650
-3.1 4513
-2.9 4734
-2.7 4532
-2.5 4657
-2.3 4575
-2.1 4645
-1.9 4660
-1.7 4526
-1.5 4578
-1.3 4573
-1.1 4625
-0.9 4700
-0.7 4617
-0.5 4684
-0.3 4829
-0.1 4666
0.1 4755
0.3 4587
0.5 4576
0.7 4669
0.9 4595
1.1 4569
1.3 4773
1.5 4709
1.7 4619
1.9 4620
2.1 4571
2.3 4509
2.5 4649
2.7 4696
2.9 4666
3.1 4746
3.3 4737
3.5 4645
3.7 4646
3.9 4766
4.1 4772
4.3 4589
4.5 4641
4.7 4572
4.9 4626
5.1 4679
5.3 4707
5.5 4759
5.7 4704
5.9 4624
6.1 4702
6.3 4627
6.5 4678
6.7 4568
6.9 4755
7.1 4765
7.3 4562
7.5 4553
7.7 4645
7.9 4690
8.1 4657
8.3 4743
8.5 4606
8.7 4723
8.9 4577
9.1 4498
9.3 4715
9.5 4630
9.7 4606
9.9 4711
10.1 4717
10.3 4680
10.5 4728
10.7 4638
10.9 4544
11.1 4498
11.3 4514
11.5 4625
11.7 4554
11.9 4561
12.1 4570
12.3 4633
12.5 4635
12.7 4537
12.9 4507
13.1 4482
13.3 4552
13.5 4422
13.7 4434
13.9 4401
14.1 4548
14.3 4294
14.5 4443
14.7 4291
14.9 4361
15.1 4387
15.3 4304
15.5 4284
15.7 4194
15.9 4277
16.1 4239
16.3 4158
16.5 4100
16.7 4099
16.9 4158
17.1 4044
17.3 4148
17.5 3973
17.7 4051
17.9 4011
18.1 4025
18.3 3808
18.5 3819
18.7 3845
18.9 3722
19.1 3731
19.3 3701
19.5 3652
19.7 3589
19.9 3527
20.1 3393
20.3 3410
20.5 3488
20.7 3356
20.9 3230
21.1 3277
21.3 3174
21.5 3155
21.7 3186
21.9 3045
22.1 3078
22.3 3128
22.5 2976
22.7 2920
22.9 2838
23.1 2788
23.3 2753
23.5 2623
23.7 2633
23.9 2627
24.1 2639
24.3 2502
24.5 2523
24.7 2385
24.9 2454
25.1 2349
25.3 2321
25.5 2211
25.7 2264
25.9 2127
26.1 2130
26.3 2047
26.5 2033
26.7 2012
26.9 1900
27.1 1926
27.3 1917
27.5 1740
27.7 1711
27.9 1721
28.1 1725
28.3 1640
28.5 1564
28.7 1593
28.9 1603
29.1 1457
29.3 1353
29.5 1433
29.7 1320
29.9 1293
30.1 1322
30.3 1233
30.5 1164
30.7 1185
30.9 1167
31.1 1097
31.3 1083
31.5 942
31.7 970
31.9 897
32.1 915
32.3 862
32.5 802
32.7 754
32.9 791
33.1 723
33.3 710
33.5 678
33.7 682
33.9 621
34.1 573
34.3 538
34.5 505
34.7 476
34.9 494
35.1 485
35.3 429
35.5 395
35.7 418
35.9 377
36.1 364
36.3 327
36.5 321
36.7 308
36.9 289
37.1 289
37.3 274
37.5 250
37.7 242
37.9 229
38.1 204
38.3 188
38.5 195
38.7 178
38.9 154
39.1 160
39.3 141
39.5 141
39.7 128
39.9 108
40.1 125
40.3 102
40.5 110
40.7 110
40.9 90
41.1 85
41.3 81
41.5 73
41.7 56
41.9 51
42.1 63
42.3 55
42.5 54
42.7 50
42.9 46
43.1 42
43.3 37
43.5 29
43.7 30
43.9 30
44.1 28
44.3 33
44.5 33
44.7 24
44.9 33
45.1 20
45.3 20
45.5 12
45.7 16
45.9 14
46.1 16
46.3 17
46.5 11
46.7 22
46.9 20
47.1 19
47.3 18
47.5 12
47.7 7
47.9 10
48.1 9
48.3 11
48.5 6
48.7 5
48.9 13
49.1 7
49.3 5
49.5 6
49.7 7
49.9 6
