-209.9 0
-209.7 2
-209.5 1
-209.3 3
-209.1 2
-208.9 0
-208.7 0
-208.5 1
-208.3 1
-208.1 2
-207.9 1
-207.7 0
-207.5 2
-207.3 1
-207.1 1
-206.9 3
-206.7 1
-206.5 2
-206.3 1
-206.1 1
-205.9 1
-205.7 2
-205.5 1
-205.3 2
-205.1 2
-204.9 1
-204.7 0
-204.5 1
-204.3 2
-204.1 2
-203.9 2
-203.7 0
-203.5 0
-203.3 1
-203.1 1
-202.9 1
-202.7 1
-202.5 0
-202.3 2
-202.1 2
-201.9 3
-201.7 8
-201.5 15
-201.3 16
-201.1 32
-200.9 42
-200.7 54
-200.5 60
-200.3 78
-200.1 119
-199.9 184
-199.7 206
-199.5 346
-199.3 512
-199.1 612
-198.9 858
-198.7 1053
-198.5 1337
-198.3 1678
-198.1 2080
-197.9 2577
-197.7 3392
-197.5 3936
-197.3 4987
-197.1 5958
-196.9 7030
-196.7 8024
-196.5 9350
-196.3 10078
-196.1 11050
-195.9 11783
-195.7 12283
-195.5 12846
-195.3 13236
-195.1 13352
-194.9 13532
-194.7 13584
-194.5 13495
-194.3 13402
-194.1 13030
-193.9 12792
-193.7 12819
-193.5 12485
-193.3 12433
-193.1 11889
-192.9 11858
-192.7 11762
-192.5 11283
-192.3 11283
-192.1 11123
-191.9 11250
-191.7 10894
-191.5 10725
-191.3 10452
-191.1 10741
-190.9 10192
-190.7 10211
-190.5 10108
-190.3 10175
-190.1 10222
-189.9 9865
-189.7 9990
-189.5 9946
-189.3 9653
-189.1 9708
-188.9 9687
-188.7 9578
-188.5 9705
-188.3 9567
-188.1 9544
-187.9 9478
-187.7 9503
-187.5 9322
-187.3 9409
-187.1 9356
-186.9 9203
-186.7 9286
-186.5 9162
-186.3 9220
-186.1 9210
-185.9 9001
-185.7 9269
-185.5 9117
-185.3 8958
-185.1 9074
-184.9 9009
-184.7 8886
-184.5 8828
-184.3 8698
-184.1 8685
-183.9 8500
-183.7 8491
-183.5 8417
-183.3 8347
-183.1 8360
-182.9 8239
-182.7 8090
-182.5 8232
-182.3 8151
-182.1 7809
-181.9 7837
-181.7 7639
-181.5 7518
-181.3 7336
-181.1 7325
-180.9 7275
-180.7 7288
-180.5 7085
-180.3 6959
-180.1 7013
-179.9 6954
-179.7 6737
-179.5 6653
-179.3 6582
-179.1 6658
-178.9 6426
-178.7 6425
-178.5 6413
-178.3 6375
-178.1 6329
-177.9 6221
-177.7 6253
-177.5 6025
-177.3 5985
-177.1 5927
-176.9 5918
-176.7 5937
-176.5 5854
-176.3 5852
-176.1 5853
-175.9 5846
-175.7 5781
-175.5 5778
-175.3 5840
-175.1 5614
-174.9 5584
-174.7 5678
-174.5 5569
-174.3 5556
-174.1 5625
-173.9 5557
-173.7 5536
-173.5 5618
-173.3 5436
-173.1 5474
-172.9 5300
-172.7 5297
-172.5 5529
-172.3 5296
-172.1 5482
-171.9 5367
-171.7 5512
-171.5 5298
-171.3 5368
-171.1 5425
-170.9 5361
-170.7 5369
-170.5 5330
-170.3 5208
-170.1 5231
-169.9 5201
-169.7 5359
-169.5 5213
-169.3 5243
-169.1 5115
-168.9 5144
-168.7 5241
-168.5 5017
-168.3 5151
-168.1 5313
-167.9 5207
-167.7 5184
-167.5 5103
-167.3 5269
-167.1 5255
-166.9 5205
-166.7 5105
-166.5 5100
-166.3 5176
-166.1 5167
-165.9 5050
-165.7 5108
-165.5 4974
-165.3 5130
-165.1 5112
-164.9 5148
-164.7 5092
-164.5 5153
-164.3 5181
-164.1 5192
-163.9 5108
-163.7 5123
-163.5 5167
-163.3 4962
-163.1 4985
-162.9 5101
-162.7 4945
-162.5 4831
-162.3 5168
-162.1 4942
-161.9 5059
-161.7 5117
-161.5 4935
-161.3 5070
-161.1 4998
-160.9 4941
-160.7 5023
-160.5 4848
-160.3 4915
-160.1 4989
-159.9 4930
-159.7 4876
-159.5 4823
-159.3 4937
-159.1 4994
-158.9 4977
-158.7 4856
-158.5 4976
-158.3 4968
-158.1 4886
-157.9 5005
-157.7 4820
-157.5 4825
-157.3 4963
-157.1 4840
-156.9 4814
-156.7 4906
-156.5 4903
-156.3 4787
-156.1 4780
-155.9 4745
-155.7 4709
-155.5 4707
-155.3 4638
-155.1 4652
-154.9 4542
-154.7 4640
-154.5 4612
-154.3 4544
-154.1 4591
-153.9 4682
-153.7 4593
-153.5 4544
-153.3 4540
-153.1 4433
-152.9 4348
-152.7 4443
-152.5 4516
-152.3 4452
-152.1 4512
-151.9 4439
-151.7 4402
-151.5 4342
-151.3 4519
-151.1 4377
-150.9 4422
-150.7 4406
-150.5 4375
-150.3 4413
-150.1 4470
-149.9 4509
-149.7 4424
-149.5 4380
-149.3 4449
-149.1 4312
-148.9 4442
-148.7 4471
-148.5 4533
-148.3 4451
-148.1 4523
-147.9 4632
-147.7 4570
-147.5 4602
-147.3 4484
-147.1 4474
-146.9 4576
-146.7 4713
-146.5 4743
-146.3 4756
-146.1 4632
-145.9 4667
-145.7 4687
-145.5 4837
-145.3 4685
-145.1 4798
-144.9 4703
-144.7 4878
-144.5 4847
-144.3 4931
-144.1 4826
-143.9 4768
-143.7 4966
-143.5 4954
-143.3 4936
-143.1 5038
-142.9 4898
-142.7 5024
-142.5 5069
-142.3 4871
-142.1 5040
-141.9 5018
-141.7 5070
-141.5 4979
-141.3 5151
-141.1 5048
-140.9 5144
-140.7 5207
-140.5 5032
-140.3 5081
-140.1 5111
-139.9 5220
-139.7 5194
-139.5 5172
-139.3 5265
-139.1 5110
-138.9 5261
-138.7 5143
-138.5 5041
-138.3 5217
-138.1 5147
-137.9 5101
-137.7 5173
-137.5 5137
-137.3 5111
-137.1 5106
-136.9 5218
-136.7 5019
-136.5 5081
-136.3 5187
-136.1 5115
-135.9 5347
-135.7 4952
-135.5 5155
-135.3 5100
-135.1 5234
-134.9 5042
-134.7 5229
-134.5 5140
-134.3 5184
-134.1 5046
-133.9 5126
-133.7 5195
-133.5 4972
-133.3 5221
-133.1 5004
-132.9 5044
-132.7 4967
-132.5 5141
-132.3 5133
-132.1 5157
-131.9 5053
-131.7 5100
-131.5 4993
-131.3 5045
-131.1 5193
-130.9 5080
-130.7 5190
-130.5 5054
-130.3 5023
-130.1 5087
-129.9 5013
-129.7 5030
-129.5 5028
-129.3 5041
-129.1 5038
-128.9 5057
-128.7 5084
-128.5 4954
-128.3 4984
-128.1 5011
-127.9 5138
-127.7 4936
-127.5 5040
-127.3 4911
-127.1 5138
-126.9 5237
-126.7 5009
-126.5 4965
-126.3 5007
-126.1 5056
-125.9 5056
-125.7 4959
-125.5 5051
-125.3 4948
-125.1 5019
-124.9 4979
-124.7 5081
-124.5 5021
-124.3 5068
-124.1 4956
-123.9 5010
-123.7 5007
-123.5 5020
-123.3 4981
-123.1 5030
-122.9 4848
-122.7 4948
-122.5 4913
-122.3 4994
-122.1 4814
-121.9 5056
-121.7 5033
-121.5 4872
-121.3 4876
-121.1 4962
-120.9 5029
-120.7 4995
-120.5 4993
-120.3 4920
-120.1 4942
-119.9 4915
-119.7 4977
-119.5 4862
-119.3 4918
-119.1 4866
-118.9 4945
-118.7 4838
-118.5 4956
-118.3 4880
-118.1 4870
-117.9 4808
-117.7 4893
-117.5 4785
-117.3 4914
-117.1 4770
-116.9 4881
-116.7 4983
-116.5 4914
-116.3 4865
-116.1 4852
-115.9 4742
-115.7 4787
-115.5 4781
-115.3 4852
-115.1 4866
-114.9 4787
-114.7 4752
-114.5 4843
-114.3 4765
-114.1 4797
-113.9 4801
-113.7 4874
-113.5 4800
-113.3 4773
-113.1 4689
-112.9 4836
-112.7 4842
-112.5 4742
-112.3 4793
-112.1 4770
-111.9 4863
-111.7 4900
-111.5 4756
-111.3 4785
-111.1 4968
-110.9 4930
-110.7 4910
-110.5 4727
-110.3 4858
-110.1 4706
-109.9 4891
-109.7 4767
-109.5 4753
-109.3 4797
-109.1 4837
-108.9 4763
-108.7 4690
-108.5 4764
-108.3 4877
-108.1 4756
-107.9 4885
-107.7 4713
-107.5 4781
-107.3 4828
-107.1 4795
-106.9 4609
-106.7 4735
-106.5 4765
-106.3 4879
-106.1 4777
-105.9 4720
-105.7 4759
-105.5 4640
-105.3 4750
-105.1 4795
-104.9 4854
-104.7 4745
-104.5 4750
-104.3 4692
-104.1 4851
-103.9 4745
-103.7 4785
-103.5 4739
-103.3 4778
-103.1 4899
-102.9 4702
-102.7 4790
-102.5 4761
-102.3 4699
-102.1 4684
-101.9 4795
-101.7 4664
-101.5 4541
-101.3 4692
-101.1 4678
-100.9 4750
-100.7 4691
-100.5 4706
-100.3 4577
-100.1 4644
-99.9 4657
-99.7 4681
-99.5 4626
-99.3 4798
-99.1 4662
-98.9 4704
-98.7 4737
-98.5 4578
-98.3 4713
-98.1 4592
-97.9 4752
-97.7 4710
-97.5 4620
-97.3 4778
-97.1 4693
-96.9 4710
-96.7 4627
-96.5 4632
-96.3 4746
-96.1 4833
-95.9 4687
-95.7 4728
-95.5 4605
-95.3 4684
-95.1 4735
-94.9 4649
-94.7 4746
-94.5 4634
-94.3 4681
-94.1 4570
-93.9 4822
-93.7 4534
-93.5 4644
-93.3 4580
-93.1 4653
-92.9 4676
-92.7 4602
-92.5 4555
-92.3 4765
-92.1 4617
-91.9 4562
-91.7 4587
-91.5 4609
-91.3 4613
-91.1 4505
-90.9 4504
-90.7 4539
-90.5 4682
-90.3 4630
-90.1 4548
-89.9 4632
-89.7 4623
-89.5 4599
-89.3 4720
-89.1 4748
-88.9 4696
-88.7 4617
-88.5 4713
-88.3 4651
-88.1 4595
-87.9 4717
-87.7 4613
-87.5 4634
-87.3 4581
-87.1 4596
-86.9 4735
-86.7 4631
-86.5 4648
-86.3 4695
-86.1 4685
-85.9 4709
-85.7 4691
-85.5 4769
-85.3 4566
-85.1 4588
-84.9 4570
-84.7 4546
-84.5 4701
-84.3 4713
-84.1 4639
-83.9 4677
-83.7 4712
-83.5 4685
-83.3 4647
-83.1 4664
-82.9 4855
-82.7 4641
-82.5 4627
-82.3 4642
-82.1 4716
-81.9 4678
-81.7 4685
-81.5 4734
-81.3 4682
-81.1 4773
-80.9 4778
-80.7 4784
-80.5 4758
-80.3 4753
-80.1 4746
-79.9 4827
-79.7 4708
-79.5 4803
-79.3 4683
-79.1 4697
-78.9 4715
-78.7 4825
-78.5 4748
-78.3 4764
-78.1 4833
-77.9 4601
-77.7 4857
-77.5 4869
-77.3 4904
-77.1 4804
-76.9 4857
-76.7 4808
-76.5 4822
-76.3 4853
-76.1 4922
-75.9 4800
-75.7 4878
-75.5 4663
-75.3 4970
-75.1 4898
-74.9 4867
-74.7 4812
-74.5 4782
-74.3 4927
-74.1 4834
-73.9 4839
-73.7 4815
-73.5 4809
-73.3 4922
-73.1 4832
-72.9 4764
-72.7 4784
-72.5 4780
-72.3 4769
-72.1 4855
-71.9 4878
-71.7 4791
-71.5 4835
-71.3 4944
-71.1 4748
-70.9 4777
-70.7 4715
-70.5 4768
-70.3 4710
-70.1 4688
-69.9 4674
-69.7 4832
-69.5 4785
-69.3 4729
-69.1 4808
-68.9 4767
-68.7 4693
-68.5 4769
-68.3 4879
-68.1 4763
-67.9 4735
-67.7 4790
-67.5 4690
-67.3 4939
-67.1 4747
-66.9 4844
-66.7 4817
-66.5 4780
-66.3 4850
-66.1 4907
-65.9 4852
-65.7 4872
-65.5 4837
-65.3 4908
-65.1 4802
-64.9 4799
-64.7 4808
-64.5 4729
-64.3 4922
-64.1 4735
-63.9 4753
-63.7 4833
-63.5 4767
-63.3 4750
-63.1 4846
-62.9 4735
-62.7 4728
-62.5 4782
-62.3 4812
-62.1 4875
-61.9 4890
-61.7 4728
-61.5 4850
-61.3 4849
-61.1 4903
-60.9 4864
-60.7 4778
-60.5 4827
-60.3 4798
-60.1 4818
-59.9 4821
-59.7 4745
-59.5 4881
-59.3 4625
-59.1 4836
-58.9 4873
-58.7 4777
-58.5 4743
-58.3 4824
-58.1 4834
-57.9 4773
-57.7 4848
-57.5 4760
-57.3 4778
-57.1 4763
-56.9 4724
-56.7 4788
-56.5 4768
-56.3 4779
-56.1 4878
-55.9 4744
-55.7 4778
-55.5 4665
-55.3 4687
-55.1 4671
-54.9 4788
-54.7 4733
-54.5 4785
-54.3 4758
-54.1 4684
-53.9 4894
-53.7 4697
-53.5 4779
-53.3 4719
-53.1 4727
-52.9 4731
-52.7 4772
-52.5 4752
-52.3 4780
-52.1 4687
-51.9 4876
-51.7 4677
-51.5 4805
-51.3 4686
-51.1 4754
-50.9 4761
-50.7 4762
-50.5 4888
-50.3 4724
-50.1 4783
-49.9 4777
-49.7 4760
-49.5 4846
-49.3 4894
-49.1 4687
-48.9 4779
-48.7 4644
-48.5 4780
-48.3 4790
-48.1 4817
-47.9 4788
-47.7 4764
-47.5 4713
-47.3 4770
-47.1 4590
-46.9 4745
-46.7 4808
-46.5 4808
-46.3 4750
-46.1 4759
-45.9 4672
-45.7 4835
-45.5 4793
-45.3 4733
-45.1 4751
-44.9 4758
-44.7 4650
-44.5 4636
-44.3 4653
-44.1 4825
-43.9 4745
-43.7 4673
-43.5 4654
-43.3 4733
-43.1 4753
-42.9 4729
-42.7 4749
-42.5 4667
-42.3 4632
-42.1 4676
-41.9 4700
-41.7 4665
-41.5 4686
-41.3 4640
-41.1 4626
-40.9 4880
-40.7 4809
-40.5 4716
-40.3 4718
-40.1 4724
-39.9 4789
-39.7 4576
-39.5 4584
-39.3 4785
-39.1 4754
-38.9 4621
-38.7 4681
-38.5 4704
-38.3 4715
-38.1 4695
-37.9 4744
-37.7 4736
-37.5 4675
-37.3 4779
-37.1 4578
-36.9 4656
-36.7 4790
-36.5 4794
-36.3 4591
-36.1 4758
-35.9 4677
-35.7 4713
-35.5 4814
-35.3 4648
-35.1 4745
-34.9 4699
-34.7 4673
-34.5 4764
-34.3 4683
-34.1 4780
-33.9 4710
-33.7 4798
-33.5 4724
-33.3 4647
-33.1 4838
-32.9 4823
-32.7 4731
-32.5 4746
-32.3 4807
-32.1 4761
-31.9 4722
-31.7 4748
-31.5 4758
-31.3 4691
-31.1 4753
-30.9 4731
-30.7 4787
-30.5 4800
-30.3 4667
-30.1 4870
-29.9 4527
-29.7 4544
-29.5 4767
-29.3 4725
-29.1 4758
-28.9 4900
-28.7 4666
-28.5 4704
-28.3 4705
-28.1 4705
-27.9 4759
-27.7 4880
-27.5 4768
-27.3 4678
-27.1 4605
-26.9 4684
-26.7 4814
-26.5 4816
-26.3 4783
-26.1 4736
-25.9 4640
-25.7 4673
-25.5 4729
-25.3 4914
-25.1 4709
-24.9 4750
-24.7 4679
-24.5 4656
-24.3 4763
-24.1 4769
-23.9 4676
-23.7 4646
-23.5 4658
-23.3 4727
-23.1 4777
-22.9 4696
-22.7 4634
-22.5 4681
-22.3 4652
-22.1 4685
-21.9 4726
-21.7 4671
-21.5 4713
-21.3 4674
-21.1 4762
-20.9 4629
-20.7 4825
-20.5 4647
-20.3 4708
-20.1 4709
-19.9 4704
-19.7 4720
-19.5 4623
-19.3 4730
-19.1 4601
-18.9 4587
-18.7 4723
-18.5 4676
-18.3 4652
-18.1 4709
-17.9 4653
-17.7 4705
-17.5 4695
-17.3 4710
-17.1 4703
-16.9 4623
-16.7 4599
-16.5 4691
-16.3 4708
-16.1 4796
-15.9 4565
-15.7 4733
-15.5 4589
-15.3 4690
-15.1 4712
-14.9 4695
-14.7 4624
-14.5 4669
-14.3 4686
-14.1 4646
-13.9 4622
-13.7 4596
-13.5 4655
-13.3 4625
-13.1 4591
-12.9 4782
-12.7 4652
-12.5 4720
-12.3 4547
-12.1 4666
-11.9 4643
-11.7 4696
-11.5 4669
-11.3 4630
-11.1 4727
-10.9 4671
-10.7 4664
-10.5 4766
-10.3 4704
-10.1 4562
-9.9 4671
-9.7 4815
-9.5 4718
-9.3 4590
-9.1 4747
-8.9 4714
-8.7 4750
-8.5 4762
-8.3 4771
-8.1 4783
-7.9 4714
-7.7 4728
-7.5 4503
-7.3 4705
-7.1 4632
-6.9 4653
-6.7 4731
-6.5 4667
-6.3 4731
-6.1 4669
-5.9 4664
-5.7 4771
-5.5 4668
-5.3 4737
-5.1 4771
-4.9 4828
-4.7 4765
-4.5 4598
-4.3 4758
-4.1 4764
-3.9 4706
-3.7 4694
-3.5 4652
-3.3 4791
-3.1 4640
-2.9 4805
-2.7 4761
-2.5 4763
-2.3 4808
-2.1 4675
-1.9 4672
-1.7 4794
-1.5 4722
-1.3 4817
-1.1 4795
-0.9 4744
-0.7 4733
-0.5 4628
-0.3 4818
-0.1 4778
0.1 4650
0.3 4704
0.5 4770
0.7 4755
0.9 4728
1.1 4732
1.3 4754
1.5 4789
1.7 4699
1.9 4777
2.1 4572
2.3 4801
2.5 4709
2.7 4681
2.9 4754
3.1 4818
3.3 4697
3.5 4625
3.7 4739
3.9 4616
4.1 4682
4.3 4641
4.5 4657
4.7 4689
4.9 4630
5.1 4584
5.3 4551
5.5 4648
5.7 4734
5.9 4645
6.1 4600
6.3 4751
6.5 4597
6.7 4593
6.9 4746
7.1 4740
7.3 4641
7.5 4478
7.7 4637
7.9 4538
8.1 4562
8.3 4576
8.5 4628
8.7 4591
8.9 4602
9.1 4583
9.3 4591
9.5 4594
9.7 4569
9.9 4640
10.1 4484
10.3 4577
10.5 4560
10.7 4495
10.9 4531
11.1 4412
11.3 4492
11.5 4500
11.7 4388
11.9 4419
12.1 4403
12.3 4479
12.5 4471
12.7 4280
12.9 4419
13.1 4259
13.3 4391
13.5 4472
13.7 4411
13.9 4330
14.1 4255
14.3 4327
14.5 4257
14.7 4069
14.9 4184
15.1 4216
15.3 4110
15.5 4249
15.7 4154
15.9 4134
16.1 4040
16.3 4032
16.5 4023
16.7 3987
16.9 3903
17.1 3798
17.3 3852
17.5 3903
17.7 3817
17.9 3902
18.1 3788
18.3 3765
18.5 3718
18.7 3596
18.9 3555
19.1 3578
19.3 3433
19.5 3553
19.7 3413
19.9 3354
20.1 3389
20.3 3308
20.5 3223
20.7 3255
20.9 3251
21.1 3082
21.3 3068
21.5 3133
21.7 3155
21.9 3006
22.1 2847
22.3 2809
22.5 2715
22.7 2795
22.9 2706
23.1 2655
23.3 2702
23.5 2510
23.7 2479
23.9 2417
24.1 2437
24.3 2352
24.5 2299
24.7 2308
24.9 2258
25.1 2139
25.3 2171
25.5 2013
25.7 2075
25.9 2078
26.1 1981
26.3 1953
26.5 1819
26.7 1772
26.9 1781
27.1 1729
27.3 1724
27.5 1620
27.7 1541
27.9 1537
28.1 1477
28.3 1415
28.5 1403
28.7 1373
28.9 1287
29.1 1286
29.3 1230
29.5 1197
29.7 1059
29.9 1080
30.1 1003
30.3 1004
30.5 919
30.7 968
30.9 949
31.1 854
31.3 784
31.5 785
31.7 706
31.9 759
32.1 655
32.3 610
32.5 628
32.7 623
32.9 559
33.1 548
33.3 538
33.5 503
33.7 485
33.9 479
34.1 475
34.3 422
34.5 426
34.7 368
34.9 349
35.1 348
35.3 328
35.5 319
35.7 265
35.9 260
36.1 257
36.3 234
36.5 224
36.7 218
36.9 214
37.1 161
37.3 177
37.5 179
37.7 174
37.9 139
38.1 134
38.3 126
38.5 98
38.7 108
38.9 94
39.1 100
39.3 97
39.5 81
39.7 62
39.9 74
40.1 62
40.3 61
40.5 72
40.7 65
40.9 54
41.1 57
41.3 37
41.5 44
41.7 36
41.9 33
42.1 40
42.3 37
42.5 20
42.7 25
42.9 29
43.1 19
43.3 27
43.5 14
43.7 13
43.9 13
44.1 16
44.3 9
44.5 16
44.7 12
44.9 9
45.1 8
45.3 10
45.5 8
45.7 7
45.9 15
46.1 3
46.3 5
46.5 5
46.7 9
46.9 7
47.1 3
47.3 4
47.5 8
47.7 6
47.9 9
48.1 7
48.3 4
48.5 2
48.7 3
48.9 7
49.1 8
49.3 4
49.5 7
49.7 5
49.9 5
