-209.9 0
-209.7 1
-209.5 1
-209.3 1
-209.1 0
-208.9 1
-208.7 0
-208.5 0
-208.3 1
-208.1 0
-207.9 0
-207.7 2
-207.5 0
-207.3 1
-207.1 1
-206.9 1
-206.7 1
-206.5 0
-206.3 1
-206.1 2
-205.9 2
-205.7 3
-205.5 1
-205.3 0
-205.1 1
-204.9 0
-204.7 0
-204.5 1
-204.3 1
-204.1 0
-203.9 2
-203.7 0
-203.5 0
-203.3 4
-203.1 2
-202.9 1
-202.7 2
-202.5 1
-202.3 3
-202.1 2
-201.9 2
-201.7 1
-201.5 1
-201.3 0
-201.1 2
-200.9 3
-200.7 0
-200.5 2
-200.3 1
-200.1 1
-199.9 1
-199.7 1
-199.5 3
-199.3 0
-199.1 1
-198.9 1
-198.7 3
-198.5 8
-198.3 23
-198.1 48
-197.9 80
-197.7 113
-197.5 192
-197.3 284
-197.1 409
-196.9 567
-196.7 792
-196.5 968
-196.3 1342
-196.1 1783
-195.9 2204
-195.7 2883
-195.5 3590
-195.3 3999
-195.1 4969
-194.9 5792
-194.7 6524
-194.5 6996
-194.3 7779
-194.1 8294
-193.9 8598
-193.7 9036
-193.5 9391
-193.3 9578
-193.1 9578
-192.9 9610
-192.7 9669
-192.5 9648
-192.3 9602
-192.1 9473
-191.9 9332
-191.7 9354
-191.5 9224
-191.3 9161
-191.1 8990
-190.9 8899
-190.7 8976
-190.5 8592
-190.3 8663
-190.1 8678
-189.9 8260
-189.7 8293
-189.5 8299
-189.3 8188
-189.1 8107
-188.9 8092
-188.7 7831
-188.5 7901
-188.3 7596
-188.1 7779
-187.9 7831
-187.7 7588
-187.5 7619
-187.3 7658
-187.1 7453
-186.9 7473
-186.7 7594
-186.5 7474
-186.3 7411
-186.1 7323
-185.9 7252
-185.7 7435
-185.5 7231
-185.3 7166
-185.1 7080
-184.9 7077
-184.7 7236
-184.5 7035
-184.3 6945
-184.1 6766
-183.9 7039
-183.7 6833
-183.5 6904
-183.3 6770
-183.1 6774
-182.9 6720
-182.7 6848
-182.5 6796
-182.3 6604
-182.1 6531
-181.9 6479
-181.7 6497
-181.5 6473
-181.3 6360
-181.1 6369
-180.9 6192
-180.7 6275
-180.5 6374
-180.3 6228
-180.1 6155
-179.9 6195
-179.7 6070
-179.5 6068
-179.3 5983
-179.1 6044
-178.9 5848
-178.7 5890
-178.5 5858
-178.3 5760
-178.1 5685
-177.9 5789
-177.7 5657
-177.5 5714
-177.3 5627
-177.1 5483
-176.9 5530
-176.7 5588
-176.5 5467
-176.3 5551
-176.1 5523
-175.9 5431
-175.7 5440
-175.5 5193
-175.3 5431
-175.1 5295
-174.9 5260
-174.7 5357
-174.5 5246
-174.3 5274
-174.1 5278
-173.9 5280
-173.7 5013
-173.5 5322
-173.3 5308
-173.1 5240
-172.9 5079
-172.7 5161
-172.5 4934
-172.3 4994
-172.1 5265
-171.9 5210
-171.7 5010
-171.5 5109
-171.3 5061
-171.1 5006
-170.9 4916
-170.7 5021
-170.5 4915
-170.3 5018
-170.1 4947
-169.9 5107
-169.7 4951
-169.5 5007
-169.3 4981
-169.1 4922
-168.9 4890
-168.7 4854
-168.5 4952
-168.3 4916
-168.1 4888
-167.9 4836
-167.7 4947
-167.5 4837
-167.3 4711
-167.1 4832
-166.9 4741
-166.7 4735
-166.5 4849
-166.3 4826
-166.1 4758
-165.9 4734
-165.7 4830
-165.5 4840
-165.3 4789
-165.1 4872
-164.9 4672
-164.7 4850
-164.5 4733
-164.3 4797
-164.1 4687
-163.9 4685
-163.7 4807
-163.5 4869
-163.3 4625
-163.1 4697
-162.9 4779
-162.7 4645
-162.5 4752
-162.3 4759
-162.1 4754
-161.9 4839
-161.7 4677
-161.5 4748
-161.3 4667
-161.1 4703
-160.9 4703
-160.7 4556
-160.5 4621
-160.3 4744
-160.1 4720
-159.9 4659
-159.7 4707
-159.5 4602
-159.3 4743
-159.1 4778
-158.9 4693
-158.7 4668
-158.5 4755
-158.3 4644
-158.1 4662
-157.9 4668
-157.7 4688
-157.5 4652
-157.3 4579
-157.1 4742
-156.9 4675
-156.7 4675
-156.5 4629
-156.3 4656
-156.1 4738
-155.9 4528
-155.7 4510
-155.5 4545
-155.3 4644
-155.1 4702
-154.9 4655
-154.7 4709
-154.5 4766
-154.3 4680
-154.1 4605
-153.9 4630
-153.7 4593
-153.5 4696
-153.3 4576
-153.1 4685
-152.9 4714
-152.7 4651
-152.5 4666
-152.3 4616
-152.1 4784
-151.9 4693
-151.7 4533
-151.5 4834
-151.3 4603
-151.1 4733
-150.9 4671
-150.7 4730
-150.5 4524
-150.3 4665
-150.1 4595
-149.9 4639
-149.7 4592
-149.5 4710
-149.3 4608
-149.1 4651
-148.9 4724
-148.7 4549
-148.5 4604
-148.3 4734
-148.1 4622
-147.9 4538
-147.7 4569
-147.5 4681
-147.3 4649
-147.1 4467
-146.9 4580
-146.7 4538
-146.5 4601
-146.3 4555
-146.1 4636
-145.9 4552
-145.7 4482
-145.5 4641
-145.3 4534
-145.1 4451
-144.9 4445
-144.7 4590
-144.5 4441
-144.3 4662
-144.1 4461
-143.9 4434
-143.7 4457
-143.5 4425
-143.3 4503
-143.1 4485
-142.9 4470
-142.7 4521
-142.5 4349
-142.3 4514
-142.1 4554
-141.9 4532
-141.7 4410
-141.5 4412
-141.3 4446
-141.1 4387
-140.9 4488
-140.7 4433
-140.5 4366
-140.3 4448
-140.1 4513
-139.9 4463
-139.7 4505
-139.5 4348
-139.3 4442
-139.1 4324
-138.9 4443
-138.7 4420
-138.5 4442
-138.3 4346
-138.1 4548
-137.9 4572
-137.7 4499
-137.5 4494
-137.3 4503
-137.1 4472
-136.9 4459
-136.7 4627
-136.5 4553
-136.3 4535
-136.1 4472
-135.9 4561
-135.7 4536
-135.5 4622
-135.3 4495
-135.1 4677
-134.9 4517
-134.7 4616
-134.5 4606
-134.3 4589
-134.1 4738
-133.9 4667
-133.7 4665
-133.5 4650
-133.3 4612
-133.1 4654
-132.9 4599
-132.7 4671
-132.5 4582
-132.3 4761
-132.1 4617
-131.9 4575
-131.7 4792
-131.5 4812
-131.3 4696
-131.1 4584
-130.9 4602
-130.7 4771
-130.5 4750
-130.3 4663
-130.1 4751
-129.9 4679
-129.7 4687
-129.5 4744
-129.3 4739
-129.1 4831
-128.9 4831
-128.7 4724
-128.5 4643
-128.3 4743
-128.1 4689
-127.9 4777
-127.7 4708
-127.5 4682
-127.3 4629
-127.1 4712
-126.9 4677
-126.7 4566
-126.5 4675
-126.3 4822
-126.1 4663
-125.9 4706
-125.7 4662
-125.5 4738
-125.3 4628
-125.1 4728
-124.9 4636
-124.7 4660
-124.5 4750
-124.3 4758
-124.1 4611
-123.9 4663
-123.7 4680
-123.5 4631
-123.3 4706
-123.1 4674
-122.9 4752
-122.7 4557
-122.5 4535
-122.3 4603
-122.1 4594
-121.9 4686
-121.7 4552
-121.5 4701
-121.3 4718
-121.1 4732
-120.9 4573
-120.7 4606
-120.5 4655
-120.3 4661
-120.1 4629
-119.9 4739
-119.7 4634
-119.5 4703
-119.3 4647
-119.1 4642
-118.9 4683
-118.7 4474
-118.5 4672
-118.3 4720
-118.1 4499
-117.9 4552
-117.7 4555
-117.5 4505
-117.3 4540
-117.1 4523
-116.9 4619
-116.7 4469
-116.5 4683
-116.3 4597
-116.1 4596
-115.9 4584
-115.7 4661
-115.5 4540
-115.3 4540
-115.1 4526
-114.9 4601
-114.7 4590
-114.5 4686
-114.3 4611
-114.1 4534
-113.9 4563
-113.7 4483
-113.5 4587
-113.3 4562
-113.1 4505
-112.9 4495
-112.7 4539
-112.5 4606
-112.3 4621
-112.1 4382
-111.9 4515
-111.7 4538
-111.5 4629
-111.3 4606
-111.1 4506
-110.9 4506
-110.7 4511
-110.5 4625
-110.3 4548
-110.1 4643
-109.9 4671
-109.7 4489
-109.5 4523
-109.3 4495
-109.1 4438
-108.9 4402
-108.7 4540
-108.5 4483
-108.3 4533
-108.1 4400
-107.9 4450
-107.7 4476
-107.5 4545
-107.3 4531
-107.1 4636
-106.9 4500
-106.7 4515
-106.5 4602
-106.3 4433
-106.1 4495
-105.9 4511
-105.7 4513
-105.5 4516
-105.3 4446
-105.1 4379
-104.9 4533
-104.7 4494
-104.5 4541
-104.3 4499
-104.1 4557
-103.9 4373
-103.7 4716
-103.5 4380
-103.3 4526
-103.1 4377
-102.9 4359
-102.7 4451
-102.5 4545
-102.3 4585
-102.1 4456
-101.9 4451
-101.7 4519
-101.5 4457
-101.3 4394
-101.1 4577
-100.9 4533
-100.7 4515
-100.5 4548
-100.3 4515
-100.1 4376
-99.9 4510
-99.7 4499
-99.5 4526
-99.3 4399
-99.1 4375
-98.9 4499
-98.7 4548
-98.5 4555
-98.3 4642
-98.1 4588
-97.9 4481
-97.7 4656
-97.5 4562
-97.3 4545
-97.1 4589
-96.9 4636
-96.7 4484
-96.5 4473
-96.3 4532
-96.1 4459
-95.9 4666
-95.7 4567
-95.5 4529
-95.3 4589
-95.1 4492
-94.9 4503
-94.7 4623
-94.5 4717
-94.3 4593
-94.1 4609
-93.9 4639
-93.7 4594
-93.5 4620
-93.3 4694
-93.1 4591
-92.9 4588
-92.7 4669
-92.5 4525
-92.3 4473
-92.1 4529
-91.9 4562
-91.7 4550
-91.5 4665
-91.3 4610
-91.1 4535
-90.9 4529
-90.7 4596
-90.5 4581
-90.3 4595
-90.1 4637
-89.9 4626
-89.7 4600
-89.5 4538
-89.3 4535
-89.1 4527
-88.9 4484
-88.7 4456
-88.5 4573
-88.3 4533
-88.1 4479
-87.9 4573
-87.7 4510
-87.5 4473
-87.3 4648
-87.1 4610
-86.9 4642
-86.7 4663
-86.5 4619
-86.3 4516
-86.1 4499
-85.9 4532
-85.7 4571
-85.5 4453
-85.3 4708
-85.1 4461
-84.9 4399
-84.7 4469
-84.5 4502
-84.3 4429
-84.1 4513
-83.9 4444
-83.7 4553
-83.5 4510
-83.3 4568
-83.1 4480
-82.9 4477
-82.7 4464
-82.5 4477
-82.3 4565
-82.1 4502
-81.9 4543
-81.7 4511
-81.5 4479
-81.3 4498
-81.1 4595
-80.9 4496
-80.7 4429
-80.5 4516
-80.3 4476
-80.1 4668
-79.9 4553
-79.7 4570
-79.5 4468
-79.3 4591
-79.1 4552
-78.9 4462
-78.7 4447
-78.5 4466
-78.3 4524
-78.1 4500
-77.9 4523
-77.7 4449
-77.5 4420
-77.3 4485
-77.1 4530
-76.9 4445
-76.7 4371
-76.5 4516
-76.3 4472
-76.1 4498
-75.9 4469
-75.7 4542
-75.5 4575
-75.3 4519
-75.1 4336
-74.9 4548
-74.7 4462
-74.5 4500
-74.3 4512
-74.1 4517
-73.9 4523
-73.7 4425
-73.5 4554
-73.3 4477
-73.1 4541
-72.9 4482
-72.7 4528
-72.5 4597
-72.3 4494
-72.1 4560
-71.9 4485
-71.7 4403
-71.5 4565
-71.3 4589
-71.1 4497
-70.9 4606
-70.7 4551
-70.5 4425
-70.3 4464
-70.1 4624
-69.9 4592
-69.7 4476
-69.5 4416
-69.3 4498
-69.1 4552
-68.9 4628
-68.7 4582
-68.5 4632
-68.3 4564
-68.1 4408
-67.9 4393
-67.7 4650
-67.5 4528
-67.3 4571
-67.1 4433
-66.9 4464
-66.7 4479
-66.5 4529
-66.3 4566
-66.1 4541
-65.9 4529
-65.7 4650
-65.5 4588
-65.3 4532
-65.1 4573
-64.9 4438
-64.7 4629
-64.5 4430
-64.3 4490
-64.1 4487
-63.9 4461
-63.7 4483
-63.5 4439
-63.3 4473
-63.1 4643
-62.9 4419
-62.7 4507
-62.5 4464
-62.3 4527
-62.1 4436
-61.9 4449
-61.7 4522
-61.5 4565
-61.3 4516
-61.1 4521
-60.9 4549
-60.7 4573
-60.5 4498
-60.3 4570
-60.1 4550
-59.9 4590
-59.7 4539
-59.5 4483
-59.3 4498
-59.1 4573
-58.9 4628
-58.7 4485
-58.5 4688
-58.3 4523
-58.1 4531
-57.9 4535
-57.7 4538
-57.5 4573
-57.3 4535
-57.1 4429
-56.9 4500
-56.7 4577
-56.5 4568
-56.3 4591
-56.1 4523
-55.9 4595
-55.7 4486
-55.5 4535
-55.3 4603
-55.1 4497
-54.9 4586
-54.7 4527
-54.5 4578
-54.3 4560
-54.1 4480
-53.9 4505
-53.7 4504
-53.5 4641
-53.3 4534
-53.1 4468
-52.9 4425
-52.7 4529
-52.5 4555
-52.3 4494
-52.1 4403
-51.9 4435
-51.7 4534
-51.5 4442
-51.3 4510
-51.1 4682
-50.9 4537
-50.7 4648
-50.5 4573
-50.3 4540
-50.1 4471
-49.9 4401
-49.7 4597
-49.5 4525
-49.3 4536
-49.1 4599
-48.9 4467
-48.7 4419
-48.5 4537
-48.3 4424
-48.1 4649
-47.9 4667
-47.7 4429
-47.5 4586
-47.3 4583
-47.1 4523
-46.9 4710
-46.7 4605
-46.5 4563
-46.3 4506
-46.1 4408
-45.9 4518
-45.7 4598
-45.5 4436
-45.3 4570
-45.1 4656
-44.9 4520
-44.7 4565
-44.5 4680
-44.3 4465
-44.1 4501
-43.9 4539
-43.7 4604
-43.5 4560
-43.3 4565
-43.1 4473
-42.9 4524
-42.7 4503
-42.5 4550
-42.3 4529
-42.1 4477
-41.9 4407
-41.7 4512
-41.5 4537
-41.3 4562
-41.1 4555
-40.9 4567
-40.7 4673
-40.5 4591
-40.3 4519
-40.1 4645
-39.9 4463
-39.7 4573
-39.5 4500
-39.3 4468
-39.1 4480
-38.9 4507
-38.7 4478
-38.5 4631
-38.3 4571
-38.1 4514
-37.9 4498
-37.7 4506
-37.5 4577
-37.3 4547
-37.1 4604
-36.9 4504
-36.7 4442
-36.5 4502
-36.3 4541
-36.1 4556
-35.9 4561
-35.7 4478
-35.5 4521
-35.3 4437
-35.1 4558
-34.9 4494
-34.7 4530
-34.5 4503
-34.3 4622
-34.1 4526
-33.9 4583
-33.7 4529
-33.5 4535
-33.3 4411
-33.1 4536
-32.9 4601
-32.7 4448
-32.5 4458
-32.3 4535
-32.1 4422
-31.9 4608
-31.7 4507
-31.5 4654
-31.3 4504
-31.1 4611
-30.9 4426
-30.7 4475
-30.5 4533
-30.3 4338
-30.1 4463
-29.9 4428
-29.7 4445
-29.5 4481
-29.3 4385
-29.1 4672
-28.9 4361
-28.7 4514
-28.5 4381
-28.3 4513
-28.1 4512
-27.9 4469
-27.7 4498
-27.5 4417
-27.3 4555
-27.1 4424
-26.9 4433
-26.7 4547
-26.5 4349
-26.3 4427
-26.1 4433
-25.9 4454
-25.7 4399
-25.5 4483
-25.3 4443
-25.1 4503
-24.9 4379
-24.7 4400
-24.5 4401
-24.3 4489
-24.1 4370
-23.9 4463
-23.7 4446
-23.5 4485
-23.3 4419
-23.1 4471
-22.9 4495
-22.7 4472
-22.5 4507
-22.3 4412
-22.1 4477
-21.9 4366
-21.7 4643
-21.5 4402
-21.3 4467
-21.1 4455
-20.9 4428
-20.7 4394
-20.5 4354
-20.3 4309
-20.1 4413
-19.9 4475
-19.7 4369
-19.5 4415
-19.3 4429
-19.1 4492
-18.9 4545
-18.7 4466
-18.5 4563
-18.3 4324
-18.1 4548
-17.9 4401
-17.7 4406
-17.5 4516
-17.3 4592
-17.1 4536
-16.9 4435
-16.7 4638
-16.5 4408
-16.3 4445
-16.1 4484
-15.9 4475
-15.7 4527
-15.5 4563
-15.3 4539
-15.1 4400
-14.9 4381
-14.7 4497
-14.5 4471
-14.3 4544
-14.1 4375
-13.9 4418
-13.7 4532
-13.5 4553
-13.3 4548
-13.1 4534
-12.9 4459
-12.7 4491
-12.5 4390
-12.3 4581
-12.1 4467
-11.9 4674
-11.7 4587
-11.5 4455
-11.3 4423
-11.1 4502
-10.9 4489
-10.7 4541
-10.5 4518
-10.3 4623
-10.1 4471
-9.9 4417
-9.7 4457
-9.5 4425
-9.3 4585
-9.1 4500
-8.9 4499
-8.7 4567
-8.5 4574
-8.3 4581
-8.1 4556
-7.9 4545
-7.7 4555
-7.5 4539
-7.3 4417
-7.1 4557
-6.9 4561
-6.7 4527
-6.5 4515
-6.3 4554
-6.1 4480
-5.9 4618
-5.7 4485
-5.5 4496
-5.3 4579
-5.1 4450
-4.9 4531
-4.7 4449
-4.5 4415
-4.3 4508
-4.1 4468
-3.9 4502
-3.7 4537
-3.5 4577
-3.3 4466
-3.1 4546
-2.9 4532
-2.7 4566
-2.5 4471
-2.3 4544
-2.1 4585
-1.9 4485
-1.7 4475
-1.5 4444
-1.3 4505
-1.1 4457
-0.9 4484
-0.7 4405
-0.5 4495
-0.3 4486
-0.1 4537
0.1 4509
0.3 4529
0.5 4521
0.7 4550
0.9 4419
1.1 4402
1.3 4438
1.5 4487
1.7 4470
1.9 4457
2.1 4475
2.3 4387
2.5 4442
2.7 4566
2.9 4457
3.1 4510
3.3 4462
3.5 4494
3.7 4453
3.9 4455
4.1 4458
4.3 4520
4.5 4446
4.7 4415
4.9 4388
5.1 4468
5.3 4494
5.5 4509
5.7 4457
5.9 4571
6.1 4452
6.3 4477
6.5 4464
6.7 4537
6.9 4461
7.1 4439
7.3 4500
7.5 4445
7.7 4373
7.9 4287
8.1 4323
8.3 4441
8.5 4362
8.7 4379
8.9 4483
9.1 4273
9.3 4412
9.5 4401
9.7 4357
9.9 4321
10.1 4308
10.3 4329
10.5 4396
10.7 4318
10.9 4315
11.1 4253
11.3 4304
11.5 4292
11.7 4354
11.9 4172
12.1 4195
12.3 4267
12.5 4140
12.7 4155
12.9 4260
13.1 4178
13.3 4096
13.5 4253
13.7 4012
13.9 4045
14.1 4025
14.3 3909
14.5 4030
14.7 3980
14.9 3895
15.1 3919
15.3 3925
15.5 3857
15.7 3797
15.9 3805
16.1 3737
16.3 3668
16.5 3622
16.7 3546
16.9 3628
17.1 3482
17.3 3538
17.5 3443
17.7 3452
17.9 3325
18.1 3346
18.3 3267
18.5 3283
18.7 3219
18.9 3192
19.1 3144
19.3 3021
19.5 2940
19.7 2917
19.9 2992
20.1 2954
20.3 2826
20.5 2787
20.7 2821
20.9 2635
21.1 2652
21.3 2627
21.5 2571
21.7 2535
21.9 2416
22.1 2475
22.3 2428
22.5 2395
22.7 2310
22.9 2333
23.1 2249
23.3 2117
23.5 2143
23.7 2156
23.9 1982
24.1 1957
24.3 2000
24.5 1890
24.7 1906
24.9 1864
25.1 1843
25.3 1856
25.5 1715
25.7 1707
25.9 1719
26.1 1537
26.3 1542
26.5 1534
26.7 1506
26.9 1448
27.1 1432
27.3 1321
27.5 1290
27.7 1294
27.9 1347
28.1 1192
28.3 1254
28.5 1131
28.7 1214
28.9 1071
29.1 1047
29.3 1016
29.5 1019
29.7 982
29.9 951
30.1 870
30.3 850
30.5 856
30.7 783
30.9 798
31.1 727
31.3 698
31.5 707
31.7 669
31.9 580
32.1 611
32.3 622
32.5 557
32.7 573
32.9 459
33.1 495
33.3 499
33.5 421
33.7 426
33.9 385
34.1 358
34.3 339
34.5 373
34.7 354
34.9 324
35.1 284
35.3 290
35.5 296
35.7 245
35.9 225
36.1 195
36.3 229
36.5 206
36.7 177
36.9 177
37.1 175
37.3 165
37.5 148
37.7 134
37.9 105
38.1 99
38.3 103
38.5 99
38.7 76
38.9 88
39.1 80
39.3 84
39.5 67
39.7 71
39.9 53
40.1 53
40.3 51
40.5 61
40.7 39
40.9 28
41.1 40
41.3 44
41.5 41
41.7 38
41.9 36
42.1 20
42.3 13
42.5 16
42.7 15
42.9 16
43.1 11
43.3 20
43.5 10
43.7 11
43.9 13
44.1 10
44.3 11
44.5 8
44.7 8
44.9 10
45.1 10
45.3 9
45.5 6
45.7 11
45.9 5
46.1 2
46.3 6
46.5 4
46.7 9
46.9 4
47.1 4
47.3 2
47.5 3
47.7 6
47.9 2
48.1 1
48.3 3
48.5 4
48.7 1
48.9 0
49.1 4
49.3 1
49.5 4
49.7 2
49.9 3
