-209.9 0
-209.7 2
-209.5 4
-209.3 3
-209.1 6
-208.9 4
-208.7 2
-208.5 1
-208.3 5
-208.1 0
-207.9 3
-207.7 5
-207.5 4
-207.3 2
-207.1 1
-206.9 3
-206.7 5
-206.5 5
-206.3 6
-206.1 1
-205.9 6
-205.7 7
-205.5 4
-205.3 1
-205.1 2
-204.9 7
-204.7 2
-204.5 4
-204.3 3
-204.1 6
-203.9 5
-203.7 6
-203.5 3
-203.3 2
-203.1 4
-202.9 5
-202.7 5
-202.5 2
-202.3 4
-202.1 3
-201.9 3
-201.7 3
-201.5 0
-201.3 0
-201.1 6
-200.9 5
-200.7 5
-200.5 5
-200.3 8
-200.1 12
-199.9 27
-199.7 35
-199.5 45
-199.3 79
-199.1 123
-198.9 184
-198.7 284
-198.5 374
-198.3 528
-198.1 677
-197.9 913
-197.7 1147
-197.5 1477
-197.3 1889
-197.1 2281
-196.9 2782
-196.7 3261
-196.5 3830
-196.3 4438
-196.1 5059
-195.9 5736
-195.7 6246
-195.5 6739
-195.3 7224
-195.1 7705
-194.9 8305
-194.7 8499
-194.5 8620
-194.3 8913
-194.1 9132
-193.9 8961
-193.7 9352
-193.5 9155
-193.3 9164
-193.1 9428
-192.9 9301
-192.7 9236
-192.5 9343
-192.3 9235
-192.1 9053
-191.9 9211
-191.7 8878
-191.5 8996
-191.3 9025
-191.1 8862
-190.9 8652
-190.7 8592
-190.5 8587
-190.3 8317
-190.1 8250
-189.9 8151
-189.7 8194
-189.5 8137
-189.3 8107
-189.1 8016
-188.9 7969
-188.7 7918
-188.5 8034
-188.3 7742
-188.1 7737
-187.9 7715
-187.7 7644
-187.5 7622
-187.3 7706
-187.1 7452
-186.9 7720
-186.7 7610
-186.5 7347
-186.3 7544
-186.1 7386
-185.9 7318
-185.7 7090
-185.5 7342
-185.3 7376
-185.1 7180
-184.9 7174
-184.7 6972
-184.5 7044
-184.3 7022
-184.1 6990
-183.9 6884
-183.7 6844
-183.5 6793
-183.3 6678
-183.1 6675
-182.9 6770
-182.7 6657
-182.5 6491
-182.3 6559
-182.1 6533
-181.9 6383
-181.7 6302
-181.5 6434
-181.3 6177
-181.1 6232
-180.9 6100
-180.7 6223
-180.5 6002
-180.3 5938
-180.1 5963
-179.9 6027
-179.7 6087
-179.5 5813
-179.3 5985
-179.1 5852
-178.9 5713
-178.7 5809
-178.5 5755
-178.3 5601
-178.1 5686
-177.9 5617
-177.7 5656
-177.5 5711
-177.3 5429
-177.1 5612
-176.9 5552
-176.7 5451
-176.5 5496
-176.3 5420
-176.1 5409
-175.9 5444
-175.7 5318
-175.5 5306
-175.3 5318
-175.1 5186
-174.9 5342
-174.7 5232
-174.5 5193
-174.3 5300
-174.1 5203
-173.9 5276
-173.7 5129
-173.5 5191
-173.3 5117
-173.1 5219
-172.9 5152
-172.7 5135
-172.5 5091
-172.3 5025
-172.1 5148
-171.9 5075
-171.7 5068
-171.5 5074
-171.3 5107
-171.1 4949
-170.9 5110
-170.7 5155
-170.5 4999
-170.3 5079
-170.1 4938
-169.9 4959
-169.7 4994
-169.5 5003
-169.3 5082
-169.1 4902
-168.9 5003
-168.7 5027
-168.5 4976
-168.3 4907
-168.1 4980
-167.9 4875
-167.7 4861
-167.5 5037
-167.3 4790
-167.1 4803
-166.9 4806
-166.7 4866
-166.5 4859
-166.3 4824
-166.1 4834
-165.9 4864
-165.7 4813
-165.5 4728
-165.3 4877
-165.1 4831
-164.9 4754
-164.7 4739
-164.5 4865
-164.3 4710
-164.1 4765
-163.9 4714
-163.7 4792
-163.5 4649
-163.3 4821
-163.1 4799
-162.9 4822
-162.7 4897
-162.5 4838
-162.3 4885
-162.1 4760
-161.9 4879
-161.7 4698
-161.5 4797
-161.3 4733
-161.1 4696
-160.9 4643
-160.7 4857
-160.5 4690
-160.3 4796
-160.1 4733
-159.9 4852
-159.7 4582
-159.5 4725
-159.3 4655
-159.1 4841
-158.9 4858
-158.7 4660
-158.5 4784
-158.3 4708
-158.1 4734
-157.9 4709
-157.7 4797
-157.5 4802
-157.3 4695
-157.1 4830
-156.9 4837
-156.7 4736
-156.5 4768
-156.3 4712
-156.1 4788
-155.9 4777
-155.7 4675
-155.5 4752
-155.3 4576
-155.1 4779
-154.9 4709
-154.7 4817
-154.5 4748
-154.3 4691
-154.1 4812
-153.9 4653
-153.7 4755
-153.5 4625
-153.3 4766
-153.1 4814
-152.9 4712
-152.7 4851
-152.5 4711
-152.3 4682
-152.1 4782
-151.9 4776
-151.7 4779
-151.5 4672
-151.3 4707
-151.1 4647
-150.9 4595
-150.7 4755
-150.5 4759
-150.3 4646
-150.1 4579
-149.9 4712
-149.7 4652
-149.5 4579
-149.3 4597
-149.1 4640
-148.9 4679
-148.7 4683
-148.5 4620
-148.3 4636
-148.1 4634
-147.9 4604
-147.7 4590
-147.5 4663
-147.3 4614
-147.1 4658
-146.9 4540
-146.7 4649
-146.5 4554
-146.3 4745
-146.1 4635
-145.9 4663
-145.7 4526
-145.5 4502
-145.3 4611
-145.1 4554
-144.9 4677
-144.7 4554
-144.5 4638
-144.3 4544
-144.1 4662
-143.9 4489
-143.7 4457
-143.5 4605
-143.3 4572
-143.1 4458
-142.9 4594
-142.7 4498
-142.5 4492
-142.3 4390
-142.1 4521
-141.9 4512
-141.7 4434
-141.5 4578
-141.3 4624
-141.1 4526
-140.9 4528
-140.7 4449
-140.5 4519
-140.3 4547
-140.1 4621
-139.9 4580
-139.7 4494
-139.5 4496
-139.3 4585
-139.1 4480
-138.9 4595
-138.7 4553
-138.5 4558
-138.3 4705
-138.1 4662
-137.9 4615
-137.7 4620
-137.5 4597
-137.3 4693
-137.1 4750
-136.9 4518
-136.7 4645
-136.5 4858
-136.3 4694
-136.1 4733
-135.9 4712
-135.7 4811
-135.5 4705
-135.3 4828
-135.1 4588
-134.9 4663
-134.7 4780
-134.5 4676
-134.3 4663
-134.1 4728
-133.9 4736
-133.7 4861
-133.5 4737
-133.3 4817
-133.1 4814
-132.9 4774
-132.7 4842
-132.5 4831
-132.3 4759
-132.1 4800
-131.9 4735
-131.7 4730
-131.5 4767
-131.3 4817
-131.1 4829
-130.9 4961
-130.7 4787
-130.5 4672
-130.3 4829
-130.1 4782
-129.9 4893
-129.7 4807
-129.5 4728
-129.3 4747
-129.1 4885
-128.9 4780
-128.7 4672
-128.5 4665
-128.3 4708
-128.1 4771
-127.9 4825
-127.7 4675
-127.5 4832
-127.3 4815
-127.1 4917
-126.9 4795
-126.7 4667
-126.5 4700
-126.3 4777
-126.1 4777
-125.9 4853
-125.7 4674
-125.5 4675
-125.3 4852
-125.1 4797
-124.9 4806
-124.7 4666
-124.5 4791
-124.3 4771
-124.1 4861
-123.9 4682
-123.7 4807
-123.5 4665
-123.3 4745
-123.1 4708
-122.9 4778
-122.7 4789
-122.5 4695
-122.3 4548
-122.1 4607
-121.9 4667
-121.7 4596
-121.5 4642
-121.3 4627
-121.1 4691
-120.9 4639
-120.7 4832
-120.5 4757
-120.3 4626
-120.1 4618
-119.9 4712
-119.7 4689
-119.5 4575
-119.3 4633
-119.1 4553
-118.9 4664
-118.7 4492
-118.5 4696
-118.3 4581
-118.1 4619
-117.9 4716
-117.7 4689
-117.5 4627
-117.3 4560
-117.1 4651
-116.9 4470
-116.7 4633
-116.5 4699
-116.3 4692
-116.1 4601
-115.9 4597
-115.7 4639
-115.5 4561
-115.3 4655
-115.1 4666
-114.9 4476
-114.7 4647
-114.5 4447
-114.3 4707
-114.1 4631
-113.9 4579
-113.7 4630
-113.5 4677
-113.3 4616
-113.1 4556
-112.9 4698
-112.7 4596
-112.5 4668
-112.3 4769
-112.1 4622
-111.9 4621
-111.7 4620
-111.5 4636
-111.3 4574
-111.1 4615
-110.9 4444
-110.7 4667
-110.5 4698
-110.3 4627
-110.1 4655
-109.9 4569
-109.7 4648
-109.5 4596
-109.3 4640
-109.1 4632
-108.9 4595
-108.7 4594
-108.5 4634
-108.3 4555
-108.1 4566
-107.9 4606
-107.7 4593
-107.5 4692
-107.3 4682
-107.1 4620
-106.9 4638
-106.7 4578
-106.5 4534
-106.3 4572
-106.1 4532
-105.9 4538
-105.7 4555
-105.5 4708
-105.3 4534
-105.1 4606
-104.9 4555
-104.7 4712
-104.5 4609
-104.3 4522
-104.1 4624
-103.9 4695
-103.7 4653
-103.5 4526
-103.3 4537
-103.1 4659
-102.9 4545
-102.7 4566
-102.5 4622
-102.3 4690
-102.1 4511
-101.9 4702
-101.7 4616
-101.5 4509
-101.3 4610
-101.1 4653
-100.9 4630
-100.7 4706
-100.5 4656
-100.3 4587
-100.1 4723
-99.9 4591
-99.7 4569
-99.5 4697
-99.3 4626
-99.1 4548
-98.9 4610
-98.7 4427
-98.5 4622
-98.3 4639
-98.1 4694
-97.9 4564
-97.7 4507
-97.5 4718
-97.3 4575
-97.1 4561
-96.9 4567
-96.7 4624
-96.5 4627
-96.3 4576
-96.1 4636
-95.9 4619
-95.7 4722
-95.5 4585
-95.3 4625
-95.1 4684
-94.9 4520
-94.7 4548
-94.5 4608
-94.3 4669
-94.1 4615
-93.9 4621
-93.7 4535
-93.5 4621
-93.3 4623
-93.1 4584
-92.9 4624
-92.7 4559
-92.5 4571
-92.3 4644
-92.1 4596
-91.9 4563
-91.7 4518
-91.5 4595
-91.3 4585
-91.1 4690
-90.9 4633
-90.7 4585
-90.5 4516
-90.3 4686
-90.1 4547
-89.9 4677
-89.7 4520
-89.5 4598
-89.3 4463
-89.1 4587
-88.9 4685
-88.7 4531
-88.5 4564
-88.3 4505
-88.1 4594
-87.9 4673
-87.7 4587
-87.5 4604
-87.3 4601
-87.1 4563
-86.9 4564
-86.7 4562
-86.5 4602
-86.3 4608
-86.1 4480
-85.9 4499
-85.7 4676
-85.5 4671
-85.3 4622
-85.1 4634
-84.9 4602
-84.7 4488
-84.5 4546
-84.3 4676
-84.1 4627
-83.9 4567
-83.7 4571
-83.5 4558
-83.3 4570
-83.1 4625
-82.9 4632
-82.7 4578
-82.5 4557
-82.3 4624
-82.1 4520
-81.9 4497
-81.7 4568
-81.5 4424
-81.3 4449
-81.1 4562
-80.9 4551
-80.7 4435
-80.5 4455
-80.3 4532
-80.1 4613
-79.9 4410
-79.7 4535
-79.5 4419
-79.3 4684
-79.1 4595
-78.9 4553
-78.7 4642
-78.5 4509
-78.3 4573
-78.1 4511
-77.9 4592
-77.7 4481
-77.5 4625
-77.3 4537
-77.1 4659
-76.9 4482
-76.7 4568
-76.5 4597
-76.3 4564
-76.1 4610
-75.9 4504
-75.7 4540
-75.5 4495
-75.3 4561
-75.1 4545
-74.9 4623
-74.7 4593
-74.5 4520
-74.3 4588
-74.1 4710
-73.9 4627
-73.7 4630
-73.5 4569
-73.3 4529
-73.1 4638
-72.9 4594
-72.7 4574
-72.5 4515
-72.3 4599
-72.1 4658
-71.9 4525
-71.7 4708
-71.5 4690
-71.3 4678
-71.1 4594
-70.9 4631
-70.7 4569
-70.5 4604
-70.3 4492
-70.1 4450
-69.9 4662
-69.7 4563
-69.5 4556
-69.3 4584
-69.1 4547
-68.9 4538
-68.7 4437
-68.5 4528
-68.3 4457
-68.1 4707
-67.9 4652
-67.7 4649
-67.5 4604
-67.3 4564
-67.1 4601
-66.9 4555
-66.7 4687
-66.5 4550
-66.3 4657
-66.1 4632
-65.9 4679
-65.7 4650
-65.5 4683
-65.3 4684
-65.1 4501
-64.9 4617
-64.7 4698
-64.5 4720
-64.3 4663
-64.1 4598
-63.9 4608
-63.7 4689
-63.5 4700
-63.3 4474
-63.1 4550
-62.9 4510
-62.7 4603
-62.5 4828
-62.3 4651
-62.1 4694
-61.9 4771
-61.7 4674
-61.5 4577
-61.3 4615
-61.1 4646
-60.9 4578
-60.7 4641
-60.5 4684
-60.3 4642
-60.1 4653
-59.9 4622
-59.7 4539
-59.5 4656
-59.3 4598
-59.1 4644
-58.9 4732
-58.7 4614
-58.5 4831
-58.3 4527
-58.1 4517
-57.9 4599
-57.7 4632
-57.5 4638
-57.3 4584
-57.1 4606
-56.9 4682
-56.7 4601
-56.5 4681
-56.3 4628
-56.1 4515
-55.9 4650
-55.7 4677
-55.5 4595
-55.3 4547
-55.1 4558
-54.9 4593
-54.7 4673
-54.5 4527
-54.3 4617
-54.1 4643
-53.9 4554
-53.7 4635
-53.5 4524
-53.3 4602
-53.1 4626
-52.9 4502
-52.7 4558
-52.5 4584
-52.3 4507
-52.1 4591
-51.9 4586
-51.7 4645
-51.5 4744
-51.3 4678
-51.1 4681
-50.9 4576
-50.7 4671
-50.5 4622
-50.3 4615
-50.1 4650
-49.9 4617
-49.7 4550
-49.5 4585
-49.3 4635
-49.1 4560
-48.9 4614
-48.7 4522
-48.5 4553
-48.3 4594
-48.1 4630
-47.9 4672
-47.7 4548
-47.5 4522
-47.3 4596
-47.1 4575
-46.9 4599
-46.7 4655
-46.5 4564
-46.3 4664
-46.1 4598
-45.9 4519
-45.7 4536
-45.5 4672
-45.3 4662
-45.1 4687
-44.9 4642
-44.7 4643
-44.5 4634
-44.3 4583
-44.1 4566
-43.9 4548
-43.7 4593
-43.5 4482
-43.3 4562
-43.1 4571
-42.9 4547
-42.7 4659
-42.5 4500
-42.3 4630
-42.1 4658
-41.9 4684
-41.7 4507
-41.5 4538
-41.3 4631
-41.1 4631
-40.9 4557
-40.7 4667
-40.5 4565
-40.3 4575
-40.1 4597
-39.9 4591
-39.7 4632
-39.5 4541
-39.3 4570
-39.1 4486
-38.9 4644
-38.7 4657
-38.5 4608
-38.3 4688
-38.1 4579
-37.9 4598
-37.7 4552
-37.5 4488
-37.3 4508
-37.1 4503
-36.9 4616
-36.7 4591
-36.5 4536
-36.3 4688
-36.1 4598
-35.9 4690
-35.7 4675
-35.5 4513
-35.3 4599
-35.1 4632
-34.9 4647
-34.7 4648
-34.5 4543
-34.3 4667
-34.1 4748
-33.9 4668
-33.7 4732
-33.5 4623
-33.3 4549
-33.1 4573
-32.9 4506
-32.7 4634
-32.5 4552
-32.3 4459
-32.1 4578
-31.9 4452
-31.7 4676
-31.5 4552
-31.3 4605
-31.1 4493
-30.9 4611
-30.7 4420
-30.5 4550
-30.3 4694
-30.1 4555
-29.9 4620
-29.7 4594
-29.5 4569
-29.3 4484
-29.1 4625
-28.9 4594
-28.7 4592
-28.5 4576
-28.3 4560
-28.1 4625
-27.9 4571
-27.7 4605
-27.5 4559
-27.3 4500
-27.1 4620
-26.9 4506
-26.7 4473
-26.5 4470
-26.3 4525
-26.1 4546
-25.9 4681
-25.7 4607
-25.5 4545
-25.3 4615
-25.1 4560
-24.9 4649
-24.7 4629
-24.5 4544
-24.3 4633
-24.1 4524
-23.9 4558
-23.7 4591
-23.5 4649
-23.3 4537
-23.1 4566
-22.9 4500
-22.7 4598
-22.5 4389
-22.3 4579
-22.1 4643
-21.9 4666
-21.7 4532
-21.5 4563
-21.3 4694
-21.1 4465
-20.9 4738
-20.7 4578
-20.5 4534
-20.3 4429
-20.1 4589
-19.9 4519
-19.7 4657
-19.5 4605
-19.3 4601
-19.1 4681
-18.9 4567
-18.7 4491
-18.5 4561
-18.3 4547
-18.1 4539
-17.9 4537
-17.7 4490
-17.5 4530
-17.3 4557
-17.1 4493
-16.9 4634
-16.7 4472
-16.5 4644
-16.3 4593
-16.1 4644
-15.9 4564
-15.7 4548
-15.5 4462
-15.3 4521
-15.1 4522
-14.9 4516
-14.7 4665
-14.5 4569
-14.3 4564
-14.1 4631
-13.9 4682
-13.7 4536
-13.5 4629
-13.3 4488
-13.1 4497
-12.9 4548
-12.7 4655
-12.5 4568
-12.3 4528
-12.1 4520
-11.9 4512
-11.7 4625
-11.5 4568
-11.3 4631
-11.1 4584
-10.9 4602
-10.7 4376
-10.5 4604
-10.3 4517
-10.1 4591
-9.9 4641
-9.7 4671
-9.5 4497
-9.3 4550
-9.1 4799
-8.9 4589
-8.7 4588
-8.5 4578
-8.3 4615
-8.1 4623
-7.9 4618
-7.7 4560
-7.5 4585
-7.3 4527
-7.1 4530
-6.9 4711
-6.7 4517
-6.5 4595
-6.3 4582
-6.1 4657
-5.9 4495
-5.7 4629
-5.5 4532
-5.3 4632
-5.1 4578
-4.9 4573
-4.7 4527
-4.5 4656
-4.3 4552
-4.1 4600
-3.9 4565
-3.7 4620
-3.5 4688
-3.3 4604
-3.1 4511
-2.9 4604
-2.7 4547
-2.5 4608
-2.3 4548
-2.1 4525
-1.9 4659
-1.7 4547
-1.5 4569
-1.3 4503
-1.1 4472
-0.9 4481
-0.7 4592
-0.5 4463
-0.3 4491
-0.1 4485
0.1 4540
0.3 4498
0.5 4541
0.7 4546
0.9 4613
1.1 4481
1.3 4544
1.5 4707
1.7 4613
1.9 4521
2.1 4638
2.3 4581
2.5 4628
2.7 4527
2.9 4507
3.1 4420
3.3 4541
3.5 4482
3.7 4629
3.9 4454
4.1 4618
4.3 4514
4.5 4491
4.7 4576
4.9 4439
5.1 4518
5.3 4641
5.5 4603
5.7 4397
5.9 4639
6.1 4628
6.3 4495
6.5 4594
6.7 4576
6.9 4483
7.1 4618
7.3 4478
7.5 4541
7.7 4468
7.9 4452
8.1 4605
8.3 4532
8.5 4460
8.7 4498
8.9 4529
9.1 4485
9.3 4517
9.5 4580
9.7 4539
9.9 4528
10.1 4541
10.3 4608
10.5 4550
10.7 4465
10.9 4468
11.1 4625
11.3 4467
11.5 4474
11.7 4405
11.9 4433
12.1 4530
12.3 4341
12.5 4584
12.7 4396
12.9 4477
13.1 4396
13.3 4476
13.5 4271
13.7 4298
13.9 4295
14.1 4322
14.3 4264
14.5 4236
14.7 4276
14.9 4272
15.1 4327
15.3 4168
15.5 4086
15.7 4031
15.9 4105
16.1 4095
16.3 4011
16.5 3907
16.7 3915
16.9 3960
17.1 3877
17.3 3813
17.5 3829
17.7 3781
17.9 3734
18.1 3615
18.3 3658
18.5 3581
18.7 3617
18.9 3541
19.1 3493
19.3 3379
19.5 3346
19.7 3378
19.9 3268
20.1 3251
20.3 3193
20.5 3174
20.7 3240
20.9 3069
21.1 2942
21.3 2945
21.5 3007
21.7 2850
21.9 2875
22.1 2778
22.3 2742
22.5 2637
22.7 2668
22.9 2587
23.1 2593
23.3 2508
23.5 2396
23.7 2330
23.9 2347
24.1 2226
24.3 2156
24.5 2221
24.7 2125
24.9 2163
25.1 2014
25.3 1927
25.5 1988
25.7 1854
25.9 1834
26.1 1829
26.3 1766
26.5 1704
26.7 1721
26.9 1605
27.1 1657
27.3 1546
27.5 1396
27.7 1412
27.9 1410
28.1 1309
28.3 1321
28.5 1248
28.7 1214
28.9 1224
29.1 1206
29.3 1131
29.5 1121
29.7 1080
29.9 1097
30.1 1032
30.3 979
30.5 905
30.7 856
30.9 901
31.1 791
31.3 796
31.5 722
31.7 716
31.9 675
32.1 641
32.3 636
32.5 614
32.7 606
32.9 539
33.1 528
33.3 477
33.5 466
33.7 466
33.9 436
34.1 396
34.3 424
34.5 357
34.7 341
34.9 344
35.1 318
35.3 302
35.5 285
35.7 270
35.9 262
36.1 234
36.3 234
36.5 203
36.7 210
36.9 201
37.1 173
37.3 158
37.5 173
37.7 116
37.9 113
38.1 130
38.3 100
38.5 87
38.7 101
38.9 96
39.1 89
39.3 82
39.5 66
39.7 53
39.9 64
40.1 58
40.3 51
40.5 57
40.7 49
40.9 30
41.1 39
41.3 39
41.5 34
41.7 30
41.9 32
42.1 23
42.3 14
42.5 25
42.7 21
42.9 19
43.1 20
43.3 9
43.5 15
43.7 28
43.9 10
44.1 8
44.3 12
44.5 4
44.7 12
44.9 4
45.1 10
45.3 12
45.5 10
45.7 9
45.9 7
46.1 5
46.3 7
46.5 10
46.7 5
46.9 3
47.1 5
47.3 9
47.5 1
47.7 8
47.9 6
48.1 9
48.3 9
48.5 3
48.7 5
48.9 5
49.1 9
49.3 2
49.5 5
49.7 4
49.9 11
