1448
-1589.3 7.23414e-06
-1589.1 7.23414e-06
-1588.9 7.23414e-06
-1588.7 7.23414e-06
-1588.5 7.23414e-06
-1588.3 7.23414e-06
-1588.1 7.23414e-06
-1587.9 7.23414e-06
-1587.7 7.23414e-06
-1587.5 1.44683e-05
-1587.3 1.44683e-05
-1587.1 1.44683e-05
-1586.9 1.44683e-05
-1586.7 1.80853e-05
-1586.5 1.80853e-05
-1586.3 2.17024e-05
-1586.1 2.53195e-05
-1585.9 3.25536e-05
-1585.7 3.97878e-05
-1585.5 3.97878e-05
-1585.3 4.34048e-05
-1585.1 4.70219e-05
-1584.9 4.70219e-05
-1584.7 4.70219e-05
-1584.5 4.70219e-05
-1584.3 4.70219e-05
-1584.1 5.4256e-05
-1583.9 5.4256e-05
-1583.7 5.4256e-05
-1583.5 6.14902e-05
-1583.3 6.14902e-05
-1583.1 6.14902e-05
-1582.9 7.23414e-05
-1582.7 7.23414e-05
-1582.5 7.59584e-05
-1582.3 7.59584e-05
-1582.1 7.59584e-05
-1581.9 7.59584e-05
-1581.7 7.59584e-05
-1581.5 8.31926e-05
-1581.3 8.31926e-05
-1581.1 8.68096e-05
-1580.9 9.04267e-05
-1580.7 9.40438e-05
-1580.5 9.40438e-05
-1580.3 9.76608e-05
-1580.1 9.76608e-05
-1579.9 0.000101278
-1579.7 0.000104895
-1579.5 0.000104895
-1579.3 0.000104895
-1579.1 0.000108512
-1578.9 0.000108512
-1578.7 0.000112129
-1578.5 0.000112129
-1578.3 0.000112129
-1578.1 0.000115746
-1577.9 0.000115746
-1577.7 0.000115746
-1577.5 0.000115746
-1577.3 0.000119363
-1577.1 0.00012298
-1576.9 0.00012298
-1576.7 0.00012298
-1576.5 0.00012298
-1576.3 0.000130214
-1576.1 0.000130214
-1575.9 0.000133832
-1575.7 0.000133832
-1575.5 0.000133832
-1575.3 0.000141066
-1575.1 0.000144683
-1574.9 0.0001483
-1574.7 0.000151917
-1574.5 0.000151917
-1574.3 0.000155534
-1574.1 0.000162768
-1573.9 0.000166385
-1573.7 0.000173619
-1573.5 0.000173619
-1573.3 0.000177236
-1573.1 0.000188088
-1572.9 0.000195322
-1572.7 0.000202556
-1572.5 0.00020979
-1572.3 0.00020979
-1572.1 0.00020979
-1571.9 0.000213407
-1571.7 0.000213407
-1571.5 0.000213407
-1571.3 0.000213407
-1571.1 0.000217024
-1570.9 0.000220641
-1570.7 0.000224258
-1570.5 0.000227875
-1570.3 0.000231492
-1570.1 0.000231492
-1569.9 0.000235109
-1569.7 0.000235109
-1569.5 0.000238727
-1569.3 0.000238727
-1569.1 0.000249578
-1568.9 0.000253195
-1568.7 0.000253195
-1568.5 0.000253195
-1568.3 0.000253195
-1568.1 0.000256812
-1567.9 0.000260429
-1567.7 0.000260429
-1567.5 0.000260429
-1567.3 0.00027128
-1567.1 0.00027128
-1566.9 0.00027128
-1566.7 0.000274897
-1566.5 0.000282131
-1566.3 0.000285748
-1566.1 0.000289365
-1565.9 0.000289365
-1565.7 0.000289365
-1565.5 0.000292983
-1565.3 0.000292983
-1565.1 0.0002966
-1564.9 0.000300217
-1564.7 0.000303834
-1564.5 0.000303834
-1564.3 0.000318302
-1564.1 0.000325536
-1563.9 0.000325536
-1563.7 0.000325536
-1563.5 0.000329153
-1563.3 0.00033277
-1563.1 0.00033277
-1562.9 0.00033277
-1562.7 0.00033277
-1562.5 0.000336387
-1562.3 0.000347239
-1562.1 0.000347239
-1561.9 0.00035809
-1561.7 0.000365324
-1561.5 0.000383409
-1561.3 0.00039426
-1561.1 0.000401495
-1560.9 0.000408729
-1560.7 0.000426814
-1560.5 0.000459368
-1560.3 0.000473836
-1560.1 0.000477453
-1559.9 0.000510007
-1559.7 0.000531709
-1559.5 0.000560646
-1559.3 0.000618519
-1559.1 0.000694477
-1558.9 0.000759584
-1558.7 0.000821074
-1558.5 0.000911501
-1558.3 0.00103086
-1558.1 0.0011647
-1557.9 0.00129853
-1557.7 0.00144321
-1557.5 0.00163853
-1557.3 0.00181939
-1557.1 0.00203279
-1556.9 0.00228599
-1556.7 0.00256812
-1556.5 0.00286472
-1556.3 0.00319025
-1556.1 0.00352664
-1555.9 0.00390643
-1555.7 0.00436218
-1555.5 0.00482155
-1555.3 0.00531347
-1555.1 0.00587774
-1554.9 0.00647094
-1554.7 0.00708584
-1554.5 0.00770797
-1554.3 0.0083699
-1554.1 0.00904267
-1553.9 0.00978779
-1553.7 0.0106125
-1553.5 0.011448
-1553.3 0.0122402
-1553.1 0.0132132
-1552.9 0.01415
-1552.7 0.0150506
-1552.5 0.0159838
-1552.3 0.0168338
-1552.1 0.018136
-1551.9 0.0191741
-1551.7 0.0202447
-1551.5 0.0213552
-1551.3 0.0224837
-1551.1 0.0236665
-1550.9 0.0249252
-1550.7 0.026325
-1550.5 0.0276742
-1550.3 0.0290306
-1550.1 0.0305027
-1549.9 0.031794
-1549.7 0.0332481
-1549.5 0.0346732
-1549.3 0.0359537
-1549.1 0.037415
-1548.9 0.0388256
-1548.7 0.0401892
-1548.5 0.0415927
-1548.3 0.043072
-1548.1 0.0445406
-1547.9 0.0460163
-1547.7 0.0474813
-1547.5 0.0487943
-1547.3 0.0502519
-1547.1 0.0518471
-1546.9 0.0533228
-1546.7 0.0548131
-1546.5 0.0561152
-1546.3 0.0576488
-1546.1 0.0591174
-1545.9 0.0603797
-1545.7 0.0617831
-1545.5 0.0631359
-1545.3 0.0645864
-1545.1 0.065903
-1544.9 0.0672594
-1544.7 0.0687171
-1544.5 0.0700735
-1544.3 0.0714479
-1544.1 0.0729129
-1543.9 0.0743163
-1543.7 0.0757306
-1543.5 0.0771882
-1543.3 0.0785808
-1543.1 0.0800204
-1542.9 0.0813334
-1542.7 0.0825958
-1542.5 0.08384
-1542.3 0.0850047
-1542.1 0.0862164
-1541.9 0.0874716
-1541.7 0.0887665
-1541.5 0.0899782
-1541.3 0.0912261
-1541.1 0.092398
-1540.9 0.0935265
-1540.7 0.0948034
-1540.5 0.0959753
-1540.3 0.0971906
-1540.1 0.0982902
-1539.9 0.099426
-1539.7 0.100475
-1539.5 0.101622
-1539.3 0.102815
-1539.1 0.10402
-1538.9 0.105152
-1538.7 0.106403
-1538.5 0.107554
-1538.3 0.108639
-1538.1 0.109615
-1537.9 0.110675
-1537.7 0.111706
-1537.5 0.112726
-1537.3 0.113797
-1537.1 0.114914
-1536.9 0.115978
-1536.7 0.117005
-1536.5 0.118068
-1536.3 0.119067
-1536.1 0.120141
-1535.9 0.121219
-1535.7 0.122271
-1535.5 0.123262
-1535.3 0.124145
-1535.1 0.12514
-1534.9 0.126174
-1534.7 0.127158
-1534.5 0.128153
-1534.3 0.129162
-1534.1 0.13012
-1533.9 0.13114
-1533.7 0.132113
-1533.5 0.133104
-1533.3 0.134052
-1533.1 0.135036
-1532.9 0.13607
-1532.7 0.136989
-1532.5 0.138035
-1532.3 0.139065
-1532.1 0.14006
-1531.9 0.14095
-1531.7 0.141898
-1531.5 0.142834
-1531.3 0.143811
-1531.1 0.144802
-1530.9 0.14575
-1530.7 0.146687
-1530.5 0.147627
-1530.3 0.148712
-1530.1 0.149667
-1529.9 0.150629
-1529.7 0.151533
-1529.5 0.152416
-1529.3 0.153335
-1529.1 0.154319
-1528.9 0.155255
-1528.7 0.156167
-1528.5 0.157154
-1528.3 0.158088
-1528.1 0.159028
-1527.9 0.160171
-1527.7 0.160999
-1527.5 0.161951
-1527.3 0.162931
-1527.1 0.163882
-1526.9 0.16487
-1526.7 0.165926
-1526.5 0.166772
-1526.3 0.167698
-1526.1 0.168631
-1525.9 0.16963
-1525.7 0.170516
-1525.5 0.171529
-1525.3 0.172523
-1525.1 0.173478
-1524.9 0.174321
-1524.7 0.175283
-1524.5 0.176126
-1524.3 0.176943
-1524.1 0.177931
-1523.9 0.178817
-1523.7 0.179754
-1523.5 0.180687
-1523.3 0.181595
-1523.1 0.182398
-1522.9 0.18336
-1522.7 0.184311
-1522.5 0.185165
-1522.3 0.186084
-1522.1 0.186955
-1521.9 0.187737
-1521.7 0.188677
-1521.5 0.189712
-1521.3 0.190641
-1521.1 0.191473
-1520.9 0.192287
-1520.7 0.193184
-1520.5 0.194048
-1520.3 0.194895
-1520.1 0.195738
-1519.9 0.196758
-1519.7 0.197698
-1519.5 0.198602
-1519.3 0.199308
-1519.1 0.200263
-1518.9 0.201149
-1518.7 0.201977
-1518.5 0.202871
-1518.3 0.203681
-1518.1 0.204531
-1517.9 0.205442
-1517.7 0.206303
-1517.5 0.20711
-1517.3 0.207992
-1517.1 0.208933
-1516.9 0.209721
-1516.7 0.210513
-1516.5 0.211324
-1516.3 0.212221
-1516.1 0.213096
-1515.9 0.213946
-1515.7 0.214756
-1515.5 0.21566
-1515.3 0.216561
-1515.1 0.217473
-1514.9 0.218243
-1514.7 0.219057
-1514.5 0.21995
-1514.3 0.220829
-1514.1 0.221762
-1513.9 0.222656
-1513.7 0.223477
-1513.5 0.224316
-1513.3 0.225249
-1513.1 0.226135
-1512.9 0.226989
-1512.7 0.227846
-1512.5 0.228751
-1512.3 0.229662
-1512.1 0.230599
-1511.9 0.231561
-1511.7 0.232559
-1511.5 0.23346
-1511.3 0.23435
-1511.1 0.235247
-1510.9 0.236187
-1510.7 0.237128
-1510.5 0.238086
-1510.3 0.238897
-1510.1 0.239801
-1509.9 0.240759
-1509.7 0.24174
-1509.5 0.242687
-1509.3 0.243573
-1509.1 0.244536
-1508.9 0.245404
-1508.7 0.246311
-1508.5 0.24718
-1508.3 0.24803
-1508.1 0.248916
-1507.9 0.249769
-1507.7 0.250609
-1507.5 0.251393
-1507.3 0.252178
-1507.1 0.252981
-1506.9 0.253842
-1506.7 0.254739
-1506.5 0.255575
-1506.3 0.256396
-1506.1 0.257228
-1505.9 0.258067
-1505.7 0.258787
-1505.5 0.259514
-1505.3 0.260328
-1505.1 0.261109
-1504.9 0.26193
-1504.7 0.262798
-1504.5 0.263572
-1504.3 0.264263
-1504.1 0.26507
-1503.9 0.265815
-1503.7 0.266567
-1503.5 0.267395
-1503.3 0.268166
-1503.1 0.269019
-1502.9 0.269783
-1502.7 0.270607
-1502.5 0.271461
-1502.3 0.272318
-1502.1 0.273143
-1501.9 0.274105
-1501.7 0.274941
-1501.5 0.275791
-1501.3 0.276597
-1501.1 0.277487
-1500.9 0.278453
-1500.7 0.279339
-1500.5 0.280153
-1500.3 0.281053
-1500.1 0.281972
-1499.9 0.282757
-1499.7 0.2836
-1499.5 0.284468
-1499.3 0.285354
-1499.1 0.286215
-1498.9 0.287116
-1498.7 0.287948
-1498.5 0.288794
-1498.3 0.289579
-1498.1 0.290382
-1497.9 0.291232
-1497.7 0.292151
-1497.5 0.292954
-1497.3 0.293746
-1497.1 0.294711
-1496.9 0.295522
-1496.7 0.29631
-1496.5 0.297146
-1496.3 0.298148
-1496.1 0.299048
-1495.9 0.299935
-1495.7 0.300806
-1495.5 0.301598
-1495.3 0.302452
-1495.1 0.303335
-1494.9 0.304141
-1494.7 0.304937
-1494.5 0.305765
-1494.3 0.306583
-1494.1 0.30735
-1493.9 0.308279
-1493.7 0.309057
-1493.5 0.309849
-1493.3 0.310728
-1493.1 0.311733
-1492.9 0.312605
-1492.7 0.313408
-1492.5 0.314226
-1492.3 0.315108
-1492.1 0.315991
-1491.9 0.316736
-1491.7 0.317582
-1491.5 0.318385
-1491.3 0.319373
-1491.1 0.320288
-1490.9 0.321159
-1490.7 0.322042
-1490.5 0.322935
-1490.3 0.323818
-1490.1 0.324708
-1489.9 0.325645
-1489.7 0.326487
-1489.5 0.327359
-1489.3 0.328256
-1489.1 0.329124
-1488.9 0.330061
-1488.7 0.330933
-1488.5 0.33175
-1488.3 0.332673
-1488.1 0.333559
-1487.9 0.334506
-1487.7 0.335512
-1487.5 0.336528
-1487.3 0.337451
-1487.1 0.338257
-1486.9 0.33923
-1486.7 0.340189
-1486.5 0.34105
-1486.3 0.341968
-1486.1 0.342768
-1485.9 0.343603
-1485.7 0.34454
-1485.5 0.345444
-1485.3 0.346291
-1485.1 0.347119
-1484.9 0.347995
-1484.7 0.348812
-1484.5 0.349586
-1484.3 0.3504
-1484.1 0.351344
-1483.9 0.352295
-1483.7 0.35316
-1483.5 0.354006
-1483.3 0.354899
-1483.1 0.355901
-1482.9 0.35677
-1482.7 0.357598
-1482.5 0.358506
-1482.3 0.359424
-1482.1 0.360249
-1481.9 0.361063
-1481.7 0.361884
-1481.5 0.36272
-1481.3 0.363602
-1481.1 0.364488
-1480.9 0.365284
-1480.7 0.366257
-1480.5 0.367085
-1480.3 0.367946
-1480.1 0.368731
-1479.9 0.369599
-1479.7 0.370551
-1479.5 0.371419
-1479.3 0.372337
-1479.1 0.373093
-1478.9 0.373893
-1478.7 0.374721
-1478.5 0.375607
-1478.3 0.376428
-1478.1 0.377228
-1477.9 0.378074
-1477.7 0.378902
-1477.5 0.37968
-1477.3 0.380606
-1477.1 0.381438
-1476.9 0.382295
-1476.7 0.383192
-1476.5 0.384031
-1476.3 0.384813
-1476.1 0.385645
-1475.9 0.386552
-1475.7 0.387334
-1475.5 0.388133
-1475.3 0.389045
-1475.1 0.389942
-1474.9 0.390755
-1474.7 0.3917
-1474.5 0.392557
-1474.3 0.393454
-1474.1 0.394394
-1473.9 0.395154
-1473.7 0.396036
-1473.5 0.396847
-1473.3 0.397791
-1473.1 0.398713
-1472.9 0.399516
-1472.7 0.400409
-1472.5 0.401328
-1472.3 0.402251
-1472.1 0.403064
-1471.9 0.403918
-1471.7 0.404779
-1471.5 0.405734
-1471.3 0.406584
-1471.1 0.407452
-1470.9 0.408197
-1470.7 0.409112
-1470.5 0.409966
-1470.3 0.410928
-1470.1 0.411789
-1469.9 0.412726
-1469.7 0.413601
-1469.5 0.414444
-1469.3 0.415214
-1469.1 0.416053
-1468.9 0.416892
-1468.7 0.417735
-1468.5 0.418668
-1468.3 0.419414
-1468.1 0.420227
-1467.9 0.42107
-1467.7 0.421884
-1467.5 0.422741
-1467.3 0.423602
-1467.1 0.424409
-1466.9 0.425313
-1466.7 0.426134
-1466.5 0.426999
-1466.3 0.427838
-1466.1 0.428738
-1465.9 0.429567
-1465.7 0.430377
-1465.5 0.43118
-1465.3 0.43203
-1465.1 0.432836
-1464.9 0.433668
-1464.7 0.434515
-1464.5 0.435361
-1464.3 0.436117
-1464.1 0.436971
-1463.9 0.437817
-1463.7 0.438685
-1463.5 0.439593
-1463.3 0.440356
-1463.1 0.441112
-1462.9 0.441839
-1462.7 0.44261
-1462.5 0.443543
-1462.3 0.444386
-1462.1 0.445196
-1461.9 0.445981
-1461.7 0.446766
-1461.5 0.447619
-1461.3 0.448459
-1461.1 0.449309
-1460.9 0.450068
-1460.7 0.450915
-1460.5 0.451699
-1460.3 0.452593
-1460.1 0.453385
-1459.9 0.45421
-1459.7 0.454904
-1459.5 0.455689
-1459.3 0.456463
-1459.1 0.457252
-1458.9 0.458145
-1458.7 0.45893
-1458.5 0.459766
-1458.3 0.460713
-1458.1 0.461552
-1457.9 0.462341
-1457.7 0.463267
-1457.5 0.464066
-1457.3 0.464999
-1457.1 0.465864
-1456.9 0.466761
-1456.7 0.467644
-1456.5 0.468501
-1456.3 0.46943
-1456.1 0.470219
-1455.9 0.47108
-1455.7 0.472002
-1455.5 0.472856
-1455.3 0.473753
-1455.1 0.474729
-1454.9 0.475608
-1454.7 0.476523
-1454.5 0.477388
-1454.3 0.478419
-1454.1 0.479323
-1453.9 0.480216
-1453.7 0.481085
-1453.5 0.482018
-1453.3 0.482969
-1453.1 0.483906
-1452.9 0.484843
-1452.7 0.485667
-1452.5 0.486528
-1452.3 0.487418
-1452.1 0.488355
-1451.9 0.489237
-1451.7 0.490087
-1451.5 0.490753
-1451.3 0.491748
-1451.1 0.492598
-1450.9 0.493433
-1450.7 0.494298
-1450.5 0.495177
-1450.3 0.496099
-1450.1 0.496963
-1449.9 0.497813
-1449.7 0.498653
-1449.5 0.499571
-1449.3 0.500353
-1449.1 0.501152
-1448.9 0.501991
-1448.7 0.502783
-1448.5 0.503633
-1448.3 0.504371
-1448.1 0.50525
-1447.9 0.506021
-1447.7 0.506737
-1447.5 0.50759
-1447.3 0.508462
-1447.1 0.509305
-1446.9 0.510177
-1446.7 0.511059
-1446.5 0.511909
-1446.3 0.512723
-1446.1 0.513635
-1445.9 0.514474
-1445.7 0.515327
-1445.5 0.516199
-1445.3 0.517024
-1445.1 0.517859
-1444.9 0.518764
-1444.7 0.519624
-1444.5 0.520413
-1444.3 0.521281
-1444.1 0.52208
-1443.9 0.522912
-1443.7 0.523806
-1443.5 0.524489
-1443.3 0.525256
-1443.1 0.526059
-1442.9 0.526949
-1442.7 0.52777
-1442.5 0.528638
-1442.3 0.529383
-1442.1 0.530226
-1441.9 0.531047
-1441.7 0.531937
-1441.5 0.532791
-1441.3 0.533583
-1441.1 0.534469
-1440.9 0.53533
-1440.7 0.536281
-1440.5 0.537142
-1440.3 0.538093
-1440.1 0.539016
-1439.9 0.539862
-1439.7 0.540723
-1439.5 0.541547
-1439.3 0.542557
-1439.1 0.543417
-1438.9 0.544282
-1438.7 0.545146
-1438.5 0.546051
-1438.3 0.546969
-1438.1 0.547838
-1437.9 0.54868
-1437.7 0.549574
-1437.5 0.550453
-1437.3 0.551339
-1437.1 0.552156
-1436.9 0.553032
-1436.7 0.55394
-1436.5 0.554909
-1436.3 0.555781
-1436.1 0.556743
-1435.9 0.557553
-1435.7 0.558396
-1435.5 0.559195
-1435.3 0.560038
-1435.1 0.560863
-1434.9 0.561731
-1434.7 0.562631
-1434.5 0.563445
-1434.3 0.564248
-1434.1 0.565033
-1433.9 0.56584
-1433.7 0.566675
-1433.5 0.567504
-1433.3 0.568249
-1433.1 0.56912
-1432.9 0.569949
-1432.7 0.570763
-1432.5 0.571598
-1432.3 0.572455
-1432.1 0.573226
-1431.9 0.574065
-1431.7 0.574951
-1431.5 0.575949
-1431.3 0.576742
-1431.1 0.57761
-1430.9 0.578503
-1430.7 0.579386
-1430.5 0.580279
-1430.3 0.581143
-1430.1 0.582145
-1429.9 0.583021
-1429.7 0.583766
-1429.5 0.584598
-1429.3 0.585426
-1429.1 0.586222
-1428.9 0.58701
-1428.7 0.58794
-1428.5 0.588801
-1428.3 0.589669
-1428.1 0.590551
-1427.9 0.591289
-1427.7 0.592092
-1427.5 0.592935
-1427.3 0.593691
-1427.1 0.594541
-1426.9 0.595474
-1426.7 0.596295
-1426.5 0.597091
-1426.3 0.597894
-1426.1 0.598744
-1425.9 0.599674
-1425.7 0.600517
-1425.5 0.601338
-1425.3 0.602101
-1425.1 0.602944
-1424.9 0.603808
-1424.7 0.60468
-1424.5 0.605577
-1424.3 0.606445
-1424.1 0.607284
-1423.9 0.608007
-1423.7 0.60889
-1423.5 0.60965
-1423.3 0.610655
-1423.1 0.611494
-1422.9 0.612388
-1422.7 0.613249
-1422.5 0.614261
-1422.3 0.615082
-1422.1 0.615947
-1421.9 0.616808
-1421.7 0.617643
-1421.5 0.618645
-1421.3 0.61943
-1421.1 0.620374
-1420.9 0.621289
-1420.7 0.622157
-1420.5 0.623069
-1420.3 0.623977
-1420.1 0.624809
-1419.9 0.625778
-1419.7 0.626729
-1419.5 0.62763
-1419.3 0.628542
-1419.1 0.629475
-1418.9 0.630223
-1418.7 0.631016
-1418.5 0.63188
-1418.3 0.632774
-1418.1 0.633685
-1417.9 0.634589
-1417.7 0.635472
-1417.5 0.636416
-1417.3 0.637223
-1417.1 0.638156
-1416.9 0.639053
-1416.7 0.639827
-1416.5 0.640727
-1416.3 0.641476
-1416.1 0.642362
-1415.9 0.643249
-1415.7 0.644091
-1415.5 0.644894
-1415.3 0.645802
-1415.1 0.646779
-1414.9 0.647676
-1414.7 0.648609
-1414.5 0.649448
-1414.3 0.650287
-1414.1 0.651141
-1413.9 0.651948
-1413.7 0.652801
-1413.5 0.653619
-1413.3 0.654386
-1413.1 0.655297
-1412.9 0.65619
-1412.7 0.65703
-1412.5 0.657894
-1412.3 0.65874
-1412.1 0.659594
-1411.9 0.660404
-1411.7 0.661352
-1411.5 0.662101
-1411.3 0.662991
-1411.1 0.663848
-1410.9 0.664672
-1410.7 0.665562
-1410.5 0.666438
-1410.3 0.667335
-1410.1 0.668105
-1409.9 0.66898
-1409.7 0.669776
-1409.5 0.670597
-1409.3 0.671462
-1409.1 0.672344
-1408.9 0.673194
-1408.7 0.674066
-1408.5 0.674934
-1408.3 0.675791
-1408.1 0.676678
-1407.9 0.677575
-1407.7 0.678457
-1407.5 0.679296
-1407.3 0.680125
-1407.1 0.680971
-1406.9 0.681803
-1406.7 0.682591
-1406.5 0.683369
-1406.3 0.684295
-1406.1 0.68525
-1405.9 0.686013
-1405.7 0.68674
-1405.5 0.687699
-1405.3 0.688581
-1405.1 0.689529
-1404.9 0.690321
-1404.7 0.691128
-1404.5 0.691981
-1404.3 0.692911
-1404.1 0.693732
-1403.9 0.694549
-1403.7 0.695421
-1403.5 0.6963
-1403.3 0.697212
-1403.1 0.698
-1402.9 0.698951
-1402.7 0.699772
-1402.5 0.700543
-1402.3 0.701368
-1402.1 0.70221
-1401.9 0.703107
-1401.7 0.703943
-1401.5 0.704731
-1401.3 0.7056
-1401.1 0.706497
-1400.9 0.70735
-1400.7 0.708168
-1400.5 0.709072
-1400.3 0.709998
-1400.1 0.71087
-1399.9 0.711745
-1399.7 0.712515
-1399.5 0.713347
-1399.3 0.714237
-1399.1 0.714975
-1398.9 0.7158
-1398.7 0.716538
-1398.5 0.717355
-1398.3 0.71823
-1398.1 0.719124
-1397.9 0.720017
-1397.7 0.720864
-1397.5 0.721649
-1397.3 0.722423
-1397.1 0.723258
-1396.9 0.724137
-1396.7 0.724973
-1396.5 0.72588
-1396.3 0.726803
-1396.1 0.727638
-1395.9 0.728546
-1395.7 0.729364
-1395.5 0.730188
-1395.3 0.730977
-1395.1 0.731798
-1394.9 0.732536
-1394.7 0.733422
-1394.5 0.734287
-1394.3 0.735122
-1394.1 0.735896
-1393.9 0.736685
-1393.7 0.737404
-1393.5 0.738301
-1393.3 0.739148
-1393.1 0.739991
-1392.9 0.740768
-1392.7 0.741636
-1392.5 0.742403
-1392.3 0.743166
-1392.1 0.743915
-1391.9 0.744823
-1391.7 0.745666
-1391.5 0.746552
-1391.3 0.747417
-1391.1 0.748292
-1390.9 0.749218
-1390.7 0.750093
-1390.5 0.750889
-1390.3 0.751699
-1390.1 0.752632
-1389.9 0.753359
-1389.7 0.754191
-1389.5 0.755027
-1389.3 0.755859
-1389.1 0.756705
-1388.9 0.757468
-1388.7 0.758387
-1388.5 0.759244
-1388.3 0.760206
-1388.1 0.7611
-1387.9 0.76199
-1387.7 0.762926
-1387.5 0.763769
-1387.3 0.764652
-1387.1 0.76548
-1386.9 0.766334
-1386.7 0.767177
-1386.5 0.768059
-1386.3 0.768906
-1386.1 0.769745
-1385.9 0.770624
-1385.7 0.771597
-1385.5 0.772425
-1385.3 0.773235
-1385.1 0.774013
-1384.9 0.774885
-1384.7 0.775731
-1384.5 0.77661
-1384.3 0.777511
-1384.1 0.778436
-1383.9 0.779272
-1383.7 0.780032
-1383.5 0.780889
-1383.3 0.781876
-1383.1 0.782838
-1382.9 0.783772
-1382.7 0.784582
-1382.5 0.785356
-1382.3 0.786199
-1382.1 0.787092
-1381.9 0.788054
-1381.7 0.788857
-1381.5 0.789733
-1381.3 0.790557
-1381.1 0.791335
-1380.9 0.792257
-1380.7 0.793068
-1380.5 0.793954
-1380.3 0.794811
-1380.1 0.795712
-1379.9 0.796482
-1379.7 0.797394
-1379.5 0.798247
-1379.3 0.798967
-1379.1 0.79981
-1378.9 0.800566
-1378.7 0.801401
-1378.5 0.802215
-1378.3 0.803004
-1378.1 0.803821
-1377.9 0.804635
-1377.7 0.805489
-1377.5 0.806353
-1377.3 0.807185
-1377.1 0.808035
-1376.9 0.808834
-1376.7 0.809677
-1376.5 0.810473
-1376.3 0.811334
-1376.1 0.812231
-1375.9 0.812947
-1375.7 0.813768
-1375.5 0.814517
-1375.3 0.815428
-1375.1 0.816217
-1374.9 0.817031
-1374.7 0.817816
-1374.5 0.818644
-1374.3 0.819469
-1374.1 0.820253
-1373.9 0.821046
-1373.7 0.82178
-1373.5 0.822724
-1373.3 0.823559
-1373.1 0.824413
-1372.9 0.825267
-1372.7 0.826084
-1372.5 0.826963
-1372.3 0.827904
-1372.1 0.828822
-1371.9 0.829752
-1371.7 0.830569
-1371.5 0.831445
-1371.3 0.832396
-1371.1 0.833221
-1370.9 0.834002
-1370.7 0.834808
-1370.5 0.835738
-1370.3 0.836559
-1370.1 0.837337
-1369.9 0.838158
-1369.7 0.838925
-1369.5 0.839739
-1369.3 0.84057
-1369.1 0.841294
-1368.9 0.842115
-1368.7 0.842943
-1368.5 0.843757
-1368.3 0.844575
-1368.1 0.845417
-1367.9 0.846387
-1367.7 0.847269
-1367.5 0.848325
-1367.3 0.849194
-1367.1 0.850054
-1366.9 0.850948
-1366.7 0.851885
-1366.5 0.852771
-1366.3 0.853776
-1366.1 0.854637
-1365.9 0.855476
-1365.7 0.856446
-1365.5 0.857263
-1365.3 0.858157
-1365.1 0.858963
-1364.9 0.859795
-1364.7 0.860663
-1364.5 0.861466
-1364.3 0.862313
-1364.1 0.863061
-1363.9 0.863915
-1363.7 0.864787
-1363.5 0.865662
-1363.3 0.866537
-1363.1 0.867391
-1362.9 0.868241
-1362.7 0.869171
-1362.5 0.869974
-1362.3 0.870845
-1362.1 0.871746
-1361.9 0.872589
-1361.7 0.873464
-1361.5 0.874343
-1361.3 0.87515
-1361.1 0.875982
-1360.9 0.876861
-1360.7 0.877797
-1360.5 0.878673
-1360.3 0.87949
-1360.1 0.880337
-1359.9 0.881234
-1359.7 0.881964
-1359.5 0.882814
-1359.3 0.883592
-1359.1 0.884438
-1358.9 0.885234
-1358.7 0.88612
-1358.5 0.886934
-1358.3 0.887752
-1358.1 0.888641
-1357.9 0.889423
-1357.7 0.89028
-1357.5 0.891155
-1357.3 0.891958
-1357.1 0.89279
-1356.9 0.893553
-1356.7 0.8944
-1356.5 0.895224
-1356.3 0.89597
-1356.1 0.896809
-1355.9 0.897583
-1355.7 0.898411
-1355.5 0.899163
-1355.3 0.900046
-1355.1 0.900845
-1354.9 0.901681
-1354.7 0.902534
-1354.5 0.903392
-1354.3 0.904162
-1354.1 0.905124
-1353.9 0.906036
-1353.7 0.906911
-1353.5 0.907826
-1353.3 0.908683
-1353.1 0.909526
-1352.9 0.910347
-1352.7 0.911234
-1352.5 0.912102
-1352.3 0.913089
-1352.1 0.913885
-1351.9 0.914735
-1351.7 0.915534
-1351.5 0.916323
-1351.3 0.917158
-1351.1 0.918124
-1350.9 0.918923
-1350.7 0.919842
-1350.5 0.920746
-1350.3 0.921737
-1350.1 0.922584
-1349.9 0.923401
-1349.7 0.924251
-1349.5 0.925119
-1349.3 0.925995
-1349.1 0.926819
-1348.9 0.927702
-1348.7 0.928472
-1348.5 0.929351
-1348.3 0.93018
-1348.1 0.931098
-1347.9 0.932021
-1347.7 0.932878
-1347.5 0.933764
-1347.3 0.934574
-1347.1 0.935424
-1346.9 0.936256
-1346.7 0.93707
-1346.5 0.937841
-1346.3 0.938633
-1346.1 0.939392
-1345.9 0.940246
-1345.7 0.941143
-1345.5 0.941787
-1345.3 0.942666
-1345.1 0.943516
-1344.9 0.944207
-1344.7 0.945046
-1344.5 0.94582
-1344.3 0.946612
-1344.1 0.94735
-1343.9 0.948059
-1343.7 0.948804
-1343.5 0.949538
-1343.3 0.950265
-1343.1 0.951057
-1342.9 0.951734
-1342.7 0.952472
-1342.5 0.953192
-1342.3 0.953835
-1342.1 0.954533
-1341.9 0.955286
-1341.7 0.955937
-1341.5 0.956563
-1341.3 0.957232
-1341.1 0.957865
-1340.9 0.958556
-1340.7 0.959207
-1340.5 0.959836
-1340.3 0.960476
-1340.1 0.961109
-1339.9 0.961724
-1339.7 0.962314
-1339.5 0.96299
-1339.3 0.963652
-1339.1 0.964245
-1338.9 0.964911
-1338.7 0.965457
-1338.5 0.966007
-1338.3 0.966582
-1338.1 0.967164
-1337.9 0.967725
-1337.7 0.968246
-1337.5 0.968814
-1337.3 0.969324
-1337.1 0.969852
-1336.9 0.970376
-1336.7 0.970959
-1336.5 0.971483
-1336.3 0.972065
-1336.1 0.972543
-1335.9 0.972977
-1335.7 0.973407
-1335.5 0.973867
-1335.3 0.974312
-1335.1 0.97476
-1334.9 0.975209
-1334.7 0.975599
-1334.5 0.976095
-1334.3 0.976536
-1334.1 0.976912
-1333.9 0.977357
-1333.7 0.977766
-1333.5 0.978138
-1333.3 0.978507
-1333.1 0.978909
-1332.9 0.9793
-1332.7 0.979701
-1332.5 0.980124
-1332.3 0.980573
-1332.1 0.980978
-1331.9 0.981332
-1331.7 0.981763
-1331.5 0.982157
-1331.3 0.98254
-1331.1 0.982917
-1330.9 0.983228
-1330.7 0.983517
-1330.5 0.98385
-1330.3 0.984175
-1330.1 0.984526
-1329.9 0.984895
-1329.7 0.985195
-1329.5 0.985579
-1329.3 0.985872
-1329.1 0.986262
-1328.9 0.986555
-1328.7 0.986837
-1328.5 0.987145
-1328.3 0.98742
-1328.1 0.987738
-1327.9 0.987995
-1327.7 0.988248
-1327.5 0.988501
-1327.3 0.988787
-1327.1 0.989055
-1326.9 0.989301
-1326.7 0.989532
-1326.5 0.989782
-1326.3 0.990021
-1326.1 0.990274
-1325.9 0.990509
-1325.7 0.990776
-1325.5 0.991001
-1325.3 0.991207
-1325.1 0.991409
-1324.9 0.99163
-1324.7 0.991825
-1324.5 0.992035
-1324.3 0.992191
-1324.1 0.992386
-1323.9 0.99256
-1323.7 0.992802
-1323.5 0.992954
-1323.3 0.993171
-1323.1 0.993316
-1322.9 0.993493
-1322.7 0.993656
-1322.5 0.993822
-1322.3 0.993996
-1322.1 0.99414
-1321.9 0.994314
-1321.7 0.994444
-1321.5 0.994611
-1321.3 0.994802
-1321.1 0.994936
-1320.9 0.995095
-1320.7 0.995225
-1320.5 0.995327
-1320.3 0.995446
-1320.1 0.995558
-1319.9 0.995688
-1319.7 0.995801
-1319.5 0.995916
-1319.3 0.996
-1319.1 0.996094
-1318.9 0.996198
-1318.7 0.996278
-1318.5 0.996376
-1318.3 0.996513
-1318.1 0.996596
-1317.9 0.99669
-1317.7 0.996784
-1317.5 0.996904
-1317.3 0.99702
-1317.1 0.997128
-1316.9 0.997273
-1316.7 0.997345
-1316.5 0.997428
-1316.3 0.997544
-1316.1 0.997645
-1315.9 0.997696
-1315.7 0.997804
-1315.5 0.99788
-1315.3 0.997935
-1315.1 0.998014
-1314.9 0.998076
-1314.7 0.998155
-1314.5 0.998224
-1314.3 0.998282
-1314.1 0.998347
-1313.9 0.998416
-1313.7 0.998477
-1313.5 0.998528
-1313.3 0.998571
-1313.1 0.998615
-1312.9 0.998654
-1312.7 0.998705
-1312.5 0.998763
-1312.3 0.99881
-1312.1 0.998875
-1311.9 0.9989
-1311.7 0.998926
-1311.5 0.998973
-1311.3 0.999031
-1311.1 0.999096
-1310.9 0.999132
-1310.7 0.999146
-1310.5 0.999161
-1310.3 0.999172
-1310.1 0.999183
-1309.9 0.999204
-1309.7 0.999233
-1309.5 0.999251
-1309.3 0.999298
-1309.1 0.99932
-1308.9 0.999356
-1308.7 0.999381
-1308.5 0.9994
-1308.3 0.999429
-1308.1 0.999461
-1307.9 0.999483
-1307.7 0.999508
-1307.5 0.99953
-1307.3 0.999541
-1307.1 0.999562
-1306.9 0.99958
-1306.7 0.999602
-1306.5 0.999627
-1306.3 0.999638
-1306.1 0.999646
-1305.9 0.999664
-1305.7 0.999674
-1305.5 0.999689
-1305.3 0.999707
-1305.1 0.999725
-1304.9 0.99975
-1304.7 0.999761
-1304.5 0.999769
-1304.3 0.999772
-1304.1 0.999779
-1303.9 0.99979
-1303.7 0.999797
-1303.5 0.999816
-1303.3 0.999834
-1303.1 0.999837
-1302.9 0.999852
-1302.7 0.999859
-1302.5 0.999863
-1302.3 0.999873
-1302.1 0.999877
-1301.9 0.999881
-1301.7 0.999899
-1301.5 0.99991
-1301.3 0.999917
-1301.1 0.999935
-1300.9 0.999942
-1300.7 0.999953
-1300.5 0.999957
-1300.3 0.999964
-1300.1 0.999989
-1299.9 1
