1450
-1589.7 7.18763e-06
-1589.5 1.43753e-05
-1589.3 1.43753e-05
-1589.1 2.51567e-05
-1588.9 3.23443e-05
-1588.7 3.23443e-05
-1588.5 3.59381e-05
-1588.3 3.59381e-05
-1588.1 3.95319e-05
-1587.9 4.67196e-05
-1587.7 5.03134e-05
-1587.5 5.7501e-05
-1587.3 5.7501e-05
-1587.1 6.10948e-05
-1586.9 6.10948e-05
-1586.7 6.82824e-05
-1586.5 7.18763e-05
-1586.3 7.90639e-05
-1586.1 8.98453e-05
-1585.9 9.70329e-05
-1585.7 9.70329e-05
-1585.5 0.000100627
-1585.3 0.000100627
-1585.1 0.000100627
-1584.9 0.000104221
-1584.7 0.000107814
-1584.5 0.000107814
-1584.3 0.000107814
-1584.1 0.000107814
-1583.9 0.000115002
-1583.7 0.000118596
-1583.5 0.000125783
-1583.3 0.000136565
-1583.1 0.000140159
-1582.9 0.000143753
-1582.7 0.000147346
-1582.5 0.000147346
-1582.3 0.00015094
-1582.1 0.00015094
-1581.9 0.000158128
-1581.7 0.000161722
-1581.5 0.000168909
-1581.3 0.000168909
-1581.1 0.000176097
-1580.9 0.000183284
-1580.7 0.000186878
-1580.5 0.000194066
-1580.3 0.000201254
-1580.1 0.000208441
-1579.9 0.000215629
-1579.7 0.000219223
-1579.5 0.000230004
-1579.3 0.000240785
-1579.1 0.000244379
-1578.9 0.000244379
-1578.7 0.000247973
-1578.5 0.000258755
-1578.3 0.000258755
-1578.1 0.000262348
-1577.9 0.000262348
-1577.7 0.000269536
-1577.5 0.000280317
-1577.3 0.000291099
-1577.1 0.000291099
-1576.9 0.000309068
-1576.7 0.000316256
-1576.5 0.000316256
-1576.3 0.000319849
-1576.1 0.000327037
-1575.9 0.000334225
-1575.7 0.000337818
-1575.5 0.000345006
-1575.3 0.000352194
-1575.1 0.000355787
-1574.9 0.000366569
-1574.7 0.000373757
-1574.5 0.000380944
-1574.3 0.000388132
-1574.1 0.000406101
-1573.9 0.000420476
-1573.7 0.000438445
-1573.5 0.000442039
-1573.3 0.000470789
-1573.1 0.00049954
-1572.9 0.000517509
-1572.7 0.000535478
-1572.5 0.00057501
-1572.3 0.000600167
-1572.1 0.00062173
-1571.9 0.000675637
-1571.7 0.000736732
-1571.5 0.000783451
-1571.3 0.000840952
-1571.1 0.000912828
-1570.9 0.00100627
-1570.7 0.00110689
-1570.5 0.00123268
-1570.3 0.00134768
-1570.1 0.00145909
-1569.9 0.0015669
-1569.7 0.00172862
-1569.5 0.0019191
-1569.3 0.00213472
-1569.1 0.0023216
-1568.9 0.00250129
-1568.7 0.00271333
-1568.5 0.00293974
-1568.3 0.00320568
-1568.1 0.0035435
-1567.9 0.003831
-1567.7 0.00423711
-1567.5 0.00458211
-1567.3 0.00491993
-1567.1 0.00538713
-1566.9 0.00585792
-1566.7 0.0063287
-1566.5 0.00689293
-1566.3 0.00750388
-1566.1 0.00805373
-1565.9 0.00857124
-1565.7 0.00914985
-1565.5 0.00978955
-1565.3 0.0104939
-1565.1 0.0113025
-1564.9 0.0120249
-1564.7 0.0128659
-1564.5 0.0136457
-1564.3 0.0145406
-1564.1 0.0154534
-1563.9 0.0163411
-1563.7 0.0172467
-1563.5 0.0182314
-1563.3 0.0193563
-1563.1 0.0204272
-1562.9 0.0215341
-1562.7 0.0225979
-1562.5 0.0237551
-1562.3 0.0249159
-1562.1 0.0261558
-1561.9 0.0273705
-1561.7 0.0286714
-1561.5 0.0299077
-1561.3 0.0311799
-1561.1 0.0324485
-1560.9 0.0337782
-1560.7 0.0351619
-1560.5 0.0365095
-1560.3 0.0378536
-1560.1 0.039248
-1559.9 0.0406137
-1559.7 0.0419254
-1559.5 0.0433558
-1559.3 0.0447214
-1559.1 0.046026
-1558.9 0.0474455
-1558.7 0.0489226
-1558.5 0.0502415
-1558.3 0.0516611
-1558.1 0.0530986
-1557.9 0.0546511
-1557.7 0.056139
-1557.5 0.0576879
-1557.3 0.0591829
-1557.1 0.0605342
-1556.9 0.0619322
-1556.7 0.0632835
-1556.5 0.0647174
-1556.3 0.0661118
-1556.1 0.0675026
-1555.9 0.0688934
-1555.7 0.0703022
-1555.5 0.0716319
-1555.3 0.0729113
-1555.1 0.0743704
-1554.9 0.0755887
-1554.7 0.0769615
-1554.5 0.078205
-1554.3 0.0796784
-1554.1 0.0808105
-1553.9 0.0820827
-1553.7 0.0834088
-1553.5 0.0846954
-1553.3 0.0858742
-1553.1 0.0872218
-1552.9 0.0884294
-1552.7 0.0897231
-1552.5 0.0909702
-1552.3 0.0922136
-1552.1 0.093378
-1551.9 0.0946754
-1551.7 0.0959045
-1551.5 0.0970042
-1551.3 0.0979997
-1551.1 0.0991174
-1550.9 0.100242
-1550.7 0.101478
-1550.5 0.102596
-1550.3 0.103814
-1550.1 0.104867
-1549.9 0.106089
-1549.7 0.107232
-1549.5 0.108325
-1549.3 0.109446
-1549.1 0.110542
-1548.9 0.111735
-1548.7 0.112745
-1548.5 0.113741
-1548.3 0.114858
-1548.1 0.115951
-1547.9 0.117068
-1547.7 0.118197
-1547.5 0.119271
-1547.3 0.120375
-1547.1 0.12146
-1546.9 0.122506
-1546.7 0.123663
-1546.5 0.124698
-1546.3 0.125744
-1546.1 0.12684
-1545.9 0.127965
-1545.7 0.128924
-1545.5 0.129956
-1545.3 0.131027
-1545.1 0.132198
-1544.9 0.133187
-1544.7 0.134189
-1544.5 0.135311
-1544.3 0.136198
-1544.1 0.137205
-1543.9 0.138311
-1543.7 0.139307
-1543.5 0.140371
-1543.3 0.141269
-1543.1 0.142383
-1542.9 0.143372
-1542.7 0.144407
-1542.5 0.14546
-1542.3 0.146362
-1542.1 0.147321
-1541.9 0.148263
-1541.7 0.149273
-1541.5 0.150185
-1541.3 0.151159
-1541.1 0.152151
-1540.9 0.15314
-1540.7 0.154078
-1540.5 0.155116
-1540.3 0.156158
-1540.1 0.157125
-1539.9 0.158153
-1539.7 0.159152
-1539.5 0.160115
-1539.3 0.161093
-1539.1 0.161926
-1538.9 0.162868
-1538.7 0.163763
-1538.5 0.164651
-1538.3 0.165596
-1538.1 0.16662
-1537.9 0.167572
-1537.7 0.168535
-1537.5 0.169567
-1537.3 0.170562
-1537.1 0.171543
-1536.9 0.172593
-1536.7 0.173703
-1536.5 0.174602
-1536.3 0.175551
-1536.1 0.17651
-1535.9 0.177445
-1535.7 0.178476
-1535.5 0.179418
-1535.3 0.180359
-1535.1 0.181258
-1534.9 0.182199
-1534.7 0.183198
-1534.5 0.184151
-1534.3 0.185038
-1534.1 0.186019
-1533.9 0.186914
-1533.7 0.18782
-1533.5 0.18869
-1533.3 0.189653
-1533.1 0.19058
-1532.9 0.1915
-1532.7 0.192506
-1532.5 0.193415
-1532.3 0.1944
-1532.1 0.195309
-1531.9 0.196334
-1531.7 0.1973
-1531.5 0.198202
-1531.3 0.199119
-1531.1 0.200082
-1530.9 0.201038
-1530.7 0.201868
-1530.5 0.202835
-1530.3 0.203658
-1530.1 0.204506
-1529.9 0.20543
-1529.7 0.206245
-1529.5 0.207108
-1529.3 0.207913
-1529.1 0.208833
-1528.9 0.20981
-1528.7 0.210684
-1528.5 0.211604
-1528.3 0.212517
-1528.1 0.213429
-1527.9 0.214249
-1527.7 0.215122
-1527.5 0.216046
-1527.3 0.216994
-1527.1 0.217904
-1526.9 0.218892
-1526.7 0.219744
-1526.5 0.220649
-1526.3 0.22149
-1526.1 0.222349
-1525.9 0.223262
-1525.7 0.224218
-1525.5 0.225113
-1525.3 0.226062
-1525.1 0.226953
-1524.9 0.227887
-1524.7 0.228861
-1524.5 0.229792
-1524.3 0.230637
-1524.1 0.231614
-1523.9 0.232523
-1523.7 0.233436
-1523.5 0.234151
-1523.3 0.235003
-1523.1 0.235894
-1522.9 0.236724
-1522.7 0.237652
-1522.5 0.238493
-1522.3 0.239337
-1522.1 0.24029
-1521.9 0.24121
-1521.7 0.242018
-1521.5 0.242891
-1521.3 0.243844
-1521.1 0.244753
-1520.9 0.245601
-1520.7 0.246431
-1520.5 0.247179
-1520.3 0.247937
-1520.1 0.248814
-1519.9 0.249677
-1519.7 0.250539
-1519.5 0.251355
-1519.3 0.25221
-1519.1 0.253116
-1518.9 0.253978
-1518.7 0.254902
-1518.5 0.255808
-1518.3 0.256605
-1518.1 0.257425
-1517.9 0.258295
-1517.7 0.259182
-1517.5 0.260063
-1517.3 0.260954
-1517.1 0.26177
-1516.9 0.262632
-1516.7 0.26347
-1516.5 0.264382
-1516.3 0.265259
-1516.1 0.266133
-1515.9 0.266977
-1515.7 0.267868
-1515.5 0.268803
-1515.3 0.269619
-1515.1 0.270506
-1514.9 0.271257
-1514.7 0.272256
-1514.5 0.273115
-1514.3 0.27391
-1514.1 0.274873
-1513.9 0.275778
-1513.7 0.276662
-1513.5 0.277529
-1513.3 0.278409
-1513.1 0.279286
-1512.9 0.280091
-1512.7 0.280903
-1512.5 0.281776
-1512.3 0.28284
-1512.1 0.28366
-1511.9 0.284504
-1511.7 0.285492
-1511.5 0.286448
-1511.3 0.287401
-1511.1 0.288231
-1510.9 0.289201
-1510.7 0.290125
-1510.5 0.291016
-1510.3 0.291972
-1510.1 0.29282
-1509.9 0.293661
-1509.7 0.294585
-1509.5 0.295444
-1509.3 0.296299
-1509.1 0.297158
-1508.9 0.298049
-1508.7 0.298923
-1508.5 0.299825
-1508.3 0.30059
-1508.1 0.301417
-1507.9 0.302193
-1507.7 0.303088
-1507.5 0.3039
-1507.3 0.304673
-1507.1 0.305532
-1506.9 0.306491
-1506.7 0.307382
-1506.5 0.308274
-1506.3 0.309233
-1506.1 0.310009
-1505.9 0.310811
-1505.7 0.311659
-1505.5 0.312525
-1505.3 0.313398
-1505.1 0.314304
-1504.9 0.315238
-1504.7 0.316058
-1504.5 0.316884
-1504.3 0.317733
-1504.1 0.318552
-1503.9 0.319526
-1503.7 0.320399
-1503.5 0.321294
-1503.3 0.322157
-1503.1 0.322972
-1502.9 0.323871
-1502.7 0.324705
-1502.5 0.325585
-1502.3 0.32643
-1502.1 0.327332
-1501.9 0.328252
-1501.7 0.329154
-1501.5 0.330081
-1501.3 0.330915
-1501.1 0.33172
-1500.9 0.33255
-1500.7 0.333452
-1500.5 0.334394
-1500.3 0.335324
-1500.1 0.336234
-1499.9 0.337146
-1499.7 0.338095
-1499.5 0.339012
-1499.3 0.339914
-1499.1 0.34083
-1498.9 0.341721
-1498.7 0.342767
-1498.5 0.34359
-1498.3 0.344521
-1498.1 0.345362
-1497.9 0.346275
-1497.7 0.347141
-1497.5 0.348025
-1497.3 0.34897
-1497.1 0.349868
-1496.9 0.35072
-1496.7 0.351626
-1496.5 0.352503
-1496.3 0.353347
-1496.1 0.354224
-1495.9 0.35509
-1495.7 0.35591
-1495.5 0.356758
-1495.3 0.357523
-1495.1 0.358328
-1494.9 0.359194
-1494.7 0.360025
-1494.5 0.360797
-1494.3 0.361685
-1494.1 0.362519
-1493.9 0.363295
-1493.7 0.364186
-1493.5 0.365099
-1493.3 0.365997
-1493.1 0.366835
-1492.9 0.36769
-1492.7 0.368517
-1492.5 0.369379
-1492.3 0.370231
-1492.1 0.371212
-1491.9 0.372085
-1491.7 0.372901
-1491.5 0.373821
-1491.3 0.374684
-1491.1 0.375525
-1490.9 0.376362
-1490.7 0.377246
-1490.5 0.378109
-1490.3 0.378996
-1490.1 0.379852
-1489.9 0.380747
-1489.7 0.381584
-1489.5 0.382331
-1489.3 0.38318
-1489.1 0.3841
-1488.9 0.385002
-1488.7 0.385936
-1488.5 0.386806
-1488.3 0.387546
-1488.1 0.388301
-1487.9 0.389156
-1487.7 0.38995
-1487.5 0.390791
-1487.3 0.391751
-1487.1 0.39262
-1486.9 0.393483
-1486.7 0.394356
-1486.5 0.395262
-1486.3 0.395984
-1486.1 0.396937
-1485.9 0.397835
-1485.7 0.398734
-1485.5 0.399815
-1485.3 0.400703
-1485.1 0.401666
-1484.9 0.402665
-1484.7 0.403578
-1484.5 0.404462
-1484.3 0.405321
-1484.1 0.406126
-1483.9 0.407118
-1483.7 0.408002
-1483.5 0.408854
-1483.3 0.409684
-1483.1 0.410572
-1482.9 0.411395
-1482.7 0.412279
-1482.5 0.413116
-1482.3 0.414036
-1482.1 0.414899
-1481.9 0.415693
-1481.7 0.416555
-1481.5 0.41749
-1481.3 0.418374
-1481.1 0.419258
-1480.9 0.420092
-1480.7 0.420868
-1480.5 0.421741
-1480.3 0.422543
-1480.1 0.42333
-1479.9 0.424156
-1479.7 0.425047
-1479.5 0.426007
-1479.3 0.426956
-1479.1 0.427818
-1478.9 0.428717
-1478.7 0.429475
-1478.5 0.43037
-1478.3 0.431207
-1478.1 0.432023
-1477.9 0.432839
-1477.7 0.433734
-1477.5 0.43456
-1477.3 0.435333
-1477.1 0.436145
-1476.9 0.43708
-1476.7 0.437906
-1476.5 0.438733
-1476.3 0.439613
-1476.1 0.440476
-1475.9 0.441539
-1475.7 0.442416
-1475.5 0.443318
-1475.3 0.44417
-1475.1 0.444928
-1474.9 0.445816
-1474.7 0.446675
-1474.5 0.447563
-1474.3 0.448378
-1474.1 0.449187
-1473.9 0.449985
-1473.7 0.450855
-1473.5 0.451699
-1473.3 0.452526
-1473.1 0.453453
-1472.9 0.454323
-1472.7 0.455128
-1472.5 0.456076
-1472.3 0.456889
-1472.1 0.457719
-1471.9 0.458632
-1471.7 0.45948
-1471.5 0.460249
-1471.3 0.46114
-1471.1 0.46206
-1470.9 0.462959
-1470.7 0.463738
-1470.5 0.464691
-1470.3 0.465578
-1470.1 0.466509
-1469.9 0.46753
-1469.7 0.468331
-1469.5 0.469136
-1469.3 0.469963
-1469.1 0.470861
-1468.9 0.471681
-1468.7 0.472554
-1468.5 0.473474
-1468.3 0.474365
-1468.1 0.475311
-1467.9 0.476159
-1467.7 0.477061
-1467.5 0.477945
-1467.3 0.478768
-1467.1 0.479558
-1466.9 0.480446
-1466.7 0.481201
-1466.5 0.48206
-1466.3 0.48299
-1466.1 0.483921
-1465.9 0.484741
-1465.7 0.485661
-1465.5 0.486545
-1465.3 0.487425
-1465.1 0.488252
-1464.9 0.489118
-1464.7 0.489948
-1464.5 0.490893
-1464.3 0.491759
-1464.1 0.492543
-1463.9 0.493427
-1463.7 0.494275
-1463.5 0.495062
-1463.3 0.495989
-1463.1 0.49674
-1462.9 0.497535
-1462.7 0.498419
-1462.5 0.499209
-1462.3 0.500022
-1462.1 0.500805
-1461.9 0.501657
-1461.7 0.502473
-1461.5 0.503349
-1461.3 0.504302
-1461.1 0.505197
-1460.9 0.506034
-1460.7 0.506907
-1460.5 0.507752
-1460.3 0.508672
-1460.1 0.509527
-1459.9 0.510393
-1459.7 0.511241
-1459.5 0.512068
-1459.3 0.512941
-1459.1 0.513825
-1458.9 0.51476
-1458.7 0.515655
-1458.5 0.516413
-1458.3 0.517279
-1458.1 0.51812
-1457.9 0.519008
-1457.7 0.519841
-1457.5 0.520618
-1457.3 0.521502
-1457.1 0.522389
-1456.9 0.523256
-1456.7 0.5241
-1456.5 0.524955
-1456.3 0.525829
-1456.1 0.526691
-1455.9 0.5275
-1455.7 0.528384
-1455.5 0.529211
-1455.3 0.530095
-1455.1 0.530885
-1454.9 0.531737
-1454.7 0.532632
-1454.5 0.533487
-1454.3 0.534407
-1454.1 0.535201
-1453.9 0.536168
-1453.7 0.537005
-1453.5 0.537796
-1453.3 0.538731
-1453.1 0.539651
-1452.9 0.54061
-1452.7 0.541638
-1452.5 0.542504
-1452.3 0.543503
-1452.1 0.54433
-1451.9 0.54521
-1451.7 0.546044
-1451.5 0.54691
-1451.3 0.547841
-1451.1 0.548746
-1450.9 0.549584
-1450.7 0.550371
-1450.5 0.551233
-1450.3 0.552096
-1450.1 0.552969
-1449.9 0.553825
-1449.7 0.554842
-1449.5 0.55579
-1449.3 0.556646
-1449.1 0.557584
-1448.9 0.558461
-1448.7 0.559284
-1448.5 0.560175
-1448.3 0.561106
-1448.1 0.56199
-1447.9 0.562859
-1447.7 0.563743
-1447.5 0.564606
-1447.3 0.565461
-1447.1 0.566421
-1446.9 0.567226
-1446.7 0.568088
-1446.5 0.568929
-1446.3 0.569788
-1446.1 0.570626
-1445.9 0.571528
-1445.7 0.572444
-1445.5 0.573213
-1445.3 0.573979
-1445.1 0.57483
-1444.9 0.575603
-1444.7 0.576555
-1444.5 0.57736
-1444.3 0.578241
-1444.1 0.579014
-1443.9 0.579941
-1443.7 0.580789
-1443.5 0.581562
-1443.3 0.582521
-1443.1 0.58342
-1442.9 0.584286
-1442.7 0.585137
-1442.5 0.585978
-1442.3 0.586773
-1442.1 0.587635
-1441.9 0.588465
-1441.7 0.589331
-1441.5 0.590198
-1441.3 0.591031
-1441.1 0.591858
-1440.9 0.592677
-1440.7 0.593464
-1440.5 0.594384
-1440.3 0.595391
-1440.1 0.596163
-1439.9 0.596957
-1439.7 0.597892
-1439.5 0.598772
-1439.3 0.599592
-1439.1 0.60044
-1438.9 0.601238
-1438.7 0.602093
-1438.5 0.602988
-1438.3 0.603847
-1438.1 0.604734
-1437.9 0.605676
-1437.7 0.606585
-1437.5 0.607441
-1437.3 0.608271
-1437.1 0.609169
-1436.9 0.610082
-1436.7 0.610966
-1436.5 0.611778
-1436.3 0.612662
-1436.1 0.613525
-1435.9 0.61438
-1435.7 0.615322
-1435.5 0.616228
-1435.3 0.617097
-1435.1 0.618039
-1434.9 0.618862
-1434.7 0.6198
-1434.5 0.620792
-1434.3 0.621586
-1434.1 0.622456
-1433.9 0.623325
-1433.7 0.624112
-1433.5 0.62486
-1433.3 0.625712
-1433.1 0.626642
-1432.9 0.627455
-1432.7 0.628256
-1432.5 0.629072
-1432.3 0.629981
-1432.1 0.630865
-1431.9 0.631753
-1431.7 0.632576
-1431.5 0.633474
-1431.3 0.634387
-1431.1 0.635224
-1430.9 0.63613
-1430.7 0.637028
-1430.5 0.637895
-1430.3 0.638746
-1430.1 0.63958
-1429.9 0.640601
-1429.7 0.641499
-1429.5 0.642347
-1429.3 0.643278
-1429.1 0.644015
-1428.9 0.644888
-1428.7 0.645805
-1428.5 0.646757
-1428.3 0.647558
-1428.1 0.648432
-1427.9 0.649291
-1427.7 0.650196
-1427.5 0.651098
-1427.3 0.652112
-1427.1 0.652945
-1426.9 0.653715
-1426.7 0.654617
-1426.5 0.65549
-1426.3 0.656234
-1426.1 0.657129
-1425.9 0.657955
-1425.7 0.658757
-1425.5 0.659662
-1425.3 0.660593
-1425.1 0.661517
-1424.9 0.662422
-1424.7 0.663285
-1424.5 0.664126
-1424.3 0.664916
-1424.1 0.665775
-1423.9 0.666663
-1423.7 0.667515
-1423.5 0.66841
-1423.3 0.669233
-1423.1 0.670171
-1422.9 0.671137
-1422.7 0.672043
-1422.5 0.672888
-1422.3 0.673725
-1422.1 0.674584
-1421.9 0.675454
-1421.7 0.676348
-1421.5 0.677157
-1421.3 0.678084
-1421.1 0.678896
-1420.9 0.679798
-1420.7 0.680765
-1420.5 0.681592
-1420.3 0.682497
-1420.1 0.683432
-1419.9 0.68423
-1419.7 0.685042
-1419.5 0.68593
-1419.3 0.686774
-1419.1 0.687619
-1418.9 0.688474
-1418.7 0.689433
-1418.5 0.690228
-1418.3 0.690997
-1418.1 0.691884
-1417.9 0.692815
-1417.7 0.693685
-1417.5 0.694587
-1417.3 0.69546
-1417.1 0.696427
-1416.9 0.697354
-1416.7 0.698242
-1416.5 0.699166
-1416.3 0.700032
-1416.1 0.700862
-1415.9 0.701706
-1415.7 0.702519
-1415.5 0.703521
-1415.3 0.70443
-1415.1 0.705286
-1414.9 0.706109
-1414.7 0.706975
-1414.5 0.70787
-1414.3 0.708696
-1414.1 0.709465
-1413.9 0.710375
-1413.7 0.711119
-1413.5 0.712092
-1413.3 0.713099
-1413.1 0.713868
-1412.9 0.714691
-1412.7 0.715481
-1412.5 0.716233
-1412.3 0.717041
-1412.1 0.717853
-1411.9 0.718698
-1411.7 0.719532
-1411.5 0.720416
-1411.3 0.721285
-1411.1 0.722123
-1410.9 0.722928
-1410.7 0.723776
-1410.5 0.724599
-1410.3 0.725497
-1410.1 0.726371
-1409.9 0.727298
-1409.7 0.728035
-1409.5 0.728919
-1409.3 0.729724
-1409.1 0.730554
-1408.9 0.731477
-1408.7 0.732211
-1408.5 0.732958
-1408.3 0.733857
-1408.1 0.734712
-1407.9 0.735592
-1407.7 0.736415
-1407.5 0.737213
-1407.3 0.738061
-1407.1 0.738874
-1406.9 0.739722
-1406.7 0.740466
-1406.5 0.741307
-1406.3 0.742148
-1406.1 0.743024
-1405.9 0.743894
-1405.7 0.744656
-1405.5 0.745562
-1405.3 0.746478
-1405.1 0.747308
-1404.9 0.748192
-1404.7 0.749037
-1404.5 0.749982
-1404.3 0.750834
-1404.1 0.751714
-1403.9 0.752469
-1403.7 0.75322
-1403.5 0.753996
-1403.3 0.754888
-1403.1 0.7558
-1402.9 0.756706
-1402.7 0.757529
-1402.5 0.758356
-1402.3 0.759261
-1402.1 0.760012
-1401.9 0.760893
-1401.7 0.761802
-1401.5 0.762679
-1401.3 0.763545
-1401.1 0.764541
-1400.9 0.765342
-1400.7 0.766147
-1400.5 0.767031
-1400.3 0.767782
-1400.1 0.76867
-1399.9 0.769478
-1399.7 0.770305
-1399.5 0.771135
-1399.3 0.771969
-1399.1 0.77281
-1398.9 0.773619
-1398.7 0.774492
-1398.5 0.775351
-1398.3 0.776167
-1398.1 0.777043
-1397.9 0.777766
-1397.7 0.778668
-1397.5 0.77948
-1397.3 0.780425
-1397.1 0.781227
-1396.9 0.782132
-1396.7 0.782937
-1396.5 0.783796
-1396.3 0.784569
-1396.1 0.785435
-1395.9 0.786308
-1395.7 0.78711
-1395.5 0.787954
-1395.3 0.788835
-1395.1 0.789665
-1394.9 0.790538
-1394.7 0.791437
-1394.5 0.792217
-1394.3 0.793057
-1394.1 0.794013
-1393.9 0.794818
-1393.7 0.795713
-1393.5 0.796558
-1393.3 0.797467
-1393.1 0.798322
-1392.9 0.799242
-1392.7 0.800112
-1392.5 0.800939
-1392.3 0.80183
-1392.1 0.802653
-1391.9 0.803544
-1391.7 0.80445
-1391.5 0.805312
-1391.3 0.806276
-1391.1 0.807116
-1390.9 0.807893
-1390.7 0.808744
-1390.5 0.809697
-1390.3 0.810505
-1390.1 0.811354
-1389.9 0.812216
-1389.7 0.812992
-1389.5 0.813887
-1389.3 0.814753
-1389.1 0.815533
-1388.9 0.816396
-1388.7 0.817305
-1388.5 0.818164
-1388.3 0.819034
-1388.1 0.819939
-1387.9 0.820809
-1387.7 0.82161
-1387.5 0.822444
-1387.3 0.823378
-1387.1 0.824277
-1386.9 0.825157
-1386.7 0.826027
-1386.5 0.826976
-1386.3 0.827788
-1386.1 0.828773
-1385.9 0.829589
-1385.7 0.830494
-1385.5 0.831296
-1385.3 0.832115
-1385.1 0.832945
-1384.9 0.833686
-1384.7 0.834681
-1384.5 0.835608
-1384.3 0.836467
-1384.1 0.837272
-1383.9 0.838117
-1383.7 0.839033
-1383.5 0.839867
-1383.3 0.840722
-1383.1 0.84157
-1382.9 0.84244
-1382.7 0.843317
-1382.5 0.844111
-1382.3 0.844963
-1382.1 0.845854
-1381.9 0.846706
-1381.7 0.847565
-1381.5 0.848528
-1381.3 0.849301
-1381.1 0.850088
-1380.9 0.850878
-1380.7 0.851683
-1380.5 0.852531
-1380.3 0.853441
-1380.1 0.854314
-1379.9 0.855223
-1379.7 0.856097
-1379.5 0.856934
-1379.3 0.857822
-1379.1 0.858627
-1378.9 0.859521
-1378.7 0.860391
-1378.5 0.86107
-1378.3 0.861922
-1378.1 0.862813
-1377.9 0.863676
-1377.7 0.864549
-1377.5 0.86544
-1377.3 0.866317
-1377.1 0.867165
-1376.9 0.868068
-1376.7 0.869045
-1376.5 0.869893
-1376.3 0.870759
-1376.1 0.871654
-1375.9 0.872459
-1375.7 0.873282
-1375.5 0.874109
-1375.3 0.874892
-1375.1 0.87565
-1374.9 0.87652
-1374.7 0.877296
-1374.5 0.878101
-1374.3 0.879018
-1374.1 0.879934
-1373.9 0.880797
-1373.7 0.881659
-1373.5 0.882507
-1373.3 0.883233
-1373.1 0.884078
-1372.9 0.884804
-1372.7 0.885706
-1372.5 0.886648
-1372.3 0.887474
-1372.1 0.888358
-1371.9 0.889289
-1371.7 0.890087
-1371.5 0.891032
-1371.3 0.891974
-1371.1 0.892843
-1370.9 0.893605
-1370.7 0.89441
-1370.5 0.895237
-1370.3 0.89606
-1370.1 0.897001
-1369.9 0.897929
-1369.7 0.898816
-1369.5 0.899736
-1369.3 0.900548
-1369.1 0.901418
-1368.9 0.902191
-1368.7 0.903179
-1368.5 0.904085
-1368.3 0.904922
-1368.1 0.905666
-1367.9 0.906611
-1367.7 0.907524
-1367.5 0.908336
-1367.3 0.909231
-1367.1 0.910083
-1366.9 0.910823
-1366.7 0.91156
-1366.5 0.912491
-1366.3 0.913432
-1366.1 0.914119
-1365.9 0.914938
-1365.7 0.915725
-1365.5 0.916695
-1365.3 0.917558
-1365.1 0.918474
-1364.9 0.919276
-1364.7 0.920113
-1364.5 0.920972
-1364.3 0.921752
-1364.1 0.922521
-1363.9 0.923401
-1363.7 0.924228
-1363.5 0.925076
-1363.3 0.925881
-1363.1 0.926686
-1362.9 0.927649
-1362.7 0.928494
-1362.5 0.929292
-1362.3 0.930179
-1362.1 0.930999
-1361.9 0.9318
-1361.7 0.932605
-1361.5 0.933425
-1361.3 0.934233
-1361.1 0.935071
-1360.9 0.935908
-1360.7 0.936663
-1360.5 0.937432
-1360.3 0.938323
-1360.1 0.939114
-1359.9 0.939922
-1359.7 0.940698
-1359.5 0.941525
-1359.3 0.942316
-1359.1 0.943031
-1358.9 0.943786
-1358.7 0.944558
-1358.5 0.945349
-1358.3 0.946068
-1358.1 0.946776
-1357.9 0.947505
-1357.7 0.948263
-1357.5 0.949007
-1357.3 0.949665
-1357.1 0.950341
-1356.9 0.951063
-1356.7 0.951771
-1356.5 0.95254
-1356.3 0.95323
-1356.1 0.953974
-1355.9 0.954743
-1355.7 0.955437
-1355.5 0.95608
-1355.3 0.956695
-1355.1 0.957331
-1354.9 0.957956
-1354.7 0.958549
-1354.5 0.959232
-1354.3 0.959825
-1354.1 0.960446
-1353.9 0.961061
-1353.7 0.961686
-1353.5 0.962319
-1353.3 0.962915
-1353.1 0.963472
-1352.9 0.964083
-1352.7 0.964651
-1352.5 0.965266
-1352.3 0.965812
-1352.1 0.966459
-1351.9 0.96698
-1351.7 0.96753
-1351.5 0.967972
-1351.3 0.968515
-1351.1 0.969086
-1350.9 0.969629
-1350.7 0.970128
-1350.5 0.970631
-1350.3 0.971174
-1350.1 0.971645
-1349.9 0.972123
-1349.7 0.972619
-1349.5 0.973061
-1349.3 0.973481
-1349.1 0.973884
-1348.9 0.974344
-1348.7 0.974779
-1348.5 0.975289
-1348.3 0.975699
-1348.1 0.976141
-1347.9 0.976561
-1347.7 0.977028
-1347.5 0.977488
-1347.3 0.977923
-1347.1 0.978333
-1346.9 0.978793
-1346.7 0.979177
-1346.5 0.979594
-1346.3 0.980029
-1346.1 0.980439
-1345.9 0.980849
-1345.7 0.98123
-1345.5 0.98156
-1345.3 0.981916
-1345.1 0.982225
-1344.9 0.982645
-1344.7 0.982976
-1344.5 0.983375
-1344.3 0.983706
-1344.1 0.984022
-1343.9 0.98436
-1343.7 0.984597
-1343.5 0.98491
-1343.3 0.985165
-1343.1 0.985474
-1342.9 0.98574
-1342.7 0.985991
-1342.5 0.9863
-1342.3 0.986613
-1342.1 0.986886
-1341.9 0.987166
-1341.7 0.98745
-1341.5 0.987767
-1341.3 0.988022
-1341.1 0.988299
-1340.9 0.98855
-1340.7 0.988791
-1340.5 0.989024
-1340.3 0.989254
-1340.1 0.98952
-1339.9 0.989765
-1339.7 0.989984
-1339.5 0.990218
-1339.3 0.990448
-1339.1 0.990663
-1338.9 0.990911
-1338.7 0.991095
-1338.5 0.991274
-1338.3 0.991461
-1338.1 0.991655
-1337.9 0.991846
-1337.7 0.992047
-1337.5 0.992216
-1337.3 0.992388
-1337.1 0.992586
-1336.9 0.992744
-1336.7 0.992924
-1336.5 0.9931
-1336.3 0.993272
-1336.1 0.99347
-1335.9 0.993617
-1335.7 0.99375
-1335.5 0.993898
-1335.3 0.994045
-1335.1 0.994182
-1334.9 0.994383
-1334.7 0.994516
-1334.5 0.994616
-1334.3 0.994753
-1334.1 0.994872
-1333.9 0.994976
-1333.7 0.995123
-1333.5 0.995242
-1333.3 0.995353
-1333.1 0.995457
-1332.9 0.995547
-1332.7 0.995651
-1332.5 0.99577
-1332.3 0.99591
-1332.1 0.996032
-1331.9 0.996104
-1331.7 0.996165
-1331.5 0.996248
-1331.3 0.996349
-1331.1 0.996471
-1330.9 0.996539
-1330.7 0.996597
-1330.5 0.996687
-1330.3 0.996791
-1330.1 0.99687
-1329.9 0.996945
-1329.7 0.997039
-1329.5 0.997096
-1329.3 0.997147
-1329.1 0.997204
-1328.9 0.997269
-1328.7 0.997319
-1328.5 0.997394
-1328.3 0.997445
-1328.1 0.997492
-1327.9 0.997545
-1327.7 0.997596
-1327.5 0.997664
-1327.3 0.997718
-1327.1 0.997768
-1326.9 0.997804
-1326.7 0.997862
-1326.5 0.99793
-1326.3 0.997977
-1326.1 0.997998
-1325.9 0.998049
-1325.7 0.998099
-1325.5 0.99812
-1325.3 0.998142
-1325.1 0.998164
-1324.9 0.998207
-1324.7 0.998243
-1324.5 0.998289
-1324.3 0.998325
-1324.1 0.998365
-1323.9 0.998397
-1323.7 0.998422
-1323.5 0.998447
-1323.3 0.998505
-1323.1 0.998519
-1322.9 0.998548
-1322.7 0.998577
-1322.5 0.998591
-1322.3 0.998616
-1322.1 0.998638
-1321.9 0.99866
-1321.7 0.998695
-1321.5 0.998717
-1321.3 0.99876
-1321.1 0.998775
-1320.9 0.998785
-1320.7 0.998807
-1320.5 0.998839
-1320.3 0.998861
-1320.1 0.99889
-1319.9 0.998918
-1319.7 0.998947
-1319.5 0.998961
-1319.3 0.998987
-1319.1 0.999005
-1318.9 0.999019
-1318.7 0.999026
-1318.5 0.999037
-1318.3 0.999051
-1318.1 0.999062
-1317.9 0.999062
-1317.7 0.999069
-1317.5 0.99908
-1317.3 0.999091
-1317.1 0.999098
-1316.9 0.999123
-1316.7 0.999137
-1316.5 0.999148
-1316.3 0.999155
-1316.1 0.999166
-1315.9 0.999173
-1315.7 0.999195
-1315.5 0.999217
-1315.3 0.999231
-1315.1 0.999235
-1314.9 0.999235
-1314.7 0.999235
-1314.5 0.999238
-1314.3 0.999249
-1314.1 0.999267
-1313.9 0.999278
-1313.7 0.999306
-1313.5 0.999321
-1313.3 0.999324
-1313.1 0.999328
-1312.9 0.999339
-1312.7 0.999353
-1312.5 0.999364
-1312.3 0.999367
-1312.1 0.999382
-1311.9 0.999389
-1311.7 0.999393
-1311.5 0.999396
-1311.3 0.999403
-1311.1 0.999418
-1310.9 0.999421
-1310.7 0.999425
-1310.5 0.999443
-1310.3 0.999447
-1310.1 0.999447
-1309.9 0.999461
-1309.7 0.999468
-1309.5 0.999479
-1309.3 0.99949
-1309.1 0.999515
-1308.9 0.999522
-1308.7 0.999526
-1308.5 0.999536
-1308.3 0.999536
-1308.1 0.999554
-1307.9 0.999562
-1307.7 0.999572
-1307.5 0.99958
-1307.3 0.999587
-1307.1 0.999601
-1306.9 0.999612
-1306.7 0.999623
-1306.5 0.999637
-1306.3 0.999651
-1306.1 0.999651
-1305.9 0.999662
-1305.7 0.999669
-1305.5 0.999687
-1305.3 0.999698
-1305.1 0.999705
-1304.9 0.999716
-1304.7 0.99973
-1304.5 0.999738
-1304.3 0.999752
-1304.1 0.99977
-1303.9 0.999788
-1303.7 0.999802
-1303.5 0.99981
-1303.3 0.999835
-1303.1 0.999845
-1302.9 0.999849
-1302.7 0.999856
-1302.5 0.99986
-1302.3 0.999863
-1302.1 0.999874
-1301.9 0.999889
-1301.7 0.99991
-1301.5 0.999925
-1301.3 0.999935
-1301.1 0.999939
-1300.9 0.999942
-1300.7 0.999953
-1300.5 0.999968
-1300.3 0.999975
-1300.1 0.999986
-1299.9 1
