1450
-1589.7 3.13458e-06
-1589.5 3.13458e-06
-1589.3 9.40374e-06
-1589.1 1.25383e-05
-1588.9 1.56729e-05
-1588.7 1.56729e-05
-1588.5 2.50766e-05
-1588.3 2.50766e-05
-1588.1 2.82112e-05
-1587.9 3.13458e-05
-1587.7 3.13458e-05
-1587.5 3.44804e-05
-1587.3 3.44804e-05
-1587.1 4.07495e-05
-1586.9 4.38841e-05
-1586.7 4.70187e-05
-1586.5 4.70187e-05
-1586.3 5.32879e-05
-1586.1 5.64224e-05
-1585.9 5.9557e-05
-1585.7 6.58262e-05
-1585.5 6.89608e-05
-1585.3 6.89608e-05
-1585.1 7.20953e-05
-1584.9 7.20953e-05
-1584.7 7.52299e-05
-1584.5 7.52299e-05
-1584.3 7.52299e-05
-1584.1 7.52299e-05
-1583.9 7.52299e-05
-1583.7 7.83645e-05
-1583.5 8.14991e-05
-1583.3 8.77682e-05
-1583.1 8.77682e-05
-1582.9 8.77682e-05
-1582.7 9.09028e-05
-1582.5 9.09028e-05
-1582.3 9.40374e-05
-1582.1 0.000100307
-1581.9 0.000106576
-1581.7 0.00010971
-1581.5 0.00010971
-1581.3 0.000119114
-1581.1 0.000125383
-1580.9 0.000125383
-1580.7 0.000134787
-1580.5 0.000137922
-1580.3 0.000141056
-1580.1 0.000144191
-1579.9 0.000144191
-1579.7 0.000147325
-1579.5 0.00015046
-1579.3 0.00015046
-1579.1 0.00015046
-1578.9 0.00015046
-1578.7 0.000153594
-1578.5 0.000153594
-1578.3 0.000153594
-1578.1 0.000156729
-1577.9 0.000156729
-1577.7 0.000156729
-1577.5 0.000162998
-1577.3 0.000166133
-1577.1 0.000166133
-1576.9 0.000172402
-1576.7 0.000178671
-1576.5 0.000188075
-1576.3 0.000197479
-1576.1 0.000203748
-1575.9 0.000213151
-1575.7 0.000219421
-1575.5 0.000222555
-1575.3 0.000238228
-1575.1 0.000253901
-1574.9 0.000285247
-1574.7 0.000307189
-1574.5 0.000322862
-1574.3 0.000351073
-1574.1 0.000394957
-1573.9 0.000423168
-1573.7 0.000460783
-1573.5 0.000482725
-1573.3 0.000514071
-1573.1 0.000570494
-1572.9 0.00063632
-1572.7 0.000724088
-1572.5 0.000796183
-1572.3 0.000893355
-1572.1 0.00100933
-1571.9 0.00112218
-1571.7 0.00127264
-1571.5 0.00140743
-1571.3 0.00160177
-1571.1 0.0017491
-1570.9 0.00195598
-1570.7 0.00215973
-1570.5 0.00241676
-1570.3 0.00270514
-1570.1 0.00300293
-1569.9 0.00332265
-1569.7 0.0036988
-1569.5 0.00411884
-1569.3 0.00446991
-1569.1 0.00493069
-1568.9 0.00537267
-1568.7 0.00583972
-1568.5 0.00648231
-1568.3 0.0071249
-1568.1 0.00773928
-1567.9 0.00832544
-1567.7 0.00898998
-1567.5 0.00969212
-1567.3 0.0103817
-1567.1 0.0111497
-1566.9 0.0119522
-1566.7 0.0128863
-1566.5 0.0138266
-1566.3 0.0147795
-1566.1 0.0157199
-1565.9 0.0167293
-1565.7 0.0177793
-1565.5 0.0188984
-1565.3 0.0199077
-1565.1 0.0209986
-1564.9 0.0220988
-1564.7 0.0232022
-1564.5 0.0243494
-1564.3 0.0255029
-1564.1 0.026832
-1563.9 0.0281485
-1563.7 0.0294494
-1563.5 0.0308443
-1563.3 0.03212
-1563.1 0.0334993
-1562.9 0.0348252
-1562.7 0.036148
-1562.5 0.0375617
-1562.3 0.0389785
-1562.1 0.0403734
-1561.9 0.041856
-1561.7 0.0432729
-1561.5 0.0446019
-1561.3 0.0458526
-1561.1 0.0472224
-1560.9 0.0485735
-1560.7 0.0497771
-1560.5 0.0511281
-1560.3 0.0525418
-1560.1 0.0539179
-1559.9 0.055363
-1559.7 0.0567798
-1559.5 0.058159
-1559.3 0.0595382
-1559.1 0.0609394
-1558.9 0.0622245
-1558.7 0.0635693
-1558.5 0.0649203
-1558.3 0.0662337
-1558.1 0.067522
-1557.9 0.0688072
-1557.7 0.0700892
-1557.5 0.0714402
-1557.3 0.0727442
-1557.1 0.0740388
-1556.9 0.0754901
-1556.7 0.0767753
-1556.5 0.0780699
-1556.3 0.0793488
-1556.1 0.0805806
-1555.9 0.0816652
-1555.7 0.0828375
-1555.5 0.0841697
-1555.3 0.0854173
-1555.1 0.0865552
-1554.9 0.0877056
-1554.7 0.0889719
-1554.5 0.0901004
-1554.3 0.0911912
-1554.1 0.0924356
-1553.9 0.0936863
-1553.7 0.0948806
-1553.5 0.0959464
-1553.3 0.0970591
-1553.1 0.0982064
-1552.9 0.0992816
-1552.7 0.100419
-1552.5 0.101422
-1552.3 0.102516
-1552.1 0.103585
-1551.9 0.104626
-1551.7 0.105729
-1551.5 0.106795
-1551.3 0.107786
-1551.1 0.108767
-1550.9 0.109798
-1550.7 0.110876
-1550.5 0.111961
-1550.3 0.113027
-1550.1 0.114099
-1549.9 0.115155
-1549.7 0.116374
-1549.5 0.117324
-1549.3 0.118465
-1549.1 0.119503
-1548.9 0.120449
-1548.7 0.121528
-1548.5 0.122578
-1548.3 0.123556
-1548.1 0.124468
-1547.9 0.125568
-1547.7 0.126474
-1547.5 0.127471
-1547.3 0.128483
-1547.1 0.129518
-1546.9 0.13048
-1546.7 0.131502
-1546.5 0.132486
-1546.3 0.13348
-1546.1 0.134436
-1545.9 0.135433
-1545.7 0.136451
-1545.5 0.137536
-1545.3 0.138599
-1545.1 0.139646
-1544.9 0.140671
-1544.7 0.141692
-1544.5 0.142683
-1544.3 0.143645
-1544.1 0.144604
-1543.9 0.145529
-1543.7 0.146589
-1543.5 0.147557
-1543.3 0.148494
-1543.1 0.149394
-1542.9 0.150287
-1542.7 0.151312
-1542.5 0.152228
-1542.3 0.15309
-1542.1 0.154108
-1541.9 0.155177
-1541.7 0.156074
-1541.5 0.15708
-1541.3 0.158036
-1541.1 0.158976
-1540.9 0.160002
-1540.7 0.160904
-1540.5 0.161773
-1540.3 0.162688
-1540.1 0.163587
-1539.9 0.164409
-1539.7 0.165333
-1539.5 0.166293
-1539.3 0.167186
-1539.1 0.168117
-1538.9 0.169017
-1538.7 0.169835
-1538.5 0.170703
-1538.3 0.171659
-1538.1 0.172609
-1537.9 0.173693
-1537.7 0.174618
-1537.5 0.175489
-1537.3 0.176383
-1537.1 0.177336
-1536.9 0.178345
-1536.7 0.17926
-1536.5 0.180163
-1536.3 0.181069
-1536.1 0.181994
-1535.9 0.182909
-1535.7 0.183799
-1535.5 0.184664
-1535.3 0.185586
-1535.1 0.186517
-1534.9 0.187407
-1534.7 0.188235
-1534.5 0.189134
-1534.3 0.19005
-1534.1 0.190968
-1533.9 0.191924
-1533.7 0.192846
-1533.5 0.193842
-1533.3 0.194755
-1533.1 0.195664
-1532.9 0.196557
-1532.7 0.197378
-1532.5 0.198297
-1532.3 0.199215
-1532.1 0.200206
-1531.9 0.20114
-1531.7 0.202105
-1531.5 0.202989
-1531.3 0.203917
-1531.1 0.204823
-1530.9 0.205722
-1530.7 0.206606
-1530.5 0.207616
-1530.3 0.208497
-1530.1 0.209337
-1529.9 0.21029
-1529.7 0.211224
-1529.5 0.212192
-1529.3 0.213076
-1529.1 0.21396
-1528.9 0.214904
-1528.7 0.215766
-1528.5 0.216731
-1528.3 0.21765
-1528.1 0.218502
-1527.9 0.21937
-1527.7 0.220339
-1527.5 0.221176
-1527.3 0.222082
-1527.1 0.223016
-1526.9 0.223884
-1526.7 0.224762
-1526.5 0.225687
-1526.3 0.226436
-1526.1 0.227401
-1525.9 0.22826
-1525.7 0.229163
-1525.5 0.229931
-1525.3 0.230859
-1525.1 0.23163
-1524.9 0.23252
-1524.7 0.233442
-1524.5 0.234194
-1524.3 0.234931
-1524.1 0.235783
-1523.9 0.236586
-1523.7 0.237466
-1523.5 0.238338
-1523.3 0.239143
-1523.1 0.239993
-1522.9 0.240852
-1522.7 0.241742
-1522.5 0.242598
-1522.3 0.243391
-1522.1 0.244231
-1521.9 0.245011
-1521.7 0.245864
-1521.5 0.24671
-1521.3 0.247431
-1521.1 0.248221
-1520.9 0.249086
-1520.7 0.250011
-1520.5 0.25098
-1520.3 0.251829
-1520.1 0.252713
-1519.9 0.253625
-1519.7 0.254531
-1519.5 0.25539
-1519.3 0.25629
-1519.1 0.257164
-1518.9 0.257916
-1518.7 0.258738
-1518.5 0.259669
-1518.3 0.260506
-1518.1 0.261424
-1517.9 0.262339
-1517.7 0.263066
-1517.5 0.263935
-1517.3 0.264806
-1517.1 0.265747
-1516.9 0.266533
-1516.7 0.26742
-1516.5 0.268257
-1516.3 0.269248
-1516.1 0.270213
-1515.9 0.271122
-1515.7 0.272019
-1515.5 0.272884
-1515.3 0.273868
-1515.1 0.274708
-1514.9 0.27562
-1514.7 0.276423
-1514.5 0.277172
-1514.3 0.27804
-1514.1 0.278827
-1513.9 0.279789
-1513.7 0.280673
-1513.5 0.281598
-1513.3 0.282557
-1513.1 0.283476
-1512.9 0.284331
-1512.7 0.285187
-1512.5 0.286131
-1512.3 0.287018
-1512.1 0.287899
-1511.9 0.288805
-1511.7 0.289751
-1511.5 0.290654
-1511.3 0.291478
-1511.1 0.292337
-1510.9 0.293256
-1510.7 0.294183
-1510.5 0.295105
-1510.3 0.295992
-1510.1 0.296914
-1509.9 0.297795
-1509.7 0.298663
-1509.5 0.299453
-1509.3 0.300318
-1509.1 0.301211
-1508.9 0.302098
-1508.7 0.302948
-1508.5 0.303869
-1508.3 0.304675
-1508.1 0.305509
-1507.9 0.306374
-1507.7 0.307258
-1507.5 0.308051
-1507.3 0.308844
-1507.1 0.309725
-1506.9 0.310493
-1506.7 0.311374
-1506.5 0.312242
-1506.3 0.312975
-1506.1 0.313831
-1505.9 0.31468
-1505.7 0.315486
-1505.5 0.316292
-1505.3 0.31716
-1505.1 0.317919
-1504.9 0.318677
-1504.7 0.319548
-1504.5 0.320288
-1504.3 0.321084
-1504.1 0.32183
-1503.9 0.322608
-1503.7 0.323413
-1503.5 0.324109
-1503.3 0.324909
-1503.1 0.325865
-1502.9 0.326692
-1502.7 0.327573
-1502.5 0.328397
-1502.3 0.329206
-1502.1 0.329984
-1501.9 0.33093
-1501.7 0.331902
-1501.5 0.332689
-1501.3 0.333573
-1501.1 0.334309
-1500.9 0.335137
-1500.7 0.336083
-1500.5 0.336996
-1500.3 0.337873
-1500.1 0.338858
-1499.9 0.33982
-1499.7 0.340723
-1499.5 0.341632
-1499.3 0.342478
-1499.1 0.343465
-1498.9 0.344334
-1498.7 0.345214
-1498.5 0.346189
-1498.3 0.347127
-1498.1 0.348014
-1497.9 0.348879
-1497.7 0.349763
-1497.5 0.350731
-1497.3 0.351719
-1497.1 0.352565
-1496.9 0.353524
-1496.7 0.354515
-1496.5 0.355396
-1496.3 0.35632
-1496.1 0.357264
-1495.9 0.358257
-1495.7 0.359173
-1495.5 0.360113
-1495.3 0.360972
-1495.1 0.361928
-1494.9 0.362853
-1494.7 0.363824
-1494.5 0.364718
-1494.3 0.365642
-1494.1 0.366586
-1493.9 0.36752
-1493.7 0.368486
-1493.5 0.369316
-1493.3 0.370235
-1493.1 0.371131
-1492.9 0.372034
-1492.7 0.372965
-1492.5 0.373852
-1492.3 0.374689
-1492.1 0.375686
-1491.9 0.376523
-1491.7 0.377319
-1491.5 0.378196
-1491.3 0.378977
-1491.1 0.37988
-1490.9 0.38071
-1490.7 0.381598
-1490.5 0.382463
-1490.3 0.383322
-1490.1 0.384165
-1489.9 0.384933
-1489.7 0.385719
-1489.5 0.386538
-1489.3 0.387315
-1489.1 0.388095
-1488.9 0.388842
-1488.7 0.389722
-1488.5 0.390453
-1488.3 0.391277
-1488.1 0.39208
-1487.9 0.392822
-1487.7 0.393528
-1487.5 0.394308
-1487.3 0.395098
-1487.1 0.395854
-1486.9 0.396709
-1486.7 0.397524
-1486.5 0.398402
-1486.3 0.399154
-1486.1 0.400007
-1485.9 0.400816
-1485.7 0.401609
-1485.5 0.402442
-1485.3 0.403257
-1485.1 0.404041
-1484.9 0.404781
-1484.7 0.405605
-1484.5 0.40647
-1484.3 0.407379
-1484.1 0.408163
-1483.9 0.409019
-1483.7 0.409997
-1483.5 0.410768
-1483.3 0.411577
-1483.1 0.412432
-1482.9 0.41326
-1482.7 0.414094
-1482.5 0.414927
-1482.3 0.415724
-1482.1 0.416673
-1481.9 0.417636
-1481.7 0.418548
-1481.5 0.419548
-1481.3 0.420306
-1481.1 0.421231
-1480.9 0.422068
-1480.7 0.422971
-1480.5 0.423801
-1480.3 0.424823
-1480.1 0.425751
-1479.9 0.426619
-1479.7 0.427544
-1479.5 0.42856
-1479.3 0.429447
-1479.1 0.430303
-1478.9 0.431227
-1478.7 0.432133
-1478.5 0.43302
-1478.3 0.433973
-1478.1 0.434879
-1477.9 0.435791
-1477.7 0.436685
-1477.5 0.437515
-1477.3 0.438474
-1477.1 0.439374
-1476.9 0.440267
-1476.7 0.441054
-1476.5 0.441954
-1476.3 0.442753
-1476.1 0.443612
-1475.9 0.44449
-1475.7 0.445305
-1475.5 0.446148
-1475.3 0.446963
-1475.1 0.448026
-1474.9 0.448938
-1474.7 0.449765
-1474.5 0.450715
-1474.3 0.451643
-1474.1 0.452555
-1473.9 0.453414
-1473.7 0.45431
-1473.5 0.455185
-1473.3 0.456044
-1473.1 0.456947
-1472.9 0.457796
-1472.7 0.458649
-1472.5 0.45952
-1472.3 0.460335
-1472.1 0.461169
-1471.9 0.462097
-1471.7 0.462909
-1471.5 0.463639
-1471.3 0.464432
-1471.1 0.465253
-1470.9 0.466049
-1470.7 0.466921
-1470.5 0.467689
-1470.3 0.468425
-1470.1 0.46925
-1469.9 0.470112
-1469.7 0.470921
-1469.5 0.471776
-1469.3 0.472569
-1469.1 0.473481
-1468.9 0.474278
-1468.7 0.475089
-1468.5 0.47593
-1468.3 0.476729
-1468.1 0.477597
-1467.9 0.478353
-1467.7 0.479309
-1467.5 0.48008
-1467.3 0.48086
-1467.1 0.481666
-1466.9 0.482553
-1466.7 0.483427
-1466.5 0.484211
-1466.3 0.485123
-1466.1 0.485973
-1465.9 0.486876
-1465.7 0.487678
-1465.5 0.488509
-1465.3 0.489512
-1465.1 0.490399
-1464.9 0.491286
-1464.7 0.492289
-1464.5 0.493236
-1464.3 0.494157
-1464.1 0.49506
-1463.9 0.496013
-1463.7 0.496963
-1463.5 0.497828
-1463.3 0.498752
-1463.1 0.499702
-1462.9 0.500574
-1462.7 0.501561
-1462.5 0.502492
-1462.3 0.50337
-1462.1 0.504288
-1461.9 0.505188
-1461.7 0.506128
-1461.5 0.507068
-1461.3 0.508075
-1461.1 0.508943
-1460.9 0.509955
-1460.7 0.510858
-1460.5 0.511821
-1460.3 0.512789
-1460.1 0.513679
-1459.9 0.51451
-1459.7 0.515416
-1459.5 0.516309
-1459.3 0.517181
-1459.1 0.518068
-1458.9 0.518961
-1458.7 0.519826
-1458.5 0.520748
-1458.3 0.521651
-1458.1 0.522534
-1457.9 0.523422
-1457.7 0.52424
-1457.5 0.525127
-1457.3 0.526014
-1457.1 0.526876
-1456.9 0.527785
-1456.7 0.528616
-1456.5 0.529434
-1456.3 0.530305
-1456.1 0.531051
-1455.9 0.53191
-1455.7 0.532706
-1455.5 0.533549
-1455.3 0.534405
-1455.1 0.535239
-1454.9 0.536054
-1454.7 0.536875
-1454.5 0.537653
-1454.3 0.538527
-1454.1 0.53927
-1453.9 0.540145
-1453.7 0.540884
-1453.5 0.54174
-1453.3 0.542608
-1453.1 0.543398
-1452.9 0.544157
-1452.7 0.544959
-1452.5 0.545831
-1452.3 0.546661
-1452.1 0.547467
-1451.9 0.548348
-1451.7 0.549097
-1451.5 0.549855
-1451.3 0.55073
-1451.1 0.55157
-1450.9 0.552507
-1450.7 0.553407
-1450.5 0.554197
-1450.3 0.554915
-1450.1 0.555711
-1449.9 0.556604
-1449.7 0.557394
-1449.5 0.558222
-1449.3 0.559055
-1449.1 0.559949
-1448.9 0.560795
-1448.7 0.561519
-1448.5 0.562388
-1448.3 0.563209
-1448.1 0.564099
-1447.9 0.564936
-1447.7 0.565754
-1447.5 0.566729
-1447.3 0.567585
-1447.1 0.568484
-1446.9 0.569349
-1446.7 0.570171
-1446.5 0.571089
-1446.3 0.571932
-1446.1 0.572829
-1445.9 0.573728
-1445.7 0.574622
-1445.5 0.575487
-1445.3 0.576255
-1445.1 0.577183
-1444.9 0.578095
-1444.7 0.578929
-1444.5 0.579831
-1444.3 0.580684
-1444.1 0.58159
-1443.9 0.582499
-1443.7 0.58333
-1443.5 0.584207
-1443.3 0.584988
-1443.1 0.585894
-1442.9 0.586699
-1442.7 0.587561
-1442.5 0.588436
-1442.3 0.589292
-1442.1 0.590154
-1441.9 0.590966
-1441.7 0.591793
-1441.5 0.592737
-1441.3 0.593555
-1441.1 0.594464
-1440.9 0.595385
-1440.7 0.596247
-1440.5 0.597006
-1440.3 0.597959
-1440.1 0.598849
-1439.9 0.599758
-1439.7 0.600592
-1439.5 0.601394
-1439.3 0.602366
-1439.1 0.603209
-1438.9 0.60409
-1438.7 0.605008
-1438.5 0.60588
-1438.3 0.606692
-1438.1 0.60756
-1437.9 0.608444
-1437.7 0.609318
-1437.5 0.610196
-1437.3 0.611064
-1437.1 0.611842
-1436.9 0.612792
-1436.7 0.613701
-1436.5 0.614566
-1436.3 0.6154
-1436.1 0.616305
-1435.9 0.617133
-1435.7 0.617948
-1435.5 0.618722
-1435.3 0.619575
-1435.1 0.620415
-1434.9 0.621308
-1434.7 0.622092
-1434.5 0.622998
-1434.3 0.623813
-1434.1 0.624678
-1433.9 0.625531
-1433.7 0.62633
-1433.5 0.627255
-1433.3 0.62811
-1433.1 0.628919
-1432.9 0.629815
-1432.7 0.630668
-1432.5 0.631508
-1432.3 0.632361
-1432.1 0.633226
-1431.9 0.634069
-1431.7 0.63495
-1431.5 0.635881
-1431.3 0.636718
-1431.1 0.637511
-1430.9 0.638423
-1430.7 0.639389
-1430.5 0.640191
-1430.3 0.641028
-1430.1 0.641937
-1429.9 0.642852
-1429.7 0.643714
-1429.5 0.644586
-1429.3 0.645498
-1429.1 0.646338
-1428.9 0.647212
-1428.7 0.648143
-1428.5 0.649009
-1428.3 0.649927
-1428.1 0.650805
-1427.9 0.651629
-1427.7 0.652547
-1427.5 0.653435
-1427.3 0.654362
-1427.1 0.655306
-1426.9 0.656093
-1426.7 0.656964
-1426.5 0.657914
-1426.3 0.658798
-1426.1 0.659685
-1425.9 0.660625
-1425.7 0.661494
-1425.5 0.662462
-1425.3 0.663208
-1425.1 0.664039
-1424.9 0.66487
-1424.7 0.665653
-1424.5 0.666531
-1424.3 0.667446
-1424.1 0.668371
-1423.9 0.669176
-1423.7 0.670048
-1423.5 0.670991
-1423.3 0.671882
-1423.1 0.672722
-1422.9 0.673646
-1422.7 0.674555
-1422.5 0.675442
-1422.3 0.676264
-1422.1 0.677163
-1421.9 0.678035
-1421.7 0.678903
-1421.5 0.679756
-1421.3 0.680627
-1421.1 0.681527
-1420.9 0.68242
-1420.7 0.683307
-1420.5 0.684229
-1420.3 0.685037
-1420.1 0.685862
-1419.9 0.686674
-1419.7 0.687476
-1419.5 0.688335
-1419.3 0.689166
-1419.1 0.690037
-1418.9 0.690912
-1418.7 0.691745
-1418.5 0.692623
-1418.3 0.693422
-1418.1 0.694284
-1417.9 0.695156
-1417.7 0.696018
-1417.5 0.696827
-1417.3 0.697723
-1417.1 0.698638
-1416.9 0.699491
-1416.7 0.700413
-1416.5 0.701271
-1416.3 0.70209
-1416.1 0.702992
-1415.9 0.703977
-1415.7 0.704817
-1415.5 0.705663
-1415.3 0.706503
-1415.1 0.707293
-1414.9 0.708193
-1414.7 0.709014
-1414.5 0.709854
-1414.3 0.710681
-1414.1 0.71149
-1413.9 0.712396
-1413.7 0.713161
-1413.5 0.714042
-1413.3 0.714857
-1413.1 0.715662
-1412.9 0.716424
-1412.7 0.717336
-1412.5 0.718179
-1412.3 0.719044
-1412.1 0.719834
-1411.9 0.720693
-1411.7 0.72158
-1411.5 0.722477
-1411.3 0.723398
-1411.1 0.724185
-1410.9 0.725035
-1410.7 0.725853
-1410.5 0.726693
-1410.3 0.727555
-1410.1 0.728373
-1409.9 0.729219
-1409.7 0.729975
-1409.5 0.730912
-1409.3 0.731802
-1409.1 0.732605
-1408.9 0.73341
-1408.7 0.734156
-1408.5 0.734918
-1408.3 0.735818
-1408.1 0.736727
-1407.9 0.737601
-1407.7 0.73846
-1407.5 0.739316
-1407.3 0.740165
-1407.1 0.740983
-1406.9 0.74187
-1406.7 0.742776
-1406.5 0.743736
-1406.3 0.744635
-1406.1 0.745554
-1405.9 0.746394
-1405.7 0.747246
-1405.5 0.748033
-1405.3 0.748904
-1405.1 0.749676
-1404.9 0.750553
-1404.7 0.751431
-1404.5 0.752384
-1404.3 0.753265
-1404.1 0.754145
-1403.9 0.754992
-1403.7 0.755863
-1403.5 0.756697
-1403.3 0.757594
-1403.1 0.758484
-1402.9 0.759443
-1402.7 0.760292
-1402.5 0.761032
-1402.3 0.761866
-1402.1 0.762703
-1401.9 0.763606
-1401.7 0.76448
-1401.5 0.76533
-1401.3 0.766173
-1401.1 0.767057
-1400.9 0.767988
-1400.7 0.768809
-1400.5 0.769746
-1400.3 0.770605
-1400.1 0.771414
-1399.9 0.772245
-1399.7 0.773072
-1399.5 0.773831
-1399.3 0.774624
-1399.1 0.775404
-1398.9 0.776294
-1398.7 0.777182
-1398.5 0.778119
-1398.3 0.778981
-1398.1 0.779852
-1397.9 0.780717
-1397.7 0.781595
-1397.5 0.782491
-1397.3 0.783353
-1397.1 0.784253
-1396.9 0.785125
-1396.7 0.786065
-1396.5 0.786911
-1396.3 0.787739
-1396.1 0.788642
-1395.9 0.789507
-1395.7 0.790406
-1395.5 0.791381
-1395.3 0.792315
-1395.1 0.793309
-1394.9 0.794165
-1394.7 0.795061
-1394.5 0.795948
-1394.3 0.796832
-1394.1 0.797729
-1393.9 0.798622
-1393.7 0.799512
-1393.5 0.800249
-1393.3 0.801142
-1393.1 0.802114
-1392.9 0.802916
-1392.7 0.803763
-1392.5 0.804628
-1392.3 0.805587
-1392.1 0.806484
-1391.9 0.807358
-1391.7 0.808183
-1391.5 0.809026
-1391.3 0.809885
-1391.1 0.810734
-1390.9 0.811602
-1390.7 0.812455
-1390.5 0.813392
-1390.3 0.814242
-1390.1 0.815151
-1389.9 0.815991
-1389.7 0.816878
-1389.5 0.81764
-1389.3 0.818473
-1389.1 0.819301
-1388.9 0.820106
-1388.7 0.82094
-1388.5 0.821774
-1388.3 0.822649
-1388.1 0.823517
-1387.9 0.824366
-1387.7 0.825222
-1387.5 0.826056
-1387.3 0.826858
-1387.1 0.827611
-1386.9 0.828488
-1386.7 0.829397
-1386.5 0.830347
-1386.3 0.831284
-1386.1 0.832115
-1385.9 0.833008
-1385.7 0.83383
-1385.5 0.83462
-1385.3 0.835551
-1385.1 0.836434
-1384.9 0.83729
-1384.7 0.838064
-1384.5 0.838886
-1384.3 0.839738
-1384.1 0.84055
-1383.9 0.841397
-1383.7 0.842168
-1383.5 0.843011
-1383.3 0.843892
-1383.1 0.844766
-1382.9 0.845631
-1382.7 0.846493
-1382.5 0.847355
-1382.3 0.848177
-1382.1 0.849026
-1381.9 0.849904
-1381.7 0.850819
-1381.5 0.851697
-1381.3 0.852612
-1381.1 0.853474
-1380.9 0.854324
-1380.7 0.855157
-1380.5 0.85606
-1380.3 0.856966
-1380.1 0.857862
-1379.9 0.858872
-1379.7 0.859718
-1379.5 0.860637
-1379.3 0.861514
-1379.1 0.862445
-1378.9 0.863314
-1378.7 0.864232
-1378.5 0.865075
-1378.3 0.865887
-1378.1 0.866818
-1377.9 0.867721
-1377.7 0.86857
-1377.5 0.86952
-1377.3 0.870304
-1377.1 0.871216
-1376.9 0.872065
-1376.7 0.872949
-1376.5 0.873755
-1376.3 0.874554
-1376.1 0.875457
-1375.9 0.876404
-1375.7 0.877319
-1375.5 0.878218
-1375.3 0.879131
-1375.1 0.880062
-1374.9 0.880917
-1374.7 0.881836
-1374.5 0.882673
-1374.3 0.883441
-1374.1 0.884287
-1373.9 0.885111
-1373.7 0.885939
-1373.5 0.886716
-1373.3 0.887575
-1373.1 0.888368
-1372.9 0.889215
-1372.7 0.890177
-1372.5 0.89112
-1372.3 0.891917
-1372.1 0.892794
-1371.9 0.893694
-1371.7 0.894531
-1371.5 0.895358
-1371.3 0.89628
-1371.1 0.897167
-1370.9 0.898048
-1370.7 0.898966
-1370.5 0.899938
-1370.3 0.900787
-1370.1 0.901693
-1369.9 0.902587
-1369.7 0.903373
-1369.5 0.904289
-1369.3 0.905
-1369.1 0.905856
-1368.9 0.906715
-1368.7 0.907608
-1368.5 0.908489
-1368.3 0.909357
-1368.1 0.91016
-1367.9 0.910969
-1367.7 0.911878
-1367.5 0.912733
-1367.3 0.913545
-1367.1 0.91441
-1366.9 0.915279
-1366.7 0.91615
-1366.5 0.917021
-1366.3 0.917855
-1366.1 0.918607
-1365.9 0.91952
-1365.7 0.92035
-1365.5 0.921165
-1365.3 0.921974
-1365.1 0.922776
-1364.9 0.92357
-1364.7 0.924479
-1364.5 0.925337
-1364.3 0.926074
-1364.1 0.927008
-1363.9 0.927876
-1363.7 0.928748
-1363.5 0.9296
-1363.3 0.930447
-1363.1 0.931299
-1362.9 0.932205
-1362.7 0.933124
-1362.5 0.93397
-1362.3 0.934835
-1362.1 0.935653
-1361.9 0.936484
-1361.7 0.937409
-1361.5 0.938192
-1361.3 0.93892
-1361.1 0.93975
-1360.9 0.94054
-1360.7 0.941318
-1360.5 0.94212
-1360.3 0.942995
-1360.1 0.943744
-1359.9 0.944505
-1359.7 0.945336
-1359.5 0.94616
-1359.3 0.946979
-1359.1 0.947687
-1358.9 0.948464
-1358.7 0.949192
-1358.5 0.949934
-1358.3 0.950655
-1358.1 0.951411
-1357.9 0.952116
-1357.7 0.952978
-1357.5 0.953727
-1357.3 0.954408
-1357.1 0.955113
-1356.9 0.955818
-1356.7 0.956552
-1356.5 0.957219
-1356.3 0.957928
-1356.1 0.95862
-1355.9 0.959257
-1355.7 0.959846
-1355.5 0.96047
-1355.3 0.961184
-1355.1 0.961862
-1354.9 0.962501
-1354.7 0.963144
-1354.5 0.963761
-1354.3 0.964407
-1354.1 0.965027
-1353.9 0.965579
-1353.7 0.966168
-1353.5 0.966792
-1353.3 0.967369
-1353.1 0.967968
-1352.9 0.968535
-1352.7 0.969077
-1352.5 0.969591
-1352.3 0.97003
-1352.1 0.97051
-1351.9 0.970989
-1351.7 0.971538
-1351.5 0.972074
-1351.3 0.972535
-1351.1 0.97298
-1350.9 0.973431
-1350.7 0.973886
-1350.5 0.974337
-1350.3 0.97477
-1350.1 0.975168
-1349.9 0.975619
-1349.7 0.976017
-1349.5 0.976422
-1349.3 0.976835
-1349.1 0.977281
-1348.9 0.977669
-1348.7 0.978002
-1348.5 0.978378
-1348.3 0.978732
-1348.1 0.97907
-1347.9 0.979497
-1347.7 0.979932
-1347.5 0.980346
-1347.3 0.980782
-1347.1 0.981136
-1346.9 0.981497
-1346.7 0.981882
-1346.5 0.982283
-1346.3 0.982631
-1346.1 0.982967
-1345.9 0.983324
-1345.7 0.983681
-1345.5 0.983963
-1345.3 0.984296
-1345.1 0.984609
-1344.9 0.984857
-1344.7 0.985117
-1344.5 0.985399
-1344.3 0.985684
-1344.1 0.985988
-1343.9 0.986192
-1343.7 0.986459
-1343.5 0.986719
-1343.3 0.987029
-1343.1 0.987346
-1342.9 0.987618
-1342.7 0.987872
-1342.5 0.988176
-1342.3 0.988408
-1342.1 0.988634
-1341.9 0.988844
-1341.7 0.989129
-1341.5 0.989374
-1341.3 0.989596
-1341.1 0.989794
-1340.9 0.990016
-1340.7 0.990236
-1340.5 0.990468
-1340.3 0.990684
-1340.1 0.990913
-1339.9 0.991126
-1339.7 0.991355
-1339.5 0.991596
-1339.3 0.991784
-1339.1 0.991997
-1338.9 0.992207
-1338.7 0.992414
-1338.5 0.99258
-1338.3 0.9928
-1338.1 0.992972
-1337.9 0.993138
-1337.7 0.993336
-1337.5 0.993483
-1337.3 0.993609
-1337.1 0.993797
-1336.9 0.993975
-1336.7 0.994138
-1336.5 0.994304
-1336.3 0.994474
-1336.1 0.994596
-1335.9 0.994715
-1335.7 0.994856
-1335.5 0.994988
-1335.3 0.995148
-1335.1 0.995298
-1334.9 0.99543
-1334.7 0.995536
-1334.5 0.995674
-1334.3 0.995765
-1334.1 0.995897
-1333.9 0.996016
-1333.7 0.996157
-1333.5 0.996226
-1333.3 0.996339
-1333.1 0.996402
-1332.9 0.996514
-1332.7 0.996618
-1332.5 0.996712
-1332.3 0.996834
-1332.1 0.996903
-1331.9 0.996966
-1331.7 0.997088
-1331.5 0.99716
-1331.3 0.997242
-1331.1 0.997314
-1330.9 0.997395
-1330.7 0.997489
-1330.5 0.997549
-1330.3 0.997608
-1330.1 0.997674
-1329.9 0.997734
-1329.7 0.997796
-1329.5 0.99785
-1329.3 0.997906
-1329.1 0.997953
-1328.9 0.998041
-1328.7 0.998107
-1328.5 0.998157
-1328.3 0.998201
-1328.1 0.998254
-1327.9 0.998314
-1327.7 0.998345
-1327.5 0.998386
-1327.3 0.998439
-1327.1 0.998486
-1326.9 0.99852
-1326.7 0.998561
-1326.5 0.998611
-1326.3 0.998646
-1326.1 0.998683
-1325.9 0.998715
-1325.7 0.998727
-1325.5 0.998752
-1325.3 0.998765
-1325.1 0.998784
-1324.9 0.998818
-1324.7 0.998846
-1324.5 0.998856
-1324.3 0.998887
-1324.1 0.998919
-1323.9 0.998934
-1323.7 0.998966
-1323.5 0.998981
-1323.3 0.999
-1323.1 0.999019
-1322.9 0.999035
-1322.7 0.99906
-1322.5 0.999075
-1322.3 0.999085
-1322.1 0.999097
-1321.9 0.999116
-1321.7 0.999132
-1321.5 0.999154
-1321.3 0.999172
-1321.1 0.999185
-1320.9 0.999188
-1320.7 0.999201
-1320.5 0.999213
-1320.3 0.999226
-1320.1 0.999232
-1319.9 0.999245
-1319.7 0.999257
-1319.5 0.999273
-1319.3 0.999273
-1319.1 0.999288
-1318.9 0.999304
-1318.7 0.99932
-1318.5 0.999335
-1318.3 0.999348
-1318.1 0.999351
-1317.9 0.999364
-1317.7 0.999376
-1317.5 0.999395
-1317.3 0.999411
-1317.1 0.999417
-1316.9 0.999423
-1316.7 0.999439
-1316.5 0.999445
-1316.3 0.999448
-1316.1 0.999455
-1315.9 0.999458
-1315.7 0.999467
-1315.5 0.999477
-1315.3 0.999483
-1315.1 0.999492
-1314.9 0.999498
-1314.7 0.999505
-1314.5 0.999508
-1314.3 0.999514
-1314.1 0.999527
-1313.9 0.999533
-1313.7 0.999533
-1313.5 0.999542
-1313.3 0.999552
-1313.1 0.999558
-1312.9 0.999564
-1312.7 0.999571
-1312.5 0.999593
-1312.3 0.999596
-1312.1 0.999611
-1311.9 0.999621
-1311.7 0.999624
-1311.5 0.999633
-1311.3 0.999636
-1311.1 0.99964
-1310.9 0.999643
-1310.7 0.999646
-1310.5 0.999655
-1310.3 0.999661
-1310.1 0.999668
-1309.9 0.999674
-1309.7 0.99968
-1309.5 0.99968
-1309.3 0.99969
-1309.1 0.999696
-1308.9 0.999712
-1308.7 0.999715
-1308.5 0.999724
-1308.3 0.999734
-1308.1 0.999734
-1307.9 0.999734
-1307.7 0.999743
-1307.5 0.999756
-1307.3 0.999765
-1307.1 0.999765
-1306.9 0.999777
-1306.7 0.999784
-1306.5 0.999784
-1306.3 0.999787
-1306.1 0.999796
-1305.9 0.999812
-1305.7 0.999815
-1305.5 0.999828
-1305.3 0.999834
-1305.1 0.99984
-1304.9 0.99985
-1304.7 0.999856
-1304.5 0.999856
-1304.3 0.999865
-1304.1 0.999875
-1303.9 0.999881
-1303.7 0.999887
-1303.5 0.999887
-1303.3 0.999893
-1303.1 0.999897
-1302.9 0.999903
-1302.7 0.999915
-1302.5 0.999919
-1302.3 0.999925
-1302.1 0.999928
-1301.9 0.999937
-1301.7 0.999944
-1301.5 0.999953
-1301.3 0.999959
-1301.1 0.999962
-1300.9 0.999969
-1300.7 0.999975
-1300.5 0.999981
-1300.3 0.999984
-1300.1 0.999987
-1299.9 1
