-1589.9 0
-1589.7 0
-1589.5 0
-1589.3 1
-1589.1 0
-1588.9 1
-1588.7 0
-1588.5 0
-1588.3 0
-1588.1 0
-1587.9 0
-1587.7 0
-1587.5 0
-1587.3 0
-1587.1 0
-1586.9 0
-1586.7 0
-1586.5 0
-1586.3 0
-1586.1 0
-1585.9 0
-1585.7 0
-1585.5 0
-1585.3 0
-1585.1 0
-1584.9 0
-1584.7 0
-1584.5 0
-1584.3 0
-1584.1 0
-1583.9 0
-1583.7 0
-1583.5 1
-1583.3 0
-1583.1 0
-1582.9 0
-1582.7 0
-1582.5 0
-1582.3 0
-1582.1 0
-1581.9 1
-1581.7 0
-1581.5 0
-1581.3 0
-1581.1 0
-1580.9 0
-1580.7 0
-1580.5 0
-1580.3 0
-1580.1 0
-1579.9 0
-1579.7 0
-1579.5 2
-1579.3 0
-1579.1 0
-1578.9 1
-1578.7 0
-1578.5 1
-1578.3 0
-1578.1 1
-1577.9 1
-1577.7 1
-1577.5 1
-1577.3 3
-1577.1 2
-1576.9 3
-1576.7 2
-1576.5 3
-1576.3 4
-1576.1 7
-1575.9 2
-1575.7 7
-1575.5 15
-1575.3 6
-1575.1 10
-1574.9 13
-1574.7 16
-1574.5 11
-1574.3 12
-1574.1 13
-1573.9 17
-1573.7 18
-1573.5 13
-1573.3 19
-1573.1 21
-1572.9 24
-1572.7 23
-1572.5 26
-1572.3 23
-1572.1 26
-1571.9 27
-1571.7 41
-1571.5 39
-1571.3 37
-1571.1 43
-1570.9 37
-1570.7 47
-1570.5 50
-1570.3 54
-1570.1 57
-1569.9 56
-1569.7 54
-1569.5 57
-1569.3 60
-1569.1 84
-1568.9 66
-1568.7 66
-1568.5 82
-1568.3 74
-1568.1 86
-1567.9 85
-1567.7 98
-1567.5 108
-1567.3 104
-1567.1 103
-1566.9 81
-1566.7 100
-1566.5 103
-1566.3 120
-1566.1 109
-1565.9 115
-1565.7 122
-1565.5 117
-1565.3 130
-1565.1 86
-1564.9 121
-1564.7 120
-1564.5 123
-1564.3 121
-1564.1 117
-1563.9 129
-1563.7 117
-1563.5 112
-1563.3 107
-1563.1 129
-1562.9 123
-1562.7 120
-1562.5 138
-1562.3 132
-1562.1 131
-1561.9 134
-1561.7 108
-1561.5 108
-1561.3 120
-1561.1 131
-1560.9 106
-1560.7 134
-1560.5 114
-1560.3 110
-1560.1 138
-1559.9 129
-1559.7 123
-1559.5 119
-1559.3 123
-1559.1 109
-1558.9 122
-1558.7 91
-1558.5 120
-1558.3 110
-1558.1 109
-1557.9 106
-1557.7 82
-1557.5 120
-1557.3 105
-1557.1 103
-1556.9 103
-1556.7 98
-1556.5 96
-1556.3 114
-1556.1 87
-1555.9 81
-1555.7 81
-1555.5 93
-1555.3 98
-1555.1 93
-1554.9 91
-1554.7 90
-1554.5 93
-1554.3 121
-1554.1 96
-1553.9 89
-1553.7 85
-1553.5 87
-1553.3 83
-1553.1 102
-1552.9 79
-1552.7 86
-1552.5 83
-1552.3 87
-1552.1 80
-1551.9 92
-1551.7 87
-1551.5 76
-1551.3 84
-1551.1 86
-1550.9 93
-1550.7 86
-1550.5 79
-1550.3 91
-1550.1 82
-1549.9 77
-1549.7 89
-1549.5 77
-1549.3 96
-1549.1 96
-1548.9 95
-1548.7 86
-1548.5 87
-1548.3 59
-1548.1 92
-1547.9 85
-1547.7 98
-1547.5 85
-1547.3 84
-1547.1 94
-1546.9 89
-1546.7 66
-1546.5 73
-1546.3 79
-1546.1 97
-1545.9 70
-1545.7 69
-1545.5 75
-1545.3 80
-1545.1 94
-1544.9 81
-1544.7 86
-1544.5 68
-1544.3 84
-1544.1 100
-1543.9 74
-1543.7 73
-1543.5 81
-1543.3 64
-1543.1 70
-1542.9 66
-1542.7 84
-1542.5 81
-1542.3 85
-1542.1 70
-1541.9 72
-1541.7 71
-1541.5 73
-1541.3 59
-1541.1 75
-1540.9 92
-1540.7 79
-1540.5 76
-1540.3 70
-1540.1 79
-1539.9 89
-1539.7 89
-1539.5 79
-1539.3 70
-1539.1 83
-1538.9 81
-1538.7 70
-1538.5 94
-1538.3 79
-1538.1 64
-1537.9 87
-1537.7 74
-1537.5 93
-1537.3 80
-1537.1 64
-1536.9 90
-1536.7 71
-1536.5 74
-1536.3 78
-1536.1 67
-1535.9 91
-1535.7 73
-1535.5 73
-1535.3 65
-1535.1 75
-1534.9 83
-1534.7 78
-1534.5 84
-1534.3 76
-1534.1 79
-1533.9 55
-1533.7 60
-1533.5 90
-1533.3 82
-1533.1 73
-1532.9 74
-1532.7 72
-1532.5 79
-1532.3 82
-1532.1 75
-1531.9 71
-1531.7 75
-1531.5 57
-1531.3 71
-1531.1 73
-1530.9 62
-1530.7 61
-1530.5 77
-1530.3 84
-1530.1 83
-1529.9 57
-1529.7 78
-1529.5 61
-1529.3 57
-1529.1 74
-1528.9 70
-1528.7 55
-1528.5 53
-1528.3 65
-1528.1 70
-1527.9 88
-1527.7 61
-1527.5 61
-1527.3 69
-1527.1 68
-1526.9 66
-1526.7 71
-1526.5 69
-1526.3 60
-1526.1 69
-1525.9 70
-1525.7 70
-1525.5 65
-1525.3 85
-1525.1 92
-1524.9 71
-1524.7 70
-1524.5 89
-1524.3 58
-1524.1 76
-1523.9 60
-1523.7 75
-1523.5 54
-1523.3 71
-1523.1 62
-1522.9 73
-1522.7 59
-1522.5 76
-1522.3 60
-1522.1 75
-1521.9 71
-1521.7 66
-1521.5 76
-1521.3 75
-1521.1 72
-1520.9 59
-1520.7 64
-1520.5 74
-1520.3 60
-1520.1 74
-1519.9 72
-1519.7 68
-1519.5 66
-1519.3 83
-1519.1 70
-1518.9 70
-1518.7 77
-1518.5 67
-1518.3 73
-1518.1 76
-1517.9 61
-1517.7 70
-1517.5 69
-1517.3 84
-1517.1 85
-1516.9 88
-1516.7 65
-1516.5 65
-1516.3 72
-1516.1 75
-1515.9 71
-1515.7 70
-1515.5 83
-1515.3 68
-1515.1 80
-1514.9 78
-1514.7 56
-1514.5 69
-1514.3 70
-1514.1 55
-1513.9 67
-1513.7 59
-1513.5 80
-1513.3 57
-1513.1 58
-1512.9 76
-1512.7 69
-1512.5 72
-1512.3 80
-1512.1 65
-1511.9 58
-1511.7 77
-1511.5 62
-1511.3 75
-1511.1 79
-1510.9 63
-1510.7 94
-1510.5 67
-1510.3 65
-1510.1 71
-1509.9 77
-1509.7 68
-1509.5 71
-1509.3 70
-1509.1 68
-1508.9 75
-1508.7 88
-1508.5 70
-1508.3 69
-1508.1 61
-1507.9 62
-1507.7 75
-1507.5 70
-1507.3 75
-1507.1 66
-1506.9 77
-1506.7 88
-1506.5 71
-1506.3 73
-1506.1 93
-1505.9 85
-1505.7 82
-1505.5 71
-1505.3 79
-1505.1 93
-1504.9 58
-1504.7 85
-1504.5 70
-1504.3 93
-1504.1 87
-1503.9 60
-1503.7 70
-1503.5 85
-1503.3 63
-1503.1 73
-1502.9 82
-1502.7 65
-1502.5 57
-1502.3 83
-1502.1 64
-1501.9 86
-1501.7 73
-1501.5 72
-1501.3 67
-1501.1 68
-1500.9 80
-1500.7 64
-1500.5 80
-1500.3 60
-1500.1 56
-1499.9 75
-1499.7 64
-1499.5 75
-1499.3 62
-1499.1 57
-1498.9 56
-1498.7 65
-1498.5 60
-1498.3 61
-1498.1 71
-1497.9 69
-1497.7 64
-1497.5 73
-1497.3 62
-1497.1 60
-1496.9 58
-1496.7 67
-1496.5 72
-1496.3 68
-1496.1 80
-1495.9 82
-1495.7 82
-1495.5 73
-1495.3 57
-1495.1 89
-1494.9 74
-1494.7 62
-1494.5 68
-1494.3 56
-1494.1 70
-1493.9 64
-1493.7 71
-1493.5 57
-1493.3 70
-1493.1 62
-1492.9 69
-1492.7 71
-1492.5 80
-1492.3 76
-1492.1 76
-1491.9 71
-1491.7 70
-1491.5 76
-1491.3 71
-1491.1 66
-1490.9 72
-1490.7 75
-1490.5 77
-1490.3 68
-1490.1 74
-1489.9 76
-1489.7 76
-1489.5 75
-1489.3 75
-1489.1 73
-1488.9 65
-1488.7 70
-1488.5 81
-1488.3 81
-1488.1 89
-1487.9 70
-1487.7 82
-1487.5 84
-1487.3 71
-1487.1 65
-1486.9 67
-1486.7 56
-1486.5 81
-1486.3 55
-1486.1 70
-1485.9 61
-1485.7 75
-1485.5 73
-1485.3 73
-1485.1 74
-1484.9 78
-1484.7 82
-1484.5 75
-1484.3 62
-1484.1 69
-1483.9 72
-1483.7 79
-1483.5 67
-1483.3 72
-1483.1 74
-1482.9 76
-1482.7 81
-1482.5 80
-1482.3 61
-1482.1 76
-1481.9 75
-1481.7 49
-1481.5 58
-1481.3 68
-1481.1 61
-1480.9 81
-1480.7 58
-1480.5 77
-1480.3 82
-1480.1 61
-1479.9 59
-1479.7 74
-1479.5 74
-1479.3 72
-1479.1 80
-1478.9 82
-1478.7 81
-1478.5 54
-1478.3 72
-1478.1 82
-1477.9 76
-1477.7 72
-1477.5 67
-1477.3 77
-1477.1 68
-1476.9 66
-1476.7 70
-1476.5 64
-1476.3 73
-1476.1 77
-1475.9 59
-1475.7 62
-1475.5 81
-1475.3 80
-1475.1 65
-1474.9 64
-1474.7 62
-1474.5 69
-1474.3 64
-1474.1 69
-1473.9 80
-1473.7 84
-1473.5 60
-1473.3 79
-1473.1 85
-1472.9 74
-1472.7 81
-1472.5 90
-1472.3 58
-1472.1 81
-1471.9 84
-1471.7 81
-1471.5 80
-1471.3 83
-1471.1 67
-1470.9 79
-1470.7 77
-1470.5 66
-1470.3 92
-1470.1 63
-1469.9 57
-1469.7 81
-1469.5 75
-1469.3 66
-1469.1 71
-1468.9 77
-1468.7 86
-1468.5 69
-1468.3 62
-1468.1 79
-1467.9 68
-1467.7 70
-1467.5 63
-1467.3 64
-1467.1 64
-1466.9 65
-1466.7 72
-1466.5 71
-1466.3 80
-1466.1 74
-1465.9 81
-1465.7 61
-1465.5 52
-1465.3 70
-1465.1 53
-1464.9 68
-1464.7 72
-1464.5 83
-1464.3 67
-1464.1 67
-1463.9 61
-1463.7 76
-1463.5 70
-1463.3 74
-1463.1 73
-1462.9 85
-1462.7 71
-1462.5 69
-1462.3 71
-1462.1 59
-1461.9 78
-1461.7 72
-1461.5 68
-1461.3 76
-1461.1 81
-1460.9 76
-1460.7 68
-1460.5 67
-1460.3 58
-1460.1 70
-1459.9 66
-1459.7 67
-1459.5 66
-1459.3 73
-1459.1 82
-1458.9 83
-1458.7 74
-1458.5 79
-1458.3 72
-1458.1 65
-1457.9 78
-1457.7 65
-1457.5 70
-1457.3 60
-1457.1 73
-1456.9 77
-1456.7 76
-1456.5 78
-1456.3 79
-1456.1 72
-1455.9 78
-1455.7 69
-1455.5 72
-1455.3 74
-1455.1 74
-1454.9 79
-1454.7 81
-1454.5 81
-1454.3 69
-1454.1 79
-1453.9 62
-1453.7 82
-1453.5 69
-1453.3 62
-1453.1 81
-1452.9 69
-1452.7 79
-1452.5 68
-1452.3 75
-1452.1 85
-1451.9 82
-1451.7 63
-1451.5 62
-1451.3 75
-1451.1 64
-1450.9 62
-1450.7 78
-1450.5 86
-1450.3 65
-1450.1 76
-1449.9 73
-1449.7 69
-1449.5 69
-1449.3 63
-1449.1 65
-1448.9 74
-1448.7 70
-1448.5 58
-1448.3 70
-1448.1 86
-1447.9 71
-1447.7 78
-1447.5 74
-1447.3 73
-1447.1 59
-1446.9 70
-1446.7 79
-1446.5 66
-1446.3 57
-1446.1 84
-1445.9 75
-1445.7 65
-1445.5 69
-1445.3 76
-1445.1 85
-1444.9 67
-1444.7 69
-1444.5 72
-1444.3 69
-1444.1 75
-1443.9 69
-1443.7 68
-1443.5 75
-1443.3 77
-1443.1 87
-1442.9 66
-1442.7 64
-1442.5 64
-1442.3 63
-1442.1 82
-1441.9 69
-1441.7 69
-1441.5 93
-1441.3 68
-1441.1 74
-1440.9 71
-1440.7 67
-1440.5 76
-1440.3 75
-1440.1 62
-1439.9 81
-1439.7 68
-1439.5 87
-1439.3 69
-1439.1 78
-1438.9 71
-1438.7 60
-1438.5 67
-1438.3 65
-1438.1 57
-1437.9 56
-1437.7 61
-1437.5 63
-1437.3 72
-1437.1 67
-1436.9 83
-1436.7 65
-1436.5 57
-1436.3 58
-1436.1 68
-1435.9 83
-1435.7 59
-1435.5 71
-1435.3 85
-1435.1 73
-1434.9 74
-1434.7 73
-1434.5 66
-1434.3 61
-1434.1 73
-1433.9 72
-1433.7 75
-1433.5 87
-1433.3 70
-1433.1 69
-1432.9 69
-1432.7 81
-1432.5 70
-1432.3 57
-1432.1 62
-1431.9 66
-1431.7 81
-1431.5 69
-1431.3 69
-1431.1 64
-1430.9 69
-1430.7 74
-1430.5 63
-1430.3 64
-1430.1 57
-1429.9 66
-1429.7 87
-1429.5 79
-1429.3 91
-1429.1 65
-1428.9 69
-1428.7 72
-1428.5 76
-1428.3 63
-1428.1 66
-1427.9 65
-1427.7 73
-1427.5 81
-1427.3 70
-1427.1 65
-1426.9 78
-1426.7 79
-1426.5 67
-1426.3 66
-1426.1 72
-1425.9 79
-1425.7 65
-1425.5 66
-1425.3 66
-1425.1 68
-1424.9 55
-1424.7 76
-1424.5 85
-1424.3 54
-1424.1 74
-1423.9 84
-1423.7 73
-1423.5 72
-1423.3 64
-1423.1 68
-1422.9 77
-1422.7 59
-1422.5 80
-1422.3 68
-1422.1 63
-1421.9 90
-1421.7 52
-1421.5 62
-1421.3 74
-1421.1 61
-1420.9 82
-1420.7 78
-1420.5 55
-1420.3 63
-1420.1 74
-1419.9 83
-1419.7 77
-1419.5 65
-1419.3 60
-1419.1 57
-1418.9 77
-1418.7 75
-1418.5 78
-1418.3 66
-1418.1 71
-1417.9 68
-1417.7 79
-1417.5 86
-1417.3 79
-1417.1 65
-1416.9 76
-1416.7 76
-1416.5 68
-1416.3 75
-1416.1 85
-1415.9 81
-1415.7 84
-1415.5 74
-1415.3 68
-1415.1 63
-1414.9 77
-1414.7 94
-1414.5 69
-1414.3 76
-1414.1 68
-1413.9 77
-1413.7 61
-1413.5 71
-1413.3 72
-1413.1 61
-1412.9 84
-1412.7 66
-1412.5 72
-1412.3 74
-1412.1 83
-1411.9 77
-1411.7 65
-1411.5 56
-1411.3 57
-1411.1 72
-1410.9 63
-1410.7 76
-1410.5 67
-1410.3 71
-1410.1 66
-1409.9 83
-1409.7 58
-1409.5 57
-1409.3 75
-1409.1 70
-1408.9 64
-1408.7 64
-1408.5 62
-1408.3 71
-1408.1 58
-1407.9 73
-1407.7 85
-1407.5 86
-1407.3 76
-1407.1 81
-1406.9 60
-1406.7 63
-1406.5 53
-1406.3 62
-1406.1 68
-1405.9 70
-1405.7 72
-1405.5 71
-1405.3 62
-1405.1 77
-1404.9 60
-1404.7 55
-1404.5 81
-1404.3 59
-1404.1 71
-1403.9 82
-1403.7 60
-1403.5 71
-1403.3 62
-1403.1 81
-1402.9 83
-1402.7 65
-1402.5 72
-1402.3 72
-1402.1 67
-1401.9 69
-1401.7 89
-1401.5 58
-1401.3 74
-1401.1 66
-1400.9 59
-1400.7 72
-1400.5 63
-1400.3 87
-1400.1 65
-1399.9 89
-1399.7 65
-1399.5 67
-1399.3 72
-1399.1 75
-1398.9 56
-1398.7 81
-1398.5 72
-1398.3 82
-1398.1 78
-1397.9 68
-1397.7 68
-1397.5 69
-1397.3 66
-1397.1 60
-1396.9 69
-1396.7 80
-1396.5 72
-1396.3 72
-1396.1 68
-1395.9 63
-1395.7 64
-1395.5 74
-1395.3 72
-1395.1 66
-1394.9 72
-1394.7 91
-1394.5 64
-1394.3 74
-1394.1 82
-1393.9 67
-1393.7 73
-1393.5 81
-1393.3 87
-1393.1 67
-1392.9 83
-1392.7 50
-1392.5 62
-1392.3 66
-1392.1 78
-1391.9 72
-1391.7 77
-1391.5 85
-1391.3 71
-1391.1 83
-1390.9 80
-1390.7 66
-1390.5 67
-1390.3 63
-1390.1 70
-1389.9 75
-1389.7 68
-1389.5 58
-1389.3 75
-1389.1 66
-1388.9 72
-1388.7 69
-1388.5 78
-1388.3 58
-1388.1 65
-1387.9 93
-1387.7 71
-1387.5 65
-1387.3 71
-1387.1 64
-1386.9 66
-1386.7 65
-1386.5 74
-1386.3 67
-1386.1 65
-1385.9 67
-1385.7 81
-1385.5 74
-1385.3 71
-1385.1 87
-1384.9 70
-1384.7 49
-1384.5 78
-1384.3 66
-1384.1 64
-1383.9 64
-1383.7 79
-1383.5 68
-1383.3 74
-1383.1 71
-1382.9 64
-1382.7 71
-1382.5 75
-1382.3 71
-1382.1 70
-1381.9 63
-1381.7 78
-1381.5 66
-1381.3 66
-1381.1 68
-1380.9 57
-1380.7 69
-1380.5 73
-1380.3 70
-1380.1 71
-1379.9 72
-1379.7 72
-1379.5 77
-1379.3 76
-1379.1 73
-1378.9 67
-1378.7 65
-1378.5 71
-1378.3 56
-1378.1 75
-1377.9 74
-1377.7 72
-1377.5 71
-1377.3 73
-1377.1 70
-1376.9 74
-1376.7 68
-1376.5 70
-1376.3 80
-1376.1 79
-1375.9 63
-1375.7 56
-1375.5 70
-1375.3 74
-1375.1 72
-1374.9 80
-1374.7 74
-1374.5 84
-1374.3 69
-1374.1 65
-1373.9 64
-1373.7 84
-1373.5 76
-1373.3 73
-1373.1 60
-1372.9 82
-1372.7 55
-1372.5 79
-1372.3 77
-1372.1 78
-1371.9 69
-1371.7 73
-1371.5 78
-1371.3 64
-1371.1 77
-1370.9 59
-1370.7 61
-1370.5 70
-1370.3 75
-1370.1 74
-1369.9 66
-1369.7 66
-1369.5 81
-1369.3 74
-1369.1 66
-1368.9 81
-1368.7 63
-1368.5 52
-1368.3 59
-1368.1 71
-1367.9 74
-1367.7 73
-1367.5 69
-1367.3 61
-1367.1 79
-1366.9 65
-1366.7 81
-1366.5 63
-1366.3 78
-1366.1 64
-1365.9 79
-1365.7 51
-1365.5 70
-1365.3 64
-1365.1 71
-1364.9 65
-1364.7 52
-1364.5 79
-1364.3 78
-1364.1 65
-1363.9 61
-1363.7 75
-1363.5 58
-1363.3 57
-1363.1 65
-1362.9 71
-1362.7 69
-1362.5 59
-1362.3 52
-1362.1 62
-1361.9 67
-1361.7 65
-1361.5 68
-1361.3 83
-1361.1 59
-1360.9 59
-1360.7 71
-1360.5 81
-1360.3 61
-1360.1 59
-1359.9 61
-1359.7 66
-1359.5 63
-1359.3 60
-1359.1 70
-1358.9 64
-1358.7 56
-1358.5 68
-1358.3 69
-1358.1 52
-1357.9 47
-1357.7 53
-1357.5 69
-1357.3 61
-1357.1 48
-1356.9 60
-1356.7 57
-1356.5 54
-1356.3 55
-1356.1 53
-1355.9 58
-1355.7 57
-1355.5 51
-1355.3 48
-1355.1 33
-1354.9 54
-1354.7 54
-1354.5 59
-1354.3 56
-1354.1 61
-1353.9 47
-1353.7 55
-1353.5 57
-1353.3 51
-1353.1 45
-1352.9 40
-1352.7 42
-1352.5 52
-1352.3 44
-1352.1 29
-1351.9 38
-1351.7 45
-1351.5 42
-1351.3 45
-1351.1 46
-1350.9 39
-1350.7 49
-1350.5 36
-1350.3 39
-1350.1 35
-1349.9 47
-1349.7 31
-1349.5 30
-1349.3 41
-1349.1 30
-1348.9 35
-1348.7 42
-1348.5 37
-1348.3 32
-1348.1 24
-1347.9 47
-1347.7 30
-1347.5 30
-1347.3 43
-1347.1 32
-1346.9 44
-1346.7 32
-1346.5 28
-1346.3 27
-1346.1 31
-1345.9 31
-1345.7 30
-1345.5 31
-1345.3 28
-1345.1 32
-1344.9 22
-1344.7 28
-1344.5 27
-1344.3 20
-1344.1 16
-1343.9 28
-1343.7 28
-1343.5 27
-1343.3 22
-1343.1 19
-1342.9 32
-1342.7 17
-1342.5 24
-1342.3 21
-1342.1 19
-1341.9 23
-1341.7 19
-1341.5 16
-1341.3 20
-1341.1 17
-1340.9 25
-1340.7 26
-1340.5 26
-1340.3 21
-1340.1 14
-1339.9 22
-1339.7 19
-1339.5 12
-1339.3 16
-1339.1 10
-1338.9 21
-1338.7 19
-1338.5 16
-1338.3 17
-1338.1 21
-1337.9 14
-1337.7 19
-1337.5 11
-1337.3 13
-1337.1 19
-1336.9 9
-1336.7 18
-1336.5 13
-1336.3 11
-1336.1 13
-1335.9 10
-1335.7 13
-1335.5 13
-1335.3 14
-1335.1 16
-1334.9 8
-1334.7 20
-1334.5 12
-1334.3 14
-1334.1 13
-1333.9 15
-1333.7 16
-1333.5 13
-1333.3 10
-1333.1 10
-1332.9 8
-1332.7 11
-1332.5 5
-1332.3 12
-1332.1 10
-1331.9 12
-1331.7 10
-1331.5 9
-1331.3 8
-1331.1 12
-1330.9 10
-1330.7 10
-1330.5 10
-1330.3 5
-1330.1 11
-1329.9 4
-1329.7 9
-1329.5 4
-1329.3 13
-1329.1 10
-1328.9 9
-1328.7 5
-1328.5 4
-1328.3 7
-1328.1 7
-1327.9 1
-1327.7 1
-1327.5 6
-1327.3 4
-1327.1 5
-1326.9 3
-1326.7 4
-1326.5 5
-1326.3 7
-1326.1 7
-1325.9 2
-1325.7 5
-1325.5 4
-1325.3 6
-1325.1 3
-1324.9 4
-1324.7 1
-1324.5 2
-1324.3 6
-1324.1 3
-1323.9 4
-1323.7 3
-1323.5 2
-1323.3 4
-1323.1 2
-1322.9 4
-1322.7 4
-1322.5 2
-1322.3 5
-1322.1 4
-1321.9 4
-1321.7 5
-1321.5 1
-1321.3 4
-1321.1 0
-1320.9 2
-1320.7 2
-1320.5 3
-1320.3 2
-1320.1 1
-1319.9 0
-1319.7 2
-1319.5 1
-1319.3 2
-1319.1 0
-1318.9 3
-1318.7 1
-1318.5 2
-1318.3 3
-1318.1 3
-1317.9 1
-1317.7 0
-1317.5 0
-1317.3 0
-1317.1 3
-1316.9 1
-1316.7 0
-1316.5 1
-1316.3 2
-1316.1 0
-1315.9 3
-1315.7 1
-1315.5 0
-1315.3 1
-1315.1 0
-1314.9 1
-1314.7 0
-1314.5 1
-1314.3 1
-1314.1 1
-1313.9 2
-1313.7 1
-1313.5 1
-1313.3 3
-1313.1 0
-1312.9 1
-1312.7 0
-1312.5 0
-1312.3 0
-1312.1 0
-1311.9 0
-1311.7 0
-1311.5 0
-1311.3 3
-1311.1 0
-1310.9 2
-1310.7 0
-1310.5 0
-1310.3 0
-1310.1 0
-1309.9 1
-1309.7 2
-1309.5 1
-1309.3 0
-1309.1 0
-1308.9 1
-1308.7 1
-1308.5 3
-1308.3 2
-1308.1 1
-1307.9 1
-1307.7 0
-1307.5 2
-1307.3 1
-1307.1 2
-1306.9 0
-1306.7 3
-1306.5 1
-1306.3 0
-1306.1 1
-1305.9 0
-1305.7 0
-1305.5 1
-1305.3 0
-1305.1 0
-1304.9 1
-1304.7 1
-1304.5 2
-1304.3 1
-1304.1 0
-1303.9 2
-1303.7 0
-1303.5 0
-1303.3 1
-1303.1 0
-1302.9 1
-1302.7 0
-1302.5 1
-1302.3 1
-1302.1 2
-1301.9 4
-1301.7 0
-1301.5 0
-1301.3 0
-1301.1 0
-1300.9 1
-1300.7 3
-1300.5 1
-1300.3 2
-1300.1 0
