-1589.9 0
-1589.7 0
-1589.5 0
-1589.3 0
-1589.1 0
-1588.9 0
-1588.7 1
-1588.5 0
-1588.3 0
-1588.1 0
-1587.9 0
-1587.7 0
-1587.5 0
-1587.3 0
-1587.1 0
-1586.9 0
-1586.7 0
-1586.5 0
-1586.3 0
-1586.1 0
-1585.9 0
-1585.7 0
-1585.5 0
-1585.3 0
-1585.1 0
-1584.9 0
-1584.7 0
-1584.5 0
-1584.3 0
-1584.1 0
-1583.9 1
-1583.7 0
-1583.5 0
-1583.3 0
-1583.1 0
-1582.9 0
-1582.7 0
-1582.5 0
-1582.3 0
-1582.1 0
-1581.9 0
-1581.7 1
-1581.5 0
-1581.3 0
-1581.1 1
-1580.9 0
-1580.7 0
-1580.5 0
-1580.3 2
-1580.1 2
-1579.9 2
-1579.7 3
-1579.5 1
-1579.3 1
-1579.1 3
-1578.9 4
-1578.7 2
-1578.5 8
-1578.3 4
-1578.1 4
-1577.9 6
-1577.7 5
-1577.5 5
-1577.3 6
-1577.1 10
-1576.9 12
-1576.7 11
-1576.5 12
-1576.3 13
-1576.1 25
-1575.9 11
-1575.7 18
-1575.5 12
-1575.3 14
-1575.1 20
-1574.9 23
-1574.7 22
-1574.5 28
-1574.3 32
-1574.1 31
-1573.9 51
-1573.7 37
-1573.5 39
-1573.3 45
-1573.1 42
-1572.9 49
-1572.7 48
-1572.5 50
-1572.3 60
-1572.1 69
-1571.9 56
-1571.7 68
-1571.5 72
-1571.3 72
-1571.1 77
-1570.9 83
-1570.7 91
-1570.5 87
-1570.3 100
-1570.1 91
-1569.9 94
-1569.7 112
-1569.5 110
-1569.3 110
-1569.1 126
-1568.9 127
-1568.7 112
-1568.5 125
-1568.3 116
-1568.1 149
-1567.9 136
-1567.7 129
-1567.5 140
-1567.3 138
-1567.1 143
-1566.9 134
-1566.7 149
-1566.5 132
-1566.3 135
-1566.1 126
-1565.9 135
-1565.7 142
-1565.5 158
-1565.3 144
-1565.1 131
-1564.9 155
-1564.7 140
-1564.5 132
-1564.3 152
-1564.1 149
-1563.9 114
-1563.7 141
-1563.5 149
-1563.3 131
-1563.1 163
-1562.9 123
-1562.7 141
-1562.5 129
-1562.3 121
-1562.1 126
-1561.9 111
-1561.7 104
-1561.5 136
-1561.3 118
-1561.1 131
-1560.9 122
-1560.7 108
-1560.5 121
-1560.3 130
-1560.1 114
-1559.9 109
-1559.7 122
-1559.5 103
-1559.3 112
-1559.1 132
-1558.9 124
-1558.7 132
-1558.5 119
-1558.3 109
-1558.1 112
-1557.9 118
-1557.7 102
-1557.5 115
-1557.3 114
-1557.1 102
-1556.9 107
-1556.7 97
-1556.5 87
-1556.3 114
-1556.1 102
-1555.9 94
-1555.7 94
-1555.5 100
-1555.3 114
-1555.1 115
-1554.9 81
-1554.7 87
-1554.5 102
-1554.3 107
-1554.1 104
-1553.9 98
-1553.7 99
-1553.5 103
-1553.3 99
-1553.1 107
-1552.9 112
-1552.7 82
-1552.5 104
-1552.3 96
-1552.1 99
-1551.9 77
-1551.7 99
-1551.5 101
-1551.3 99
-1551.1 91
-1550.9 72
-1550.7 92
-1550.5 102
-1550.3 101
-1550.1 105
-1549.9 107
-1549.7 93
-1549.5 73
-1549.3 92
-1549.1 89
-1548.9 95
-1548.7 111
-1548.5 78
-1548.3 95
-1548.1 94
-1547.9 79
-1547.7 96
-1547.5 72
-1547.3 91
-1547.1 88
-1546.9 88
-1546.7 86
-1546.5 94
-1546.3 97
-1546.1 92
-1545.9 90
-1545.7 95
-1545.5 85
-1545.3 91
-1545.1 100
-1544.9 95
-1544.7 92
-1544.5 94
-1544.3 81
-1544.1 90
-1543.9 85
-1543.7 82
-1543.5 84
-1543.3 93
-1543.1 79
-1542.9 78
-1542.7 81
-1542.5 105
-1542.3 86
-1542.1 102
-1541.9 94
-1541.7 68
-1541.5 81
-1541.3 72
-1541.1 74
-1540.9 91
-1540.7 81
-1540.5 95
-1540.3 73
-1540.1 83
-1539.9 83
-1539.7 96
-1539.5 92
-1539.3 86
-1539.1 92
-1538.9 95
-1538.7 73
-1538.5 91
-1538.3 80
-1538.1 66
-1537.9 90
-1537.7 83
-1537.5 91
-1537.3 83
-1537.1 80
-1536.9 90
-1536.7 68
-1536.5 73
-1536.3 76
-1536.1 82
-1535.9 85
-1535.7 82
-1535.5 96
-1535.3 85
-1535.1 83
-1534.9 91
-1534.7 86
-1534.5 78
-1534.3 97
-1534.1 82
-1533.9 85
-1533.7 96
-1533.5 76
-1533.3 77
-1533.1 84
-1532.9 82
-1532.7 81
-1532.5 75
-1532.3 80
-1532.1 75
-1531.9 80
-1531.7 107
-1531.5 72
-1531.3 92
-1531.1 102
-1530.9 77
-1530.7 99
-1530.5 82
-1530.3 80
-1530.1 80
-1529.9 95
-1529.7 87
-1529.5 74
-1529.3 67
-1529.1 76
-1528.9 86
-1528.7 84
-1528.5 96
-1528.3 83
-1528.1 84
-1527.9 88
-1527.7 100
-1527.5 81
-1527.3 95
-1527.1 77
-1526.9 86
-1526.7 93
-1526.5 70
-1526.3 76
-1526.1 85
-1525.9 70
-1525.7 84
-1525.5 91
-1525.3 79
-1525.1 84
-1524.9 84
-1524.7 79
-1524.5 76
-1524.3 77
-1524.1 79
-1523.9 73
-1523.7 94
-1523.5 85
-1523.3 70
-1523.1 64
-1522.9 59
-1522.7 60
-1522.5 71
-1522.3 104
-1522.1 94
-1521.9 79
-1521.7 69
-1521.5 88
-1521.3 98
-1521.1 86
-1520.9 88
-1520.7 77
-1520.5 86
-1520.3 87
-1520.1 68
-1519.9 64
-1519.7 84
-1519.5 87
-1519.3 77
-1519.1 68
-1518.9 83
-1518.7 58
-1518.5 86
-1518.3 78
-1518.1 105
-1517.9 73
-1517.7 86
-1517.5 89
-1517.3 83
-1517.1 61
-1516.9 96
-1516.7 80
-1516.5 89
-1516.3 86
-1516.1 84
-1515.9 77
-1515.7 84
-1515.5 72
-1515.3 87
-1515.1 75
-1514.9 90
-1514.7 85
-1514.5 89
-1514.3 86
-1514.1 74
-1513.9 67
-1513.7 81
-1513.5 80
-1513.3 78
-1513.1 80
-1512.9 78
-1512.7 76
-1512.5 80
-1512.3 94
-1512.1 85
-1511.9 88
-1511.7 80
-1511.5 93
-1511.3 91
-1511.1 83
-1510.9 75
-1510.7 80
-1510.5 94
-1510.3 67
-1510.1 73
-1509.9 65
-1509.7 77
-1509.5 69
-1509.3 80
-1509.1 85
-1508.9 79
-1508.7 96
-1508.5 75
-1508.3 76
-1508.1 82
-1507.9 80
-1507.7 84
-1507.5 80
-1507.3 87
-1507.1 75
-1506.9 80
-1506.7 73
-1506.5 70
-1506.3 74
-1506.1 91
-1505.9 70
-1505.7 65
-1505.5 70
-1505.3 84
-1505.1 69
-1504.9 73
-1504.7 67
-1504.5 72
-1504.3 81
-1504.1 84
-1503.9 77
-1503.7 89
-1503.5 76
-1503.3 83
-1503.1 87
-1502.9 98
-1502.7 84
-1502.5 96
-1502.3 75
-1502.1 80
-1501.9 78
-1501.7 68
-1501.5 92
-1501.3 77
-1501.1 72
-1500.9 90
-1500.7 72
-1500.5 87
-1500.3 78
-1500.1 97
-1499.9 94
-1499.7 93
-1499.5 83
-1499.3 101
-1499.1 97
-1498.9 86
-1498.7 87
-1498.5 92
-1498.3 88
-1498.1 92
-1497.9 81
-1497.7 87
-1497.5 73
-1497.3 84
-1497.1 87
-1496.9 108
-1496.7 102
-1496.5 106
-1496.3 106
-1496.1 84
-1495.9 89
-1495.7 80
-1495.5 90
-1495.3 98
-1495.1 68
-1494.9 86
-1494.7 104
-1494.5 83
-1494.3 107
-1494.1 87
-1493.9 102
-1493.7 81
-1493.5 82
-1493.3 77
-1493.1 78
-1492.9 93
-1492.7 81
-1492.5 69
-1492.3 92
-1492.1 100
-1491.9 82
-1491.7 72
-1491.5 71
-1491.3 92
-1491.1 76
-1490.9 83
-1490.7 81
-1490.5 59
-1490.3 71
-1490.1 80
-1489.9 87
-1489.7 75
-1489.5 93
-1489.3 89
-1489.1 88
-1488.9 72
-1488.7 63
-1488.5 76
-1488.3 81
-1488.1 85
-1487.9 77
-1487.7 74
-1487.5 74
-1487.3 66
-1487.1 79
-1486.9 64
-1486.7 84
-1486.5 73
-1486.3 78
-1486.1 88
-1485.9 112
-1485.7 83
-1485.5 63
-1485.3 81
-1485.1 72
-1484.9 92
-1484.7 70
-1484.5 84
-1484.3 90
-1484.1 78
-1483.9 78
-1483.7 87
-1483.5 91
-1483.3 83
-1483.1 84
-1482.9 79
-1482.7 81
-1482.5 97
-1482.3 93
-1482.1 83
-1481.9 89
-1481.7 86
-1481.5 89
-1481.3 101
-1481.1 88
-1480.9 84
-1480.7 93
-1480.5 92
-1480.3 76
-1480.1 87
-1479.9 89
-1479.7 92
-1479.5 91
-1479.3 74
-1479.1 78
-1478.9 97
-1478.7 89
-1478.5 89
-1478.3 87
-1478.1 105
-1477.9 80
-1477.7 85
-1477.5 99
-1477.3 93
-1477.1 92
-1476.9 79
-1476.7 92
-1476.5 86
-1476.3 84
-1476.1 76
-1475.9 93
-1475.7 81
-1475.5 72
-1475.3 74
-1475.1 79
-1474.9 88
-1474.7 83
-1474.5 83
-1474.3 79
-1474.1 78
-1473.9 75
-1473.7 73
-1473.5 74
-1473.3 83
-1473.1 74
-1472.9 88
-1472.7 84
-1472.5 77
-1472.3 64
-1472.1 72
-1471.9 89
-1471.7 68
-1471.5 74
-1471.3 63
-1471.1 94
-1470.9 83
-1470.7 78
-1470.5 83
-1470.3 72
-1470.1 77
-1469.9 87
-1469.7 89
-1469.5 74
-1469.3 76
-1469.1 72
-1468.9 83
-1468.7 87
-1468.5 86
-1468.3 87
-1468.1 78
-1467.9 74
-1467.7 93
-1467.5 87
-1467.3 68
-1467.1 80
-1466.9 80
-1466.7 89
-1466.5 75
-1466.3 81
-1466.1 74
-1465.9 91
-1465.7 66
-1465.5 101
-1465.3 83
-1465.1 76
-1464.9 105
-1464.7 91
-1464.5 80
-1464.3 66
-1464.1 90
-1463.9 97
-1463.7 112
-1463.5 87
-1463.3 95
-1463.1 87
-1462.9 77
-1462.7 90
-1462.5 83
-1462.3 83
-1462.1 89
-1461.9 88
-1461.7 94
-1461.5 83
-1461.3 104
-1461.1 96
-1460.9 76
-1460.7 78
-1460.5 78
-1460.3 96
-1460.1 66
-1459.9 74
-1459.7 97
-1459.5 87
-1459.3 72
-1459.1 78
-1458.9 118
-1458.7 80
-1458.5 68
-1458.3 79
-1458.1 85
-1457.9 86
-1457.7 78
-1457.5 99
-1457.3 80
-1457.1 83
-1456.9 71
-1456.7 73
-1456.5 73
-1456.3 74
-1456.1 80
-1455.9 63
-1455.7 78
-1455.5 87
-1455.3 73
-1455.1 81
-1454.9 85
-1454.7 81
-1454.5 80
-1454.3 89
-1454.1 64
-1453.9 68
-1453.7 81
-1453.5 64
-1453.3 73
-1453.1 86
-1452.9 72
-1452.7 75
-1452.5 80
-1452.3 85
-1452.1 86
-1451.9 82
-1451.7 77
-1451.5 85
-1451.3 84
-1451.1 76
-1450.9 96
-1450.7 66
-1450.5 75
-1450.3 70
-1450.1 75
-1449.9 86
-1449.7 83
-1449.5 82
-1449.3 88
-1449.1 74
-1448.9 93
-1448.7 89
-1448.5 79
-1448.3 78
-1448.1 117
-1447.9 95
-1447.7 91
-1447.5 96
-1447.3 87
-1447.1 68
-1446.9 72
-1446.7 84
-1446.5 82
-1446.3 72
-1446.1 96
-1445.9 69
-1445.7 80
-1445.5 101
-1445.3 91
-1445.1 90
-1444.9 88
-1444.7 77
-1444.5 97
-1444.3 75
-1444.1 82
-1443.9 83
-1443.7 93
-1443.5 91
-1443.3 76
-1443.1 81
-1442.9 94
-1442.7 89
-1442.5 75
-1442.3 83
-1442.1 81
-1441.9 92
-1441.7 82
-1441.5 76
-1441.3 68
-1441.1 72
-1440.9 64
-1440.7 66
-1440.5 95
-1440.3 77
-1440.1 71
-1439.9 67
-1439.7 62
-1439.5 66
-1439.3 84
-1439.1 81
-1438.9 91
-1438.7 78
-1438.5 68
-1438.3 75
-1438.1 86
-1437.9 100
-1437.7 89
-1437.5 81
-1437.3 85
-1437.1 67
-1436.9 72
-1436.7 88
-1436.5 88
-1436.3 80
-1436.1 81
-1435.9 65
-1435.7 92
-1435.5 78
-1435.3 71
-1435.1 76
-1434.9 84
-1434.7 81
-1434.5 89
-1434.3 84
-1434.1 72
-1433.9 77
-1433.7 80
-1433.5 75
-1433.3 95
-1433.1 79
-1432.9 78
-1432.7 83
-1432.5 86
-1432.3 102
-1432.1 79
-1431.9 72
-1431.7 97
-1431.5 81
-1431.3 92
-1431.1 77
-1430.9 95
-1430.7 82
-1430.5 91
-1430.3 78
-1430.1 77
-1429.9 91
-1429.7 93
-1429.5 81
-1429.3 85
-1429.1 79
-1428.9 84
-1428.7 82
-1428.5 74
-1428.3 96
-1428.1 85
-1427.9 92
-1427.7 79
-1427.5 87
-1427.3 99
-1427.1 102
-1426.9 94
-1426.7 78
-1426.5 67
-1426.3 89
-1426.1 72
-1425.9 87
-1425.7 76
-1425.5 109
-1425.3 76
-1425.1 84
-1424.9 88
-1424.7 75
-1424.5 94
-1424.3 80
-1424.1 90
-1423.9 85
-1423.7 81
-1423.5 87
-1423.3 86
-1423.1 87
-1422.9 77
-1422.7 68
-1422.5 73
-1422.3 82
-1422.1 83
-1421.9 77
-1421.7 80
-1421.5 98
-1421.3 73
-1421.1 70
-1420.9 69
-1420.7 89
-1420.5 88
-1420.3 79
-1420.1 72
-1419.9 81
-1419.7 87
-1419.5 73
-1419.3 79
-1419.1 92
-1418.9 83
-1418.7 99
-1418.5 98
-1418.3 84
-1418.1 73
-1417.9 84
-1417.7 109
-1417.5 74
-1417.3 83
-1417.1 67
-1416.9 73
-1416.7 95
-1416.5 73
-1416.3 77
-1416.1 94
-1415.9 70
-1415.7 74
-1415.5 75
-1415.3 84
-1415.1 80
-1414.9 76
-1414.7 78
-1414.5 87
-1414.3 85
-1414.1 87
-1413.9 66
-1413.7 79
-1413.5 88
-1413.3 101
-1413.1 74
-1412.9 70
-1412.7 71
-1412.5 77
-1412.3 78
-1412.1 95
-1411.9 81
-1411.7 77
-1411.5 81
-1411.3 106
-1411.1 78
-1410.9 82
-1410.7 71
-1410.5 89
-1410.3 75
-1410.1 79
-1409.9 69
-1409.7 76
-1409.5 78
-1409.3 73
-1409.1 95
-1408.9 79
-1408.7 93
-1408.5 83
-1408.3 91
-1408.1 80
-1407.9 71
-1407.7 64
-1407.5 79
-1407.3 94
-1407.1 68
-1406.9 85
-1406.7 85
-1406.5 62
-1406.3 68
-1406.1 63
-1405.9 95
-1405.7 90
-1405.5 92
-1405.3 87
-1405.1 88
-1404.9 83
-1404.7 75
-1404.5 93
-1404.3 90
-1404.1 72
-1403.9 88
-1403.7 80
-1403.5 85
-1403.3 74
-1403.1 81
-1402.9 74
-1402.7 91
-1402.5 79
-1402.3 79
-1402.1 73
-1401.9 81
-1401.7 84
-1401.5 81
-1401.3 87
-1401.1 75
-1400.9 77
-1400.7 91
-1400.5 85
-1400.3 87
-1400.1 61
-1399.9 90
-1399.7 66
-1399.5 70
-1399.3 68
-1399.1 73
-1398.9 88
-1398.7 57
-1398.5 92
-1398.3 94
-1398.1 83
-1397.9 79
-1397.7 78
-1397.5 80
-1397.3 88
-1397.1 83
-1396.9 90
-1396.7 96
-1396.5 94
-1396.3 104
-1396.1 66
-1395.9 74
-1395.7 100
-1395.5 92
-1395.3 84
-1395.1 84
-1394.9 78
-1394.7 76
-1394.5 87
-1394.3 74
-1394.1 82
-1393.9 86
-1393.7 89
-1393.5 93
-1393.3 93
-1393.1 86
-1392.9 90
-1392.7 81
-1392.5 88
-1392.3 91
-1392.1 83
-1391.9 67
-1391.7 93
-1391.5 81
-1391.3 76
-1391.1 88
-1390.9 65
-1390.7 69
-1390.5 86
-1390.3 88
-1390.1 85
-1389.9 89
-1389.7 77
-1389.5 82
-1389.3 80
-1389.1 85
-1388.9 75
-1388.7 91
-1388.5 73
-1388.3 90
-1388.1 86
-1387.9 70
-1387.7 85
-1387.5 81
-1387.3 86
-1387.1 84
-1386.9 91
-1386.7 74
-1386.5 79
-1386.3 89
-1386.1 71
-1385.9 80
-1385.7 82
-1385.5 61
-1385.3 72
-1385.1 89
-1384.9 88
-1384.7 77
-1384.5 80
-1384.3 69
-1384.1 91
-1383.9 83
-1383.7 92
-1383.5 77
-1383.3 90
-1383.1 78
-1382.9 66
-1382.7 84
-1382.5 78
-1382.3 80
-1382.1 75
-1381.9 97
-1381.7 74
-1381.5 86
-1381.3 82
-1381.1 75
-1380.9 76
-1380.7 84
-1380.5 78
-1380.3 72
-1380.1 102
-1379.9 79
-1379.7 96
-1379.5 90
-1379.3 98
-1379.1 82
-1378.9 80
-1378.7 94
-1378.5 82
-1378.3 89
-1378.1 75
-1377.9 93
-1377.7 76
-1377.5 81
-1377.3 81
-1377.1 86
-1376.9 89
-1376.7 96
-1376.5 78
-1376.3 81
-1376.1 94
-1375.9 88
-1375.7 69
-1375.5 91
-1375.3 72
-1375.1 80
-1374.9 67
-1374.7 94
-1374.5 88
-1374.3 67
-1374.1 83
-1373.9 68
-1373.7 86
-1373.5 74
-1373.3 76
-1373.1 73
-1372.9 92
-1372.7 78
-1372.5 64
-1372.3 74
-1372.1 85
-1371.9 78
-1371.7 84
-1371.5 79
-1371.3 72
-1371.1 82
-1370.9 81
-1370.7 79
-1370.5 90
-1370.3 84
-1370.1 89
-1369.9 80
-1369.7 78
-1369.5 73
-1369.3 76
-1369.1 87
-1368.9 68
-1368.7 87
-1368.5 73
-1368.3 77
-1368.1 77
-1367.9 69
-1367.7 75
-1367.5 79
-1367.3 87
-1367.1 77
-1366.9 95
-1366.7 76
-1366.5 68
-1366.3 77
-1366.1 78
-1365.9 82
-1365.7 89
-1365.5 68
-1365.3 73
-1365.1 82
-1364.9 72
-1364.7 81
-1364.5 91
-1364.3 77
-1364.1 83
-1363.9 84
-1363.7 81
-1363.5 81
-1363.3 78
-1363.1 73
-1362.9 61
-1362.7 77
-1362.5 89
-1362.3 79
-1362.1 61
-1361.9 81
-1361.7 76
-1361.5 78
-1361.3 80
-1361.1 63
-1360.9 63
-1360.7 84
-1360.5 80
-1360.3 70
-1360.1 86
-1359.9 77
-1359.7 57
-1359.5 78
-1359.3 72
-1359.1 66
-1358.9 55
-1358.7 58
-1358.5 47
-1358.3 63
-1358.1 77
-1357.9 40
-1357.7 62
-1357.5 67
-1357.3 65
-1357.1 53
-1356.9 62
-1356.7 46
-1356.5 56
-1356.3 63
-1356.1 59
-1355.9 49
-1355.7 56
-1355.5 49
-1355.3 46
-1355.1 65
-1354.9 57
-1354.7 50
-1354.5 60
-1354.3 52
-1354.1 42
-1353.9 36
-1353.7 55
-1353.5 46
-1353.3 59
-1353.1 48
-1352.9 55
-1352.7 49
-1352.5 35
-1352.3 46
-1352.1 35
-1351.9 35
-1351.7 39
-1351.5 38
-1351.3 51
-1351.1 32
-1350.9 35
-1350.7 43
-1350.5 32
-1350.3 40
-1350.1 45
-1349.9 46
-1349.7 46
-1349.5 36
-1349.3 34
-1349.1 23
-1348.9 30
-1348.7 41
-1348.5 28
-1348.3 35
-1348.1 37
-1347.9 33
-1347.7 38
-1347.5 20
-1347.3 33
-1347.1 37
-1346.9 27
-1346.7 31
-1346.5 23
-1346.3 39
-1346.1 23
-1345.9 23
-1345.7 26
-1345.5 24
-1345.3 36
-1345.1 37
-1344.9 24
-1344.7 32
-1344.5 25
-1344.3 32
-1344.1 35
-1343.9 34
-1343.7 30
-1343.5 20
-1343.3 20
-1343.1 26
-1342.9 19
-1342.7 24
-1342.5 25
-1342.3 30
-1342.1 29
-1341.9 22
-1341.7 26
-1341.5 16
-1341.3 23
-1341.1 17
-1340.9 24
-1340.7 14
-1340.5 21
-1340.3 20
-1340.1 18
-1339.9 20
-1339.7 15
-1339.5 28
-1339.3 19
-1339.1 14
-1338.9 17
-1338.7 13
-1338.5 10
-1338.3 18
-1338.1 20
-1337.9 18
-1337.7 24
-1337.5 11
-1337.3 9
-1337.1 19
-1336.9 7
-1336.7 17
-1336.5 13
-1336.3 15
-1336.1 16
-1335.9 16
-1335.7 12
-1335.5 14
-1335.3 9
-1335.1 12
-1334.9 15
-1334.7 10
-1334.5 13
-1334.3 12
-1334.1 14
-1333.9 10
-1333.7 6
-1333.5 11
-1333.3 6
-1333.1 4
-1332.9 8
-1332.7 8
-1332.5 9
-1332.3 10
-1332.1 11
-1331.9 10
-1331.7 6
-1331.5 11
-1331.3 8
-1331.1 5
-1330.9 7
-1330.7 11
-1330.5 7
-1330.3 9
-1330.1 8
-1329.9 9
-1329.7 9
-1329.5 8
-1329.3 4
-1329.1 8
-1328.9 9
-1328.7 2
-1328.5 5
-1328.3 6
-1328.1 3
-1327.9 7
-1327.7 3
-1327.5 9
-1327.3 2
-1327.1 6
-1326.9 10
-1326.7 4
-1326.5 1
-1326.3 4
-1326.1 4
-1325.9 3
-1325.7 4
-1325.5 1
-1325.3 0
-1325.1 2
-1324.9 3
-1324.7 3
-1324.5 6
-1324.3 3
-1324.1 1
-1323.9 1
-1323.7 5
-1323.5 1
-1323.3 2
-1323.1 3
-1322.9 4
-1322.7 2
-1322.5 2
-1322.3 1
-1322.1 3
-1321.9 2
-1321.7 3
-1321.5 1
-1321.3 1
-1321.1 1
-1320.9 1
-1320.7 0
-1320.5 2
-1320.3 1
-1320.1 1
-1319.9 1
-1319.7 1
-1319.5 0
-1319.3 4
-1319.1 1
-1318.9 0
-1318.7 2
-1318.5 2
-1318.3 5
-1318.1 3
-1317.9 5
-1317.7 4
-1317.5 1
-1317.3 1
-1317.1 1
-1316.9 1
-1316.7 2
-1316.5 2
-1316.3 2
-1316.1 0
-1315.9 0
-1315.7 0
-1315.5 0
-1315.3 0
-1315.1 0
-1314.9 0
-1314.7 1
-1314.5 0
-1314.3 1
-1314.1 1
-1313.9 1
-1313.7 0
-1313.5 2
-1313.3 0
-1313.1 1
-1312.9 0
-1312.7 1
-1312.5 1
-1312.3 1
-1312.1 0
-1311.9 0
-1311.7 0
-1311.5 0
-1311.3 1
-1311.1 0
-1310.9 1
-1310.7 0
-1310.5 0
-1310.3 2
-1310.1 1
-1309.9 1
-1309.7 1
-1309.5 0
-1309.3 4
-1309.1 1
-1308.9 2
-1308.7 1
-1308.5 0
-1308.3 0
-1308.1 1
-1307.9 1
-1307.7 3
-1307.5 2
-1307.3 2
-1307.1 0
-1306.9 1
-1306.7 1
-1306.5 1
-1306.3 0
-1306.1 2
-1305.9 0
-1305.7 2
-1305.5 0
-1305.3 0
-1305.1 2
-1304.9 0
-1304.7 0
-1304.5 0
-1304.3 1
-1304.1 3
-1303.9 0
-1303.7 1
-1303.5 2
-1303.3 0
-1303.1 1
-1302.9 1
-1302.7 0
-1302.5 0
-1302.3 1
-1302.1 3
-1301.9 3
-1301.7 1
-1301.5 2
-1301.3 0
-1301.1 2
-1300.9 2
-1300.7 1
-1300.5 0
-1300.3 2
-1300.1 1
