-1589.9 0
-1589.7 0
-1589.5 0
-1589.3 0
-1589.1 0
-1588.9 0
-1588.7 0
-1588.5 1
-1588.3 0
-1588.1 0
-1587.9 0
-1587.7 0
-1587.5 0
-1587.3 0
-1587.1 0
-1586.9 0
-1586.7 0
-1586.5 0
-1586.3 0
-1586.1 0
-1585.9 0
-1585.7 0
-1585.5 0
-1585.3 0
-1585.1 0
-1584.9 1
-1584.7 0
-1584.5 0
-1584.3 0
-1584.1 0
-1583.9 0
-1583.7 0
-1583.5 0
-1583.3 0
-1583.1 0
-1582.9 0
-1582.7 0
-1582.5 0
-1582.3 1
-1582.1 0
-1581.9 0
-1581.7 0
-1581.5 0
-1581.3 0
-1581.1 0
-1580.9 0
-1580.7 0
-1580.5 0
-1580.3 0
-1580.1 0
-1579.9 1
-1579.7 1
-1579.5 0
-1579.3 0
-1579.1 1
-1578.9 0
-1578.7 1
-1578.5 0
-1578.3 1
-1578.1 4
-1577.9 3
-1577.7 2
-1577.5 4
-1577.3 4
-1577.1 6
-1576.9 3
-1576.7 2
-1576.5 7
-1576.3 9
-1576.1 10
-1575.9 8
-1575.7 15
-1575.5 8
-1575.3 9
-1575.1 15
-1574.9 17
-1574.7 11
-1574.5 26
-1574.3 19
-1574.1 23
-1573.9 23
-1573.7 26
-1573.5 26
-1573.3 36
-1573.1 40
-1572.9 42
-1572.7 39
-1572.5 27
-1572.3 40
-1572.1 44
-1571.9 36
-1571.7 43
-1571.5 38
-1571.3 46
-1571.1 61
-1570.9 58
-1570.7 71
-1570.5 79
-1570.3 69
-1570.1 69
-1569.9 59
-1569.7 78
-1569.5 74
-1569.3 80
-1569.1 84
-1568.9 100
-1568.7 100
-1568.5 110
-1568.3 103
-1568.1 130
-1567.9 110
-1567.7 136
-1567.5 125
-1567.3 123
-1567.1 131
-1566.9 138
-1566.7 136
-1566.5 107
-1566.3 125
-1566.1 126
-1565.9 167
-1565.7 117
-1565.5 117
-1565.3 135
-1565.1 123
-1564.9 130
-1564.7 138
-1564.5 150
-1564.3 144
-1564.1 153
-1563.9 144
-1563.7 171
-1563.5 116
-1563.3 131
-1563.1 141
-1562.9 141
-1562.7 124
-1562.5 144
-1562.3 145
-1562.1 138
-1561.9 129
-1561.7 151
-1561.5 120
-1561.3 115
-1561.1 128
-1560.9 130
-1560.7 110
-1560.5 121
-1560.3 134
-1560.1 131
-1559.9 99
-1559.7 119
-1559.5 135
-1559.3 152
-1559.1 133
-1558.9 119
-1558.7 112
-1558.5 125
-1558.3 129
-1558.1 117
-1557.9 113
-1557.7 95
-1557.5 87
-1557.3 122
-1557.1 119
-1556.9 110
-1556.7 137
-1556.5 95
-1556.3 95
-1556.1 95
-1555.9 98
-1555.7 98
-1555.5 96
-1555.3 101
-1555.1 109
-1554.9 111
-1554.7 103
-1554.5 87
-1554.3 117
-1554.1 103
-1553.9 90
-1553.7 96
-1553.5 116
-1553.3 95
-1553.1 99
-1552.9 95
-1552.7 99
-1552.5 100
-1552.3 115
-1552.1 75
-1551.9 105
-1551.7 97
-1551.5 104
-1551.3 109
-1551.1 99
-1550.9 89
-1550.7 94
-1550.5 98
-1550.3 87
-1550.1 99
-1549.9 93
-1549.7 93
-1549.5 102
-1549.3 97
-1549.1 85
-1548.9 103
-1548.7 107
-1548.5 95
-1548.3 81
-1548.1 87
-1547.9 90
-1547.7 76
-1547.5 91
-1547.3 81
-1547.1 87
-1546.9 93
-1546.7 88
-1546.5 80
-1546.3 91
-1546.1 93
-1545.9 89
-1545.7 89
-1545.5 97
-1545.3 87
-1545.1 72
-1544.9 94
-1544.7 81
-1544.5 83
-1544.3 88
-1544.1 75
-1543.9 79
-1543.7 85
-1543.5 85
-1543.3 73
-1543.1 79
-1542.9 99
-1542.7 77
-1542.5 90
-1542.3 79
-1542.1 70
-1541.9 78
-1541.7 83
-1541.5 106
-1541.3 93
-1541.1 97
-1540.9 87
-1540.7 76
-1540.5 95
-1540.3 83
-1540.1 93
-1539.9 81
-1539.7 100
-1539.5 81
-1539.3 75
-1539.1 92
-1538.9 75
-1538.7 88
-1538.5 72
-1538.3 85
-1538.1 91
-1537.9 94
-1537.7 81
-1537.5 73
-1537.3 99
-1537.1 78
-1536.9 90
-1536.7 80
-1536.5 76
-1536.3 68
-1536.1 69
-1535.9 94
-1535.7 90
-1535.5 84
-1535.3 90
-1535.1 82
-1534.9 87
-1534.7 77
-1534.5 80
-1534.3 69
-1534.1 91
-1533.9 88
-1533.7 70
-1533.5 84
-1533.3 77
-1533.1 82
-1532.9 90
-1532.7 100
-1532.5 79
-1532.3 93
-1532.1 90
-1531.9 80
-1531.7 77
-1531.5 88
-1531.3 89
-1531.1 89
-1530.9 100
-1530.7 91
-1530.5 82
-1530.3 96
-1530.1 82
-1529.9 86
-1529.7 81
-1529.5 85
-1529.3 87
-1529.1 69
-1528.9 79
-1528.7 90
-1528.5 86
-1528.3 92
-1528.1 88
-1527.9 86
-1527.7 79
-1527.5 71
-1527.3 95
-1527.1 85
-1526.9 70
-1526.7 87
-1526.5 70
-1526.3 85
-1526.1 78
-1525.9 75
-1525.7 95
-1525.5 82
-1525.3 86
-1525.1 96
-1524.9 84
-1524.7 77
-1524.5 95
-1524.3 84
-1524.1 79
-1523.9 74
-1523.7 72
-1523.5 70
-1523.3 67
-1523.1 83
-1522.9 84
-1522.7 74
-1522.5 72
-1522.3 84
-1522.1 87
-1521.9 93
-1521.7 87
-1521.5 88
-1521.3 76
-1521.1 75
-1520.9 79
-1520.7 87
-1520.5 80
-1520.3 73
-1520.1 81
-1519.9 74
-1519.7 67
-1519.5 101
-1519.3 84
-1519.1 77
-1518.9 68
-1518.7 90
-1518.5 85
-1518.3 87
-1518.1 72
-1517.9 89
-1517.7 76
-1517.5 76
-1517.3 72
-1517.1 79
-1516.9 61
-1516.7 76
-1516.5 97
-1516.3 73
-1516.1 82
-1515.9 82
-1515.7 93
-1515.5 79
-1515.3 64
-1515.1 75
-1514.9 79
-1514.7 82
-1514.5 73
-1514.3 66
-1514.1 99
-1513.9 104
-1513.7 84
-1513.5 78
-1513.3 76
-1513.1 74
-1512.9 93
-1512.7 72
-1512.5 79
-1512.3 85
-1512.1 89
-1511.9 88
-1511.7 89
-1511.5 75
-1511.3 89
-1511.1 86
-1510.9 82
-1510.7 78
-1510.5 75
-1510.3 82
-1510.1 90
-1509.9 81
-1509.7 88
-1509.5 89
-1509.3 89
-1509.1 88
-1508.9 73
-1508.7 93
-1508.5 73
-1508.3 82
-1508.1 67
-1507.9 85
-1507.7 75
-1507.5 94
-1507.3 86
-1507.1 69
-1506.9 80
-1506.7 68
-1506.5 94
-1506.3 91
-1506.1 64
-1505.9 85
-1505.7 76
-1505.5 90
-1505.3 73
-1505.1 86
-1504.9 72
-1504.7 59
-1504.5 69
-1504.3 102
-1504.1 84
-1503.9 86
-1503.7 79
-1503.5 100
-1503.3 80
-1503.1 74
-1502.9 65
-1502.7 88
-1502.5 80
-1502.3 65
-1502.1 81
-1501.9 73
-1501.7 90
-1501.5 84
-1501.3 96
-1501.1 97
-1500.9 75
-1500.7 73
-1500.5 79
-1500.3 74
-1500.1 79
-1499.9 85
-1499.7 95
-1499.5 67
-1499.3 96
-1499.1 62
-1498.9 89
-1498.7 86
-1498.5 80
-1498.3 85
-1498.1 93
-1497.9 74
-1497.7 88
-1497.5 86
-1497.3 74
-1497.1 86
-1496.9 74
-1496.7 75
-1496.5 108
-1496.3 83
-1496.1 80
-1495.9 82
-1495.7 82
-1495.5 86
-1495.3 87
-1495.1 85
-1494.9 90
-1494.7 79
-1494.5 76
-1494.3 84
-1494.1 96
-1493.9 66
-1493.7 84
-1493.5 87
-1493.3 86
-1493.1 89
-1492.9 83
-1492.7 92
-1492.5 94
-1492.3 97
-1492.1 85
-1491.9 86
-1491.7 67
-1491.5 82
-1491.3 90
-1491.1 97
-1490.9 83
-1490.7 96
-1490.5 100
-1490.3 80
-1490.1 82
-1489.9 89
-1489.7 86
-1489.5 87
-1489.3 97
-1489.1 75
-1488.9 65
-1488.7 67
-1488.5 74
-1488.3 74
-1488.1 74
-1487.9 91
-1487.7 97
-1487.5 91
-1487.3 91
-1487.1 82
-1486.9 76
-1486.7 68
-1486.5 100
-1486.3 76
-1486.1 90
-1485.9 84
-1485.7 76
-1485.5 67
-1485.3 72
-1485.1 100
-1484.9 59
-1484.7 75
-1484.5 80
-1484.3 74
-1484.1 78
-1483.9 71
-1483.7 85
-1483.5 76
-1483.3 86
-1483.1 90
-1482.9 73
-1482.7 90
-1482.5 81
-1482.3 77
-1482.1 80
-1481.9 78
-1481.7 85
-1481.5 77
-1481.3 76
-1481.1 82
-1480.9 94
-1480.7 66
-1480.5 76
-1480.3 82
-1480.1 84
-1479.9 105
-1479.7 80
-1479.5 89
-1479.3 91
-1479.1 68
-1478.9 83
-1478.7 86
-1478.5 73
-1478.3 90
-1478.1 85
-1477.9 99
-1477.7 89
-1477.5 82
-1477.3 91
-1477.1 79
-1476.9 91
-1476.7 77
-1476.5 78
-1476.3 79
-1476.1 105
-1475.9 84
-1475.7 69
-1475.5 83
-1475.3 92
-1475.1 109
-1474.9 78
-1474.7 75
-1474.5 94
-1474.3 89
-1474.1 83
-1473.9 85
-1473.7 88
-1473.5 87
-1473.3 86
-1473.1 69
-1472.9 93
-1472.7 73
-1472.5 93
-1472.3 75
-1472.1 63
-1471.9 77
-1471.7 93
-1471.5 89
-1471.3 76
-1471.1 83
-1470.9 90
-1470.7 69
-1470.5 93
-1470.3 79
-1470.1 76
-1469.9 83
-1469.7 80
-1469.5 81
-1469.3 99
-1469.1 89
-1468.9 76
-1468.7 89
-1468.5 87
-1468.3 91
-1468.1 83
-1467.9 92
-1467.7 74
-1467.5 86
-1467.3 78
-1467.1 81
-1466.9 72
-1466.7 80
-1466.5 99
-1466.3 88
-1466.1 71
-1465.9 96
-1465.7 87
-1465.5 91
-1465.3 80
-1465.1 92
-1464.9 81
-1464.7 88
-1464.5 77
-1464.3 78
-1464.1 67
-1463.9 85
-1463.7 89
-1463.5 79
-1463.3 75
-1463.1 85
-1462.9 87
-1462.7 77
-1462.5 83
-1462.3 78
-1462.1 66
-1461.9 82
-1461.7 88
-1461.5 80
-1461.3 99
-1461.1 84
-1460.9 80
-1460.7 87
-1460.5 87
-1460.3 79
-1460.1 97
-1459.9 97
-1459.7 80
-1459.5 78
-1459.3 87
-1459.1 86
-1458.9 90
-1458.7 82
-1458.5 87
-1458.3 82
-1458.1 78
-1457.9 92
-1457.7 78
-1457.5 81
-1457.3 77
-1457.1 73
-1456.9 75
-1456.7 71
-1456.5 95
-1456.3 79
-1456.1 70
-1455.9 68
-1455.7 91
-1455.5 106
-1455.3 84
-1455.1 87
-1454.9 95
-1454.7 73
-1454.5 85
-1454.3 84
-1454.1 77
-1453.9 76
-1453.7 77
-1453.5 93
-1453.3 73
-1453.1 99
-1452.9 73
-1452.7 72
-1452.5 86
-1452.3 67
-1452.1 85
-1451.9 87
-1451.7 72
-1451.5 79
-1451.3 79
-1451.1 75
-1450.9 94
-1450.7 70
-1450.5 84
-1450.3 88
-1450.1 57
-1449.9 93
-1449.7 81
-1449.5 83
-1449.3 88
-1449.1 88
-1448.9 80
-1448.7 83
-1448.5 77
-1448.3 80
-1448.1 86
-1447.9 80
-1447.7 84
-1447.5 70
-1447.3 71
-1447.1 86
-1446.9 85
-1446.7 78
-1446.5 61
-1446.3 79
-1446.1 74
-1445.9 82
-1445.7 80
-1445.5 81
-1445.3 80
-1445.1 90
-1444.9 88
-1444.7 77
-1444.5 67
-1444.3 76
-1444.1 82
-1443.9 83
-1443.7 87
-1443.5 89
-1443.3 85
-1443.1 79
-1442.9 59
-1442.7 85
-1442.5 74
-1442.3 64
-1442.1 79
-1441.9 72
-1441.7 74
-1441.5 74
-1441.3 71
-1441.1 86
-1440.9 81
-1440.7 79
-1440.5 99
-1440.3 54
-1440.1 83
-1439.9 76
-1439.7 77
-1439.5 79
-1439.3 86
-1439.1 88
-1438.9 75
-1438.7 84
-1438.5 71
-1438.3 92
-1438.1 95
-1437.9 68
-1437.7 86
-1437.5 71
-1437.3 96
-1437.1 90
-1436.9 77
-1436.7 81
-1436.5 84
-1436.3 84
-1436.1 71
-1435.9 86
-1435.7 83
-1435.5 70
-1435.3 66
-1435.1 82
-1434.9 84
-1434.7 66
-1434.5 82
-1434.3 90
-1434.1 68
-1433.9 74
-1433.7 84
-1433.5 62
-1433.3 77
-1433.1 98
-1432.9 78
-1432.7 92
-1432.5 74
-1432.3 80
-1432.1 77
-1431.9 77
-1431.7 78
-1431.5 89
-1431.3 75
-1431.1 76
-1430.9 86
-1430.7 91
-1430.5 85
-1430.3 73
-1430.1 89
-1429.9 85
-1429.7 92
-1429.5 78
-1429.3 74
-1429.1 80
-1428.9 92
-1428.7 76
-1428.5 85
-1428.3 62
-1428.1 71
-1427.9 74
-1427.7 86
-1427.5 83
-1427.3 72
-1427.1 93
-1426.9 77
-1426.7 82
-1426.5 72
-1426.3 77
-1426.1 77
-1425.9 96
-1425.7 99
-1425.5 85
-1425.3 86
-1425.1 90
-1424.9 78
-1424.7 84
-1424.5 75
-1424.3 76
-1424.1 69
-1423.9 102
-1423.7 79
-1423.5 79
-1423.3 99
-1423.1 83
-1422.9 89
-1422.7 69
-1422.5 89
-1422.3 69
-1422.1 87
-1421.9 70
-1421.7 96
-1421.5 89
-1421.3 80
-1421.1 90
-1420.9 77
-1420.7 85
-1420.5 84
-1420.3 83
-1420.1 73
-1419.9 80
-1419.7 83
-1419.5 82
-1419.3 77
-1419.1 88
-1418.9 75
-1418.7 85
-1418.5 94
-1418.3 95
-1418.1 75
-1417.9 86
-1417.7 80
-1417.5 84
-1417.3 69
-1417.1 80
-1416.9 86
-1416.7 71
-1416.5 66
-1416.3 74
-1416.1 78
-1415.9 98
-1415.7 82
-1415.5 85
-1415.3 91
-1415.1 83
-1414.9 78
-1414.7 79
-1414.5 59
-1414.3 75
-1414.1 84
-1413.9 104
-1413.7 96
-1413.5 82
-1413.3 84
-1413.1 113
-1412.9 83
-1412.7 63
-1412.5 92
-1412.3 88
-1412.1 71
-1411.9 75
-1411.7 95
-1411.5 86
-1411.3 96
-1411.1 75
-1410.9 87
-1410.7 82
-1410.5 78
-1410.3 81
-1410.1 84
-1409.9 69
-1409.7 71
-1409.5 68
-1409.3 88
-1409.1 68
-1408.9 70
-1408.7 79
-1408.5 86
-1408.3 77
-1408.1 87
-1407.9 68
-1407.7 71
-1407.5 76
-1407.3 78
-1407.1 76
-1406.9 74
-1406.7 83
-1406.5 90
-1406.3 69
-1406.1 92
-1405.9 68
-1405.7 90
-1405.5 87
-1405.3 84
-1405.1 82
-1404.9 70
-1404.7 91
-1404.5 92
-1404.3 73
-1404.1 92
-1403.9 82
-1403.7 88
-1403.5 78
-1403.3 78
-1403.1 85
-1402.9 75
-1402.7 89
-1402.5 79
-1402.3 93
-1402.1 99
-1401.9 87
-1401.7 89
-1401.5 84
-1401.3 68
-1401.1 68
-1400.9 82
-1400.7 86
-1400.5 81
-1400.3 89
-1400.1 93
-1399.9 84
-1399.7 78
-1399.5 79
-1399.3 70
-1399.1 87
-1398.9 77
-1398.7 100
-1398.5 79
-1398.3 89
-1398.1 93
-1397.9 83
-1397.7 96
-1397.5 82
-1397.3 90
-1397.1 73
-1396.9 100
-1396.7 83
-1396.5 101
-1396.3 81
-1396.1 69
-1395.9 92
-1395.7 85
-1395.5 78
-1395.3 87
-1395.1 88
-1394.9 69
-1394.7 93
-1394.5 82
-1394.3 69
-1394.1 89
-1393.9 89
-1393.7 71
-1393.5 85
-1393.3 88
-1393.1 70
-1392.9 57
-1392.7 69
-1392.5 80
-1392.3 79
-1392.1 82
-1391.9 86
-1391.7 72
-1391.5 82
-1391.3 79
-1391.1 81
-1390.9 82
-1390.7 79
-1390.5 84
-1390.3 83
-1390.1 97
-1389.9 80
-1389.7 85
-1389.5 67
-1389.3 72
-1389.1 91
-1388.9 75
-1388.7 85
-1388.5 86
-1388.3 79
-1388.1 95
-1387.9 108
-1387.7 87
-1387.5 74
-1387.3 70
-1387.1 78
-1386.9 77
-1386.7 94
-1386.5 80
-1386.3 64
-1386.1 81
-1385.9 74
-1385.7 72
-1385.5 68
-1385.3 83
-1385.1 76
-1384.9 77
-1384.7 83
-1384.5 90
-1384.3 78
-1384.1 93
-1383.9 76
-1383.7 75
-1383.5 87
-1383.3 75
-1383.1 84
-1382.9 77
-1382.7 87
-1382.5 81
-1382.3 86
-1382.1 87
-1381.9 78
-1381.7 93
-1381.5 81
-1381.3 71
-1381.1 80
-1380.9 76
-1380.7 72
-1380.5 67
-1380.3 77
-1380.1 84
-1379.9 73
-1379.7 90
-1379.5 73
-1379.3 76
-1379.1 74
-1378.9 90
-1378.7 72
-1378.5 64
-1378.3 79
-1378.1 83
-1377.9 81
-1377.7 71
-1377.5 67
-1377.3 85
-1377.1 81
-1376.9 60
-1376.7 86
-1376.5 58
-1376.3 75
-1376.1 81
-1375.9 75
-1375.7 91
-1375.5 91
-1375.3 74
-1375.1 89
-1374.9 79
-1374.7 81
-1374.5 78
-1374.3 86
-1374.1 89
-1373.9 78
-1373.7 87
-1373.5 85
-1373.3 84
-1373.1 75
-1372.9 87
-1372.7 94
-1372.5 81
-1372.3 80
-1372.1 83
-1371.9 85
-1371.7 69
-1371.5 88
-1371.3 89
-1371.1 77
-1370.9 88
-1370.7 79
-1370.5 73
-1370.3 97
-1370.1 76
-1369.9 88
-1369.7 72
-1369.5 84
-1369.3 86
-1369.1 88
-1368.9 87
-1368.7 81
-1368.5 67
-1368.3 89
-1368.1 77
-1367.9 69
-1367.7 78
-1367.5 83
-1367.3 78
-1367.1 70
-1366.9 68
-1366.7 80
-1366.5 89
-1366.3 70
-1366.1 64
-1365.9 75
-1365.7 78
-1365.5 75
-1365.3 85
-1365.1 74
-1364.9 84
-1364.7 66
-1364.5 68
-1364.3 75
-1364.1 81
-1363.9 71
-1363.7 61
-1363.5 78
-1363.3 70
-1363.1 81
-1362.9 73
-1362.7 81
-1362.5 101
-1362.3 73
-1362.1 72
-1361.9 63
-1361.7 64
-1361.5 80
-1361.3 96
-1361.1 85
-1360.9 62
-1360.7 74
-1360.5 79
-1360.3 78
-1360.1 61
-1359.9 63
-1359.7 65
-1359.5 78
-1359.3 64
-1359.1 54
-1358.9 60
-1358.7 74
-1358.5 58
-1358.3 65
-1358.1 80
-1357.9 59
-1357.7 68
-1357.5 55
-1357.3 56
-1357.1 60
-1356.9 51
-1356.7 44
-1356.5 52
-1356.3 67
-1356.1 59
-1355.9 65
-1355.7 37
-1355.5 49
-1355.3 49
-1355.1 56
-1354.9 45
-1354.7 71
-1354.5 55
-1354.3 63
-1354.1 44
-1353.9 52
-1353.7 44
-1353.5 54
-1353.3 53
-1353.1 43
-1352.9 46
-1352.7 50
-1352.5 36
-1352.3 43
-1352.1 60
-1351.9 31
-1351.7 43
-1351.5 29
-1351.3 38
-1351.1 37
-1350.9 45
-1350.7 39
-1350.5 45
-1350.3 36
-1350.1 37
-1349.9 41
-1349.7 39
-1349.5 36
-1349.3 27
-1349.1 37
-1348.9 34
-1348.7 28
-1348.5 20
-1348.3 29
-1348.1 42
-1347.9 32
-1347.7 31
-1347.5 38
-1347.3 33
-1347.1 26
-1346.9 25
-1346.7 34
-1346.5 37
-1346.3 26
-1346.1 28
-1345.9 29
-1345.7 27
-1345.5 20
-1345.3 27
-1345.1 29
-1344.9 22
-1344.7 33
-1344.5 18
-1344.3 34
-1344.1 19
-1343.9 18
-1343.7 17
-1343.5 28
-1343.3 14
-1343.1 17
-1342.9 25
-1342.7 22
-1342.5 19
-1342.3 17
-1342.1 15
-1341.9 19
-1341.7 12
-1341.5 17
-1341.3 19
-1341.1 19
-1340.9 16
-1340.7 17
-1340.5 19
-1340.3 17
-1340.1 18
-1339.9 15
-1339.7 17
-1339.5 16
-1339.3 14
-1339.1 17
-1338.9 16
-1338.7 15
-1338.5 15
-1338.3 15
-1338.1 12
-1337.9 14
-1337.7 12
-1337.5 8
-1337.3 9
-1337.1 15
-1336.9 14
-1336.7 8
-1336.5 11
-1336.3 9
-1336.1 9
-1335.9 16
-1335.7 6
-1335.5 12
-1335.3 11
-1335.1 7
-1334.9 12
-1334.7 7
-1334.5 11
-1334.3 4
-1334.1 7
-1333.9 10
-1333.7 7
-1333.5 10
-1333.3 11
-1333.1 3
-1332.9 8
-1332.7 4
-1332.5 10
-1332.3 8
-1332.1 5
-1331.9 8
-1331.7 8
-1331.5 9
-1331.3 8
-1331.1 12
-1330.9 8
-1330.7 6
-1330.5 5
-1330.3 6
-1330.1 3
-1329.9 3
-1329.7 2
-1329.5 7
-1329.3 12
-1329.1 5
-1328.9 8
-1328.7 4
-1328.5 6
-1328.3 5
-1328.1 6
-1327.9 6
-1327.7 5
-1327.5 2
-1327.3 2
-1327.1 4
-1326.9 3
-1326.7 5
-1326.5 0
-1326.3 1
-1326.1 3
-1325.9 2
-1325.7 2
-1325.5 2
-1325.3 5
-1325.1 1
-1324.9 5
-1324.7 2
-1324.5 2
-1324.3 2
-1324.1 2
-1323.9 2
-1323.7 2
-1323.5 2
-1323.3 3
-1323.1 2
-1322.9 2
-1322.7 2
-1322.5 2
-1322.3 3
-1322.1 3
-1321.9 1
-1321.7 3
-1321.5 3
-1321.3 2
-1321.1 0
-1320.9 2
-1320.7 1
-1320.5 0
-1320.3 1
-1320.1 1
-1319.9 0
-1319.7 2
-1319.5 3
-1319.3 0
-1319.1 0
-1318.9 5
-1318.7 1
-1318.5 0
-1318.3 0
-1318.1 2
-1317.9 0
-1317.7 1
-1317.5 0
-1317.3 1
-1317.1 0
-1316.9 2
-1316.7 0
-1316.5 1
-1316.3 2
-1316.1 0
-1315.9 0
-1315.7 2
-1315.5 0
-1315.3 1
-1315.1 1
-1314.9 2
-1314.7 0
-1314.5 1
-1314.3 0
-1314.1 0
-1313.9 0
-1313.7 2
-1313.5 3
-1313.3 1
-1313.1 1
-1312.9 1
-1312.7 2
-1312.5 0
-1312.3 0
-1312.1 0
-1311.9 1
-1311.7 1
-1311.5 0
-1311.3 2
-1311.1 1
-1310.9 1
-1310.7 0
-1310.5 0
-1310.3 1
-1310.1 2
-1309.9 1
-1309.7 2
-1309.5 0
-1309.3 3
-1309.1 0
-1308.9 0
-1308.7 0
-1308.5 0
-1308.3 2
-1308.1 1
-1307.9 2
-1307.7 1
-1307.5 1
-1307.3 1
-1307.1 1
-1306.9 0
-1306.7 1
-1306.5 3
-1306.3 0
-1306.1 0
-1305.9 1
-1305.7 2
-1305.5 2
-1305.3 1
-1305.1 1
-1304.9 3
-1304.7 3
-1304.5 1
-1304.3 1
-1304.1 2
-1303.9 1
-1303.7 1
-1303.5 0
-1303.3 0
-1303.1 1
-1302.9 0
-1302.7 0
-1302.5 1
-1302.3 3
-1302.1 1
-1301.9 0
-1301.7 0
-1301.5 0
-1301.3 1
-1301.1 2
-1300.9 0
-1300.7 2
-1300.5 3
-1300.3 0
-1300.1 1
