1450
-1589.7 5.60269e-06
-1589.5 1.09719e-05
-1589.3 1.58743e-05
-1589.1 2.12435e-05
-1588.9 2.75466e-05
-1588.7 3.33827e-05
-1588.5 4.0386e-05
-1588.3 4.62222e-05
-1588.1 5.27586e-05
-1587.9 5.7661e-05
-1587.7 6.51312e-05
-1587.5 7.05005e-05
-1587.3 7.56363e-05
-1587.1 8.10055e-05
-1586.9 8.45072e-05
-1586.7 9.03433e-05
-1586.5 9.5946e-05
-1586.3 0.000101549
-1586.1 0.000109019
-1585.9 0.000113921
-1585.7 0.000120458
-1585.5 0.00012536
-1585.3 0.000131196
-1585.1 0.000137032
-1584.9 0.000143335
-1584.7 0.000148705
-1584.5 0.000155008
-1584.3 0.000160377
-1584.1 0.000165046
-1583.9 0.000169248
-1583.7 0.000173216
-1583.5 0.000179053
-1583.3 0.000186056
-1583.1 0.000191192
-1582.9 0.000195627
-1582.7 0.000202864
-1582.5 0.000207299
-1582.3 0.000213369
-1582.1 0.000217338
-1581.9 0.000223174
-1581.7 0.000228776
-1581.5 0.000232978
-1581.3 0.000239515
-1581.1 0.000243717
-1580.9 0.000250954
-1580.7 0.000255623
-1580.5 0.000263093
-1580.3 0.000267995
-1580.1 0.000274999
-1579.9 0.000278967
-1579.7 0.000283636
-1579.5 0.000290406
-1579.3 0.000295075
-1579.1 0.000299977
-1578.9 0.000305113
-1578.7 0.00031235
-1578.5 0.000317486
-1578.3 0.000323322
-1578.1 0.000327057
-1577.9 0.000334527
-1577.7 0.000342698
-1577.5 0.000349468
-1577.3 0.000355771
-1577.1 0.000363708
-1576.9 0.000371178
-1576.7 0.000378181
-1576.5 0.000382617
-1576.3 0.000390321
-1576.1 0.000398024
-1575.9 0.000408296
-1575.7 0.0004174
-1575.5 0.000428372
-1575.3 0.000439111
-1575.1 0.000449149
-1574.9 0.000462222
-1574.7 0.000476228
-1574.5 0.000491169
-1574.3 0.00050681
-1574.1 0.000522684
-1573.9 0.000539492
-1573.7 0.000555833
-1573.5 0.000574509
-1573.3 0.000594118
-1573.1 0.000614662
-1572.9 0.00063964
-1572.7 0.000669988
-1572.5 0.000702904
-1572.3 0.000734652
-1572.1 0.000774338
-1571.9 0.000812156
-1571.7 0.000851375
-1571.5 0.000894096
-1571.3 0.000940318
-1571.1 0.000992143
-1570.9 0.0010463
-1570.7 0.00110536
-1570.5 0.00117376
-1570.3 0.00124847
-1570.1 0.0013171
-1569.9 0.00140884
-1569.7 0.00149708
-1569.5 0.00159093
-1569.3 0.00169084
-1569.1 0.00179286
-1568.9 0.00190025
-1568.7 0.00201463
-1568.5 0.00213673
-1568.3 0.00226255
-1568.1 0.00240169
-1567.9 0.00254432
-1567.7 0.00269139
-1567.5 0.00284313
-1567.3 0.00300561
-1567.1 0.00316645
-1566.9 0.00334107
-1566.7 0.00352619
-1566.5 0.00370198
-1566.3 0.00388103
-1566.1 0.00407012
-1565.9 0.00428746
-1565.7 0.00450036
-1565.5 0.00471233
-1565.3 0.00494624
-1565.1 0.00517548
-1564.9 0.00541967
-1564.7 0.00567459
-1564.5 0.00592694
-1564.3 0.0061772
-1564.1 0.00644963
-1563.9 0.00672183
-1563.7 0.00698328
-1563.5 0.00727042
-1563.3 0.00756713
-1563.1 0.00787271
-1562.9 0.0081951
-1562.7 0.00852309
-1562.5 0.00884151
-1562.3 0.00917884
-1562.1 0.00952807
-1561.9 0.00989808
-1561.7 0.0102639
-1561.5 0.0106369
-1561.3 0.0110308
-1561.1 0.0114379
-1560.9 0.0118366
-1560.7 0.012247
-1560.5 0.0126663
-1560.3 0.0131189
-1560.1 0.0135534
-1559.9 0.0140175
-1559.7 0.0144872
-1559.5 0.0149603
-1559.3 0.0154398
-1559.1 0.0159357
-1558.9 0.0164469
-1558.7 0.0169432
-1558.5 0.0174937
-1558.3 0.0180187
-1558.1 0.0185631
-1557.9 0.0191194
-1557.7 0.0196829
-1557.5 0.0202327
-1557.3 0.020817
-1557.1 0.0214032
-1556.9 0.0220057
-1556.7 0.0226241
-1556.5 0.0232894
-1556.3 0.0239366
-1556.1 0.0245876
-1555.9 0.0252385
-1555.7 0.0259169
-1555.5 0.0265936
-1555.3 0.0272669
-1555.1 0.0279411
-1554.9 0.0286157
-1554.7 0.0293214
-1554.5 0.0300108
-1554.3 0.0307394
-1554.1 0.0314729
-1553.9 0.0321858
-1553.7 0.0329319
-1553.5 0.0337027
-1553.3 0.0344876
-1553.1 0.0352339
-1552.9 0.0359994
-1552.7 0.0368031
-1552.5 0.0375737
-1552.3 0.0383721
-1552.1 0.0391616
-1551.9 0.0399509
-1551.7 0.0407537
-1551.5 0.0415682
-1551.3 0.0424056
-1551.1 0.0432598
-1550.9 0.0440915
-1550.7 0.0449249
-1550.5 0.0457863
-1550.3 0.0466335
-1550.1 0.047522
-1549.9 0.0483773
-1549.7 0.0492514
-1549.5 0.0501177
-1549.3 0.0510071
-1549.1 0.051915
-1548.9 0.052831
-1548.7 0.0537127
-1548.5 0.0545947
-1548.3 0.0555058
-1548.1 0.0564088
-1547.9 0.0573204
-1547.7 0.0582306
-1547.5 0.0591156
-1547.3 0.0600662
-1547.1 0.0609815
-1546.9 0.0619333
-1546.7 0.0628666
-1546.5 0.0638032
-1546.3 0.0647279
-1546.1 0.0656894
-1545.9 0.0666437
-1545.7 0.0676023
-1545.5 0.0685328
-1545.3 0.0694941
-1545.1 0.0704655
-1544.9 0.0714277
-1544.7 0.0723877
-1544.5 0.0733331
-1544.3 0.0743173
-1544.1 0.075273
-1543.9 0.0762528
-1543.7 0.0772314
-1543.5 0.0782215
-1543.3 0.0792115
-1543.1 0.0801997
-1542.9 0.0812184
-1542.7 0.0822155
-1542.5 0.0832258
-1542.3 0.0842222
-1542.1 0.08525
-1541.9 0.0862569
-1541.7 0.0872493
-1541.5 0.0882505
-1541.3 0.089248
-1541.1 0.0902493
-1540.9 0.091262
-1540.7 0.0922774
-1540.5 0.0932964
-1540.3 0.0942946
-1540.1 0.0952943
-1539.9 0.0963132
-1539.7 0.0973306
-1539.5 0.0983349
-1539.3 0.0993534
-1539.1 0.10036
-1538.9 0.101383
-1538.7 0.102393
-1538.5 0.103419
-1538.3 0.104423
-1538.1 0.10543
-1537.9 0.106456
-1537.7 0.107489
-1537.5 0.108512
-1537.3 0.109521
-1537.1 0.11053
-1536.9 0.111532
-1536.7 0.112556
-1536.5 0.113601
-1536.3 0.114641
-1536.1 0.115626
-1535.9 0.116623
-1535.7 0.117635
-1535.5 0.118655
-1535.3 0.11963
-1535.1 0.120629
-1534.9 0.121664
-1534.7 0.122646
-1534.5 0.123639
-1534.3 0.124625
-1534.1 0.125616
-1533.9 0.126629
-1533.7 0.127638
-1533.5 0.128611
-1533.3 0.129607
-1533.1 0.130616
-1532.9 0.131597
-1532.7 0.1326
-1532.5 0.133569
-1532.3 0.134535
-1532.1 0.13552
-1531.9 0.136488
-1531.7 0.137471
-1531.5 0.138459
-1531.3 0.139437
-1531.1 0.140434
-1530.9 0.141413
-1530.7 0.142386
-1530.5 0.143363
-1530.3 0.144331
-1530.1 0.145313
-1529.9 0.146248
-1529.7 0.147218
-1529.5 0.148208
-1529.3 0.149159
-1529.1 0.150119
-1528.9 0.151086
-1528.7 0.152024
-1528.5 0.152969
-1528.3 0.15392
-1528.1 0.15487
-1527.9 0.155816
-1527.7 0.156744
-1527.5 0.157662
-1527.3 0.158583
-1527.1 0.159552
-1526.9 0.160487
-1526.7 0.161418
-1526.5 0.162336
-1526.3 0.163244
-1526.1 0.164181
-1525.9 0.165117
-1525.7 0.166033
-1525.5 0.166961
-1525.3 0.16786
-1525.1 0.168792
-1524.9 0.169714
-1524.7 0.170655
-1524.5 0.17159
-1524.3 0.172541
-1524.1 0.173478
-1523.9 0.174419
-1523.7 0.175368
-1523.5 0.176319
-1523.3 0.177266
-1523.1 0.178184
-1522.9 0.179165
-1522.7 0.180134
-1522.5 0.181092
-1522.3 0.182054
-1522.1 0.183033
-1521.9 0.184004
-1521.7 0.184957
-1521.5 0.185919
-1521.3 0.186894
-1521.1 0.187873
-1520.9 0.188865
-1520.7 0.189812
-1520.5 0.190762
-1520.3 0.191739
-1520.1 0.1927
-1519.9 0.193666
-1519.7 0.194615
-1519.5 0.1956
-1519.3 0.196553
-1519.1 0.19751
-1518.9 0.19843
-1518.7 0.199386
-1518.5 0.200303
-1518.3 0.201218
-1518.1 0.202143
-1517.9 0.203063
-1517.7 0.203981
-1517.5 0.204914
-1517.3 0.205824
-1517.1 0.206738
-1516.9 0.207667
-1516.7 0.20858
-1516.5 0.209481
-1516.3 0.210362
-1516.1 0.211228
-1515.9 0.212131
-1515.7 0.213011
-1515.5 0.213896
-1515.3 0.214762
-1515.1 0.21564
-1514.9 0.216503
-1514.7 0.217343
-1514.5 0.218175
-1514.3 0.219025
-1514.1 0.219866
-1513.9 0.22069
-1513.7 0.221504
-1513.5 0.222331
-1513.3 0.223176
-1513.1 0.224009
-1512.9 0.224823
-1512.7 0.225656
-1512.5 0.226481
-1512.3 0.227288
-1512.1 0.228085
-1511.9 0.228881
-1511.7 0.229694
-1511.5 0.230526
-1511.3 0.231337
-1511.1 0.23214
-1510.9 0.232953
-1510.7 0.233783
-1510.5 0.234614
-1510.3 0.235442
-1510.1 0.236271
-1509.9 0.237081
-1509.7 0.237892
-1509.5 0.23876
-1509.3 0.239596
-1509.1 0.240452
-1508.9 0.241302
-1508.7 0.242182
-1508.5 0.243065
-1508.3 0.243962
-1508.1 0.244865
-1507.9 0.245769
-1507.7 0.246692
-1507.5 0.2476
-1507.3 0.248492
-1507.1 0.249408
-1506.9 0.250347
-1506.7 0.251292
-1506.5 0.252229
-1506.3 0.253199
-1506.1 0.254136
-1505.9 0.255077
-1505.7 0.256027
-1505.5 0.256975
-1505.3 0.257933
-1505.1 0.258878
-1504.9 0.259829
-1504.7 0.260786
-1504.5 0.26175
-1504.3 0.262701
-1504.1 0.26363
-1503.9 0.264602
-1503.7 0.265571
-1503.5 0.266516
-1503.3 0.267483
-1503.1 0.268427
-1502.9 0.269329
-1502.7 0.27025
-1502.5 0.271189
-1502.3 0.272113
-1502.1 0.273005
-1501.9 0.273897
-1501.7 0.274785
-1501.5 0.27569
-1501.3 0.276585
-1501.1 0.277456
-1500.9 0.278333
-1500.7 0.279228
-1500.5 0.28007
-1500.3 0.28094
-1500.1 0.281799
-1499.9 0.282648
-1499.7 0.283507
-1499.5 0.284381
-1499.3 0.28523
-1499.1 0.286109
-1498.9 0.286979
-1498.7 0.287805
-1498.5 0.288635
-1498.3 0.289446
-1498.1 0.290264
-1497.9 0.291077
-1497.7 0.291874
-1497.5 0.292682
-1497.3 0.29348
-1497.1 0.294282
-1496.9 0.295057
-1496.7 0.295872
-1496.5 0.296676
-1496.3 0.297455
-1496.1 0.29824
-1495.9 0.299027
-1495.7 0.299829
-1495.5 0.300611
-1495.3 0.301378
-1495.1 0.302176
-1494.9 0.302957
-1494.7 0.303735
-1494.5 0.304526
-1494.3 0.305337
-1494.1 0.306145
-1493.9 0.306959
-1493.7 0.307769
-1493.5 0.308609
-1493.3 0.309429
-1493.1 0.31024
-1492.9 0.311108
-1492.7 0.311943
-1492.5 0.312785
-1492.3 0.313617
-1492.1 0.314488
-1491.9 0.315345
-1491.7 0.316215
-1491.5 0.317082
-1491.3 0.317999
-1491.1 0.318895
-1490.9 0.319814
-1490.7 0.320703
-1490.5 0.321645
-1490.3 0.322577
-1490.1 0.323505
-1489.9 0.324431
-1489.7 0.325387
-1489.5 0.326339
-1489.3 0.327265
-1489.1 0.32823
-1488.9 0.329193
-1488.7 0.330136
-1488.5 0.331078
-1488.3 0.332017
-1488.1 0.33296
-1487.9 0.33392
-1487.7 0.334863
-1487.5 0.335821
-1487.3 0.33677
-1487.1 0.337699
-1486.9 0.338614
-1486.7 0.339581
-1486.5 0.340514
-1486.3 0.341448
-1486.1 0.342358
-1485.9 0.343271
-1485.7 0.34421
-1485.5 0.345111
-1485.3 0.346023
-1485.1 0.346911
-1484.9 0.347804
-1484.7 0.348683
-1484.5 0.349561
-1484.3 0.350478
-1484.1 0.351328
-1483.9 0.352219
-1483.7 0.353056
-1483.5 0.353939
-1483.3 0.354791
-1483.1 0.355608
-1482.9 0.356435
-1482.7 0.357289
-1482.5 0.35812
-1482.3 0.358961
-1482.1 0.359766
-1481.9 0.360568
-1481.7 0.361375
-1481.5 0.362188
-1481.3 0.363014
-1481.1 0.363812
-1480.9 0.364622
-1480.7 0.365446
-1480.5 0.366232
-1480.3 0.367031
-1480.1 0.367836
-1479.9 0.36865
-1479.7 0.369435
-1479.5 0.370224
-1479.3 0.371026
-1479.1 0.371831
-1478.9 0.372637
-1478.7 0.373429
-1478.5 0.374232
-1478.3 0.375023
-1478.1 0.375836
-1477.9 0.376646
-1477.7 0.377468
-1477.5 0.378285
-1477.3 0.379107
-1477.1 0.379922
-1476.9 0.380751
-1476.7 0.381594
-1476.5 0.382462
-1476.3 0.38331
-1476.1 0.384175
-1475.9 0.385038
-1475.7 0.38589
-1475.5 0.38678
-1475.3 0.387668
-1475.1 0.388539
-1474.9 0.389447
-1474.7 0.390346
-1474.5 0.39124
-1474.3 0.392161
-1474.1 0.393093
-1473.9 0.393989
-1473.7 0.394921
-1473.5 0.395833
-1473.3 0.396781
-1473.1 0.397701
-1472.9 0.398644
-1472.7 0.399587
-1472.5 0.400538
-1472.3 0.401491
-1472.1 0.402439
-1471.9 0.403401
-1471.7 0.404363
-1471.5 0.405303
-1471.3 0.40628
-1471.1 0.407257
-1470.9 0.408219
-1470.7 0.409171
-1470.5 0.410126
-1470.3 0.411052
-1470.1 0.411991
-1469.9 0.412934
-1469.7 0.413874
-1469.5 0.414787
-1469.3 0.41569
-1469.1 0.416588
-1468.9 0.417484
-1468.7 0.418393
-1468.5 0.419322
-1468.3 0.420199
-1468.1 0.421106
-1467.9 0.422014
-1467.7 0.422887
-1467.5 0.423773
-1467.3 0.424658
-1467.1 0.425547
-1466.9 0.426401
-1466.7 0.427266
-1466.5 0.42814
-1466.3 0.428993
-1466.1 0.429842
-1465.9 0.430679
-1465.7 0.431532
-1465.5 0.432364
-1465.3 0.43319
-1465.1 0.434032
-1464.9 0.434876
-1464.7 0.435708
-1464.5 0.436548
-1464.3 0.437384
-1464.1 0.438208
-1463.9 0.439044
-1463.7 0.439869
-1463.5 0.440685
-1463.3 0.441489
-1463.1 0.442303
-1462.9 0.443104
-1462.7 0.443897
-1462.5 0.444712
-1462.3 0.44553
-1462.1 0.44633
-1461.9 0.447131
-1461.7 0.447944
-1461.5 0.448734
-1461.3 0.449563
-1461.1 0.450389
-1460.9 0.451199
-1460.7 0.452038
-1460.5 0.452875
-1460.3 0.453714
-1460.1 0.454541
-1459.9 0.455365
-1459.7 0.456214
-1459.5 0.457068
-1459.3 0.457961
-1459.1 0.458825
-1458.9 0.459682
-1458.7 0.460546
-1458.5 0.461406
-1458.3 0.462262
-1458.1 0.463157
-1457.9 0.464052
-1457.7 0.464922
-1457.5 0.465814
-1457.3 0.466717
-1457.1 0.46761
-1456.9 0.468507
-1456.7 0.469419
-1456.5 0.47033
-1456.3 0.471254
-1456.1 0.472167
-1455.9 0.473114
-1455.7 0.474053
-1455.5 0.474987
-1455.3 0.475911
-1455.1 0.476817
-1454.9 0.477742
-1454.7 0.478675
-1454.5 0.479605
-1454.3 0.480547
-1454.1 0.48147
-1453.9 0.482413
-1453.7 0.483317
-1453.5 0.484265
-1453.3 0.485178
-1453.1 0.486118
-1452.9 0.487035
-1452.7 0.487958
-1452.5 0.488896
-1452.3 0.489802
-1452.1 0.49069
-1451.9 0.491619
-1451.7 0.492521
-1451.5 0.493418
-1451.3 0.494314
-1451.1 0.495237
-1450.9 0.496121
-1450.7 0.497025
-1450.5 0.497904
-1450.3 0.49878
-1450.1 0.499659
-1449.9 0.500539
-1449.7 0.501426
-1449.5 0.502342
-1449.3 0.503226
-1449.1 0.504123
-1448.9 0.505011
-1448.7 0.505907
-1448.5 0.506796
-1448.3 0.507691
-1448.1 0.508551
-1447.9 0.50943
-1447.7 0.510319
-1447.5 0.51119
-1447.3 0.512064
-1447.1 0.512956
-1446.9 0.513825
-1446.7 0.514688
-1446.5 0.515521
-1446.3 0.516373
-1446.1 0.517229
-1445.9 0.518086
-1445.7 0.518956
-1445.5 0.519802
-1445.3 0.520665
-1445.1 0.521523
-1444.9 0.522394
-1444.7 0.52322
-1444.5 0.524054
-1444.3 0.524912
-1444.1 0.525762
-1443.9 0.526629
-1443.7 0.527485
-1443.5 0.528337
-1443.3 0.529184
-1443.1 0.530068
-1442.9 0.530939
-1442.7 0.531825
-1442.5 0.53269
-1442.3 0.533562
-1442.1 0.534428
-1441.9 0.535304
-1441.7 0.536182
-1441.5 0.53704
-1441.3 0.537934
-1441.1 0.538795
-1440.9 0.539671
-1440.7 0.540555
-1440.5 0.541427
-1440.3 0.542305
-1440.1 0.543161
-1439.9 0.54405
-1439.7 0.544924
-1439.5 0.545802
-1439.3 0.546679
-1439.1 0.547572
-1438.9 0.548446
-1438.7 0.549348
-1438.5 0.550222
-1438.3 0.551095
-1438.1 0.551999
-1437.9 0.552875
-1437.7 0.553774
-1437.5 0.554642
-1437.3 0.555507
-1437.1 0.556422
-1436.9 0.557287
-1436.7 0.558169
-1436.5 0.559062
-1436.3 0.559934
-1436.1 0.560814
-1435.9 0.56168
-1435.7 0.56258
-1435.5 0.563473
-1435.3 0.564338
-1435.1 0.565232
-1434.9 0.566166
-1434.7 0.567083
-1434.5 0.56798
-1434.3 0.568858
-1434.1 0.569761
-1433.9 0.570656
-1433.7 0.571549
-1433.5 0.572439
-1433.3 0.573328
-1433.1 0.574226
-1432.9 0.575104
-1432.7 0.576001
-1432.5 0.576932
-1432.3 0.577856
-1432.1 0.578759
-1431.9 0.579671
-1431.7 0.580575
-1431.5 0.581479
-1431.3 0.582389
-1431.1 0.58329
-1430.9 0.584206
-1430.7 0.585095
-1430.5 0.585994
-1430.3 0.586869
-1430.1 0.587764
-1429.9 0.588665
-1429.7 0.589552
-1429.5 0.590452
-1429.3 0.591366
-1429.1 0.592239
-1428.9 0.593147
-1428.7 0.594019
-1428.5 0.594906
-1428.3 0.595787
-1428.1 0.596675
-1427.9 0.597554
-1427.7 0.598439
-1427.5 0.599338
-1427.3 0.600204
-1427.1 0.601095
-1426.9 0.601971
-1426.7 0.602845
-1426.5 0.603706
-1426.3 0.604587
-1426.1 0.605474
-1425.9 0.606353
-1425.7 0.607238
-1425.5 0.608119
-1425.3 0.60896
-1425.1 0.609847
-1424.9 0.610737
-1424.7 0.611582
-1424.5 0.612448
-1424.3 0.613318
-1424.1 0.614177
-1423.9 0.615043
-1423.7 0.615894
-1423.5 0.61672
-1423.3 0.617591
-1423.1 0.618421
-1422.9 0.619262
-1422.7 0.620112
-1422.5 0.620984
-1422.3 0.621837
-1422.1 0.622721
-1421.9 0.623613
-1421.7 0.624446
-1421.5 0.625302
-1421.3 0.626194
-1421.1 0.627071
-1420.9 0.627971
-1420.7 0.628834
-1420.5 0.629726
-1420.3 0.630616
-1420.1 0.631508
-1419.9 0.632398
-1419.7 0.633309
-1419.5 0.634163
-1419.3 0.635073
-1419.1 0.635948
-1418.9 0.636835
-1418.7 0.637735
-1418.5 0.638628
-1418.3 0.639529
-1418.1 0.640444
-1417.9 0.641339
-1417.7 0.64224
-1417.5 0.643131
-1417.3 0.644054
-1417.1 0.64498
-1416.9 0.645876
-1416.7 0.646782
-1416.5 0.647686
-1416.3 0.648608
-1416.1 0.649519
-1415.9 0.650422
-1415.7 0.651315
-1415.5 0.652245
-1415.3 0.653132
-1415.1 0.654036
-1414.9 0.65494
-1414.7 0.655853
-1414.5 0.656754
-1414.3 0.657648
-1414.1 0.658546
-1413.9 0.659435
-1413.7 0.660338
-1413.5 0.661253
-1413.3 0.662166
-1413.1 0.663058
-1412.9 0.663927
-1412.7 0.664828
-1412.5 0.665705
-1412.3 0.666558
-1412.1 0.66745
-1411.9 0.668338
-1411.7 0.66921
-1411.5 0.670071
-1411.3 0.670947
-1411.1 0.671838
-1410.9 0.672735
-1410.7 0.673612
-1410.5 0.674481
-1410.3 0.675362
-1410.1 0.676198
-1409.9 0.677044
-1409.7 0.6779
-1409.5 0.678771
-1409.3 0.679645
-1409.1 0.680484
-1408.9 0.68135
-1408.7 0.682213
-1408.5 0.68308
-1408.3 0.683944
-1408.1 0.684808
-1407.9 0.68564
-1407.7 0.686474
-1407.5 0.687305
-1407.3 0.688168
-1407.1 0.689011
-1406.9 0.689871
-1406.7 0.690712
-1406.5 0.691554
-1406.3 0.692398
-1406.1 0.693241
-1405.9 0.694107
-1405.7 0.694933
-1405.5 0.69578
-1405.3 0.696649
-1405.1 0.697524
-1404.9 0.698377
-1404.7 0.699245
-1404.5 0.700114
-1404.3 0.700963
-1404.1 0.701834
-1403.9 0.702713
-1403.7 0.70359
-1403.5 0.704478
-1403.3 0.705346
-1403.1 0.706211
-1402.9 0.707081
-1402.7 0.707978
-1402.5 0.708845
-1402.3 0.709733
-1402.1 0.710635
-1401.9 0.711519
-1401.7 0.712427
-1401.5 0.71332
-1401.3 0.714214
-1401.1 0.71511
-1400.9 0.716001
-1400.7 0.716899
-1400.5 0.717787
-1400.3 0.718694
-1400.1 0.719612
-1399.9 0.720531
-1399.7 0.721463
-1399.5 0.722372
-1399.3 0.723265
-1399.1 0.724159
-1398.9 0.725057
-1398.7 0.725972
-1398.5 0.726857
-1398.3 0.727744
-1398.1 0.728666
-1397.9 0.729579
-1397.7 0.730517
-1397.5 0.731434
-1397.3 0.73234
-1397.1 0.73324
-1396.9 0.734155
-1396.7 0.735057
-1396.5 0.735984
-1396.3 0.736897
-1396.1 0.73782
-1395.9 0.738731
-1395.7 0.739625
-1395.5 0.74054
-1395.3 0.741444
-1395.1 0.742343
-1394.9 0.743256
-1394.7 0.744143
-1394.5 0.745062
-1394.3 0.745964
-1394.1 0.74686
-1393.9 0.747768
-1393.7 0.748673
-1393.5 0.749595
-1393.3 0.750503
-1393.1 0.751416
-1392.9 0.75231
-1392.7 0.753183
-1392.5 0.754071
-1392.3 0.754979
-1392.1 0.755857
-1391.9 0.756739
-1391.7 0.757627
-1391.5 0.758503
-1391.3 0.759387
-1391.1 0.760276
-1390.9 0.761166
-1390.7 0.762041
-1390.5 0.762917
-1390.3 0.763779
-1390.1 0.764664
-1389.9 0.765529
-1389.7 0.7664
-1389.5 0.76728
-1389.3 0.76814
-1389.1 0.769008
-1388.9 0.769893
-1388.7 0.770776
-1388.5 0.771637
-1388.3 0.772483
-1388.1 0.77334
-1387.9 0.774232
-1387.7 0.775101
-1387.5 0.775984
-1387.3 0.776813
-1387.1 0.777677
-1386.9 0.77852
-1386.7 0.779405
-1386.5 0.78027
-1386.3 0.78113
-1386.1 0.78198
-1385.9 0.782856
-1385.7 0.78373
-1385.5 0.784572
-1385.3 0.78545
-1385.1 0.786321
-1384.9 0.787174
-1384.7 0.78805
-1384.5 0.788929
-1384.3 0.789828
-1384.1 0.790702
-1383.9 0.791609
-1383.7 0.7925
-1383.5 0.793364
-1383.3 0.794249
-1383.1 0.795138
-1382.9 0.796017
-1382.7 0.796877
-1382.5 0.797795
-1382.3 0.798685
-1382.1 0.799586
-1381.9 0.800476
-1381.7 0.801376
-1381.5 0.802262
-1381.3 0.803147
-1381.1 0.804033
-1380.9 0.804905
-1380.7 0.805793
-1380.5 0.806668
-1380.3 0.807566
-1380.1 0.808444
-1379.9 0.80933
-1379.7 0.810225
-1379.5 0.811113
-1379.3 0.812017
-1379.1 0.812936
-1378.9 0.813847
-1378.7 0.814744
-1378.5 0.815636
-1378.3 0.816532
-1378.1 0.817437
-1377.9 0.818331
-1377.7 0.819228
-1377.5 0.820107
-1377.3 0.82102
-1377.1 0.821926
-1376.9 0.822816
-1376.7 0.823732
-1376.5 0.824655
-1376.3 0.825565
-1376.1 0.826442
-1375.9 0.827348
-1375.7 0.828249
-1375.5 0.82914
-1375.3 0.830033
-1375.1 0.830917
-1374.9 0.831815
-1374.7 0.832699
-1374.5 0.833579
-1374.3 0.834455
-1374.1 0.835325
-1373.9 0.836195
-1373.7 0.837089
-1373.5 0.837969
-1373.3 0.838839
-1373.1 0.839705
-1372.9 0.840569
-1372.7 0.841448
-1372.5 0.842323
-1372.3 0.843202
-1372.1 0.844101
-1371.9 0.844969
-1371.7 0.845839
-1371.5 0.84669
-1371.3 0.847554
-1371.1 0.848436
-1370.9 0.849305
-1370.7 0.850181
-1370.5 0.85106
-1370.3 0.851929
-1370.1 0.852832
-1369.9 0.853679
-1369.7 0.854536
-1369.5 0.855402
-1369.3 0.856284
-1369.1 0.857166
-1368.9 0.858017
-1368.7 0.858865
-1368.5 0.859722
-1368.3 0.860612
-1368.1 0.861488
-1367.9 0.86234
-1367.7 0.863266
-1367.5 0.864125
-1367.3 0.865001
-1367.1 0.865863
-1366.9 0.866755
-1366.7 0.86761
-1366.5 0.868492
-1366.3 0.869353
-1366.1 0.870234
-1365.9 0.871128
-1365.7 0.871994
-1365.5 0.872871
-1365.3 0.873739
-1365.1 0.874623
-1364.9 0.875505
-1364.7 0.87639
-1364.5 0.877291
-1364.3 0.878156
-1364.1 0.879053
-1363.9 0.879945
-1363.7 0.880824
-1363.5 0.88172
-1363.3 0.882601
-1363.1 0.883521
-1362.9 0.884407
-1362.7 0.88531
-1362.5 0.886196
-1362.3 0.887094
-1362.1 0.88798
-1361.9 0.888851
-1361.7 0.889767
-1361.5 0.890658
-1361.3 0.891529
-1361.1 0.892425
-1360.9 0.893308
-1360.7 0.894223
-1360.5 0.895106
-1360.3 0.895996
-1360.1 0.896889
-1359.9 0.897775
-1359.7 0.898668
-1359.5 0.899582
-1359.3 0.900466
-1359.1 0.901332
-1358.9 0.902206
-1358.7 0.903085
-1358.5 0.903944
-1358.3 0.904833
-1358.1 0.905739
-1357.9 0.906592
-1357.7 0.907493
-1357.5 0.908355
-1357.3 0.909239
-1357.1 0.91012
-1356.9 0.911011
-1356.7 0.911874
-1356.5 0.912771
-1356.3 0.913617
-1356.1 0.914466
-1355.9 0.915321
-1355.7 0.916186
-1355.5 0.917037
-1355.3 0.917872
-1355.1 0.918721
-1354.9 0.919579
-1354.7 0.920415
-1354.5 0.92126
-1354.3 0.922119
-1354.1 0.922957
-1353.9 0.923793
-1353.7 0.924624
-1353.5 0.925435
-1353.3 0.926247
-1353.1 0.927069
-1352.9 0.92788
-1352.7 0.928713
-1352.5 0.929527
-1352.3 0.930343
-1352.1 0.931149
-1351.9 0.93196
-1351.7 0.932768
-1351.5 0.933536
-1351.3 0.934332
-1351.1 0.935119
-1350.9 0.935917
-1350.7 0.936667
-1350.5 0.93745
-1350.3 0.938216
-1350.1 0.939014
-1349.9 0.93976
-1349.7 0.940513
-1349.5 0.941265
-1349.3 0.942027
-1349.1 0.942769
-1348.9 0.943492
-1348.7 0.944236
-1348.5 0.944972
-1348.3 0.945707
-1348.1 0.946456
-1347.9 0.947195
-1347.7 0.947919
-1347.5 0.948662
-1347.3 0.949375
-1347.1 0.95009
-1346.9 0.950786
-1346.7 0.951511
-1346.5 0.952209
-1346.3 0.952895
-1346.1 0.95361
-1345.9 0.954285
-1345.7 0.95497
-1345.5 0.955644
-1345.3 0.956303
-1345.1 0.956988
-1344.9 0.957637
-1344.7 0.958304
-1344.5 0.958947
-1344.3 0.959597
-1344.1 0.960221
-1343.9 0.960845
-1343.7 0.961457
-1343.5 0.962068
-1343.3 0.962653
-1343.1 0.963264
-1342.9 0.963864
-1342.7 0.964458
-1342.5 0.965035
-1342.3 0.965599
-1342.1 0.966169
-1341.9 0.966723
-1341.7 0.967266
-1341.5 0.967797
-1341.3 0.968339
-1341.1 0.96888
-1340.9 0.969413
-1340.7 0.969925
-1340.5 0.970455
-1340.3 0.970938
-1340.1 0.971452
-1339.9 0.971929
-1339.7 0.972423
-1339.5 0.972895
-1339.3 0.973378
-1339.1 0.973843
-1338.9 0.974302
-1338.7 0.974743
-1338.5 0.975191
-1338.3 0.975634
-1338.1 0.976064
-1337.9 0.976493
-1337.7 0.97692
-1337.5 0.977335
-1337.3 0.977742
-1337.1 0.978137
-1336.9 0.97852
-1336.7 0.978898
-1336.5 0.979273
-1336.3 0.979644
-1336.1 0.980019
-1335.9 0.980384
-1335.7 0.980742
-1335.5 0.981103
-1335.3 0.981446
-1335.1 0.981781
-1334.9 0.98212
-1334.7 0.982455
-1334.5 0.982777
-1334.3 0.983089
-1334.1 0.983419
-1333.9 0.983719
-1333.7 0.984022
-1333.5 0.984305
-1333.3 0.984596
-1333.1 0.98488
-1332.9 0.985155
-1332.7 0.985423
-1332.5 0.985698
-1332.3 0.985969
-1332.1 0.986226
-1331.9 0.986471
-1331.7 0.986722
-1331.5 0.986967
-1331.3 0.987216
-1331.1 0.987457
-1330.9 0.987706
-1330.7 0.987924
-1330.5 0.988155
-1330.3 0.988374
-1330.1 0.98858
-1329.9 0.988788
-1329.7 0.988978
-1329.5 0.989173
-1329.3 0.989373
-1329.1 0.98957
-1328.9 0.989748
-1328.7 0.989932
-1328.5 0.990104
-1328.3 0.990281
-1328.1 0.990451
-1327.9 0.990601
-1327.7 0.99076
-1327.5 0.990926
-1327.3 0.991083
-1327.1 0.991223
-1326.9 0.991373
-1326.7 0.991514
-1326.5 0.991662
-1326.3 0.991797
-1326.1 0.991929
-1325.9 0.992062
-1325.7 0.992187
-1325.5 0.992309
-1325.3 0.992445
-1325.1 0.992552
-1324.9 0.992665
-1324.7 0.992785
-1324.5 0.992896
-1324.3 0.993004
-1324.1 0.993112
-1323.9 0.993219
-1323.7 0.993319
-1323.5 0.993421
-1323.3 0.993519
-1323.1 0.993616
-1322.9 0.993712
-1322.7 0.993807
-1322.5 0.993898
-1322.3 0.993986
-1322.1 0.994071
-1321.9 0.994157
-1321.7 0.994236
-1321.5 0.994317
-1321.3 0.994407
-1321.1 0.99449
-1320.9 0.994569
-1320.7 0.994648
-1320.5 0.994722
-1320.3 0.994792
-1320.1 0.994861
-1319.9 0.994934
-1319.7 0.995
-1319.5 0.995071
-1319.3 0.995135
-1319.1 0.995199
-1318.9 0.995269
-1318.7 0.995334
-1318.5 0.995399
-1318.3 0.995462
-1318.1 0.995526
-1317.9 0.995591
-1317.7 0.995654
-1317.5 0.995719
-1317.3 0.995779
-1317.1 0.995833
-1316.9 0.995893
-1316.7 0.995949
-1316.5 0.996004
-1316.3 0.996055
-1316.1 0.996114
-1315.9 0.996165
-1315.7 0.996221
-1315.5 0.996273
-1315.3 0.996321
-1315.1 0.996371
-1314.9 0.996416
-1314.7 0.996474
-1314.5 0.996527
-1314.3 0.996582
-1314.1 0.996634
-1313.9 0.996683
-1313.7 0.996739
-1313.5 0.996788
-1313.3 0.996839
-1313.1 0.996892
-1312.9 0.996941
-1312.7 0.996996
-1312.5 0.997049
-1312.3 0.997094
-1312.1 0.997147
-1311.9 0.997197
-1311.7 0.997246
-1311.5 0.997293
-1311.3 0.997343
-1311.1 0.997388
-1310.9 0.997437
-1310.7 0.997483
-1310.5 0.997529
-1310.3 0.997579
-1310.1 0.997633
-1309.9 0.997687
-1309.7 0.99774
-1309.5 0.997788
-1309.3 0.997839
-1309.1 0.997891
-1308.9 0.997934
-1308.7 0.99798
-1308.5 0.998026
-1308.3 0.998074
-1308.1 0.998123
-1307.9 0.998172
-1307.7 0.998223
-1307.5 0.998267
-1307.3 0.998315
-1307.1 0.99836
-1306.9 0.998409
-1306.7 0.998456
-1306.5 0.998504
-1306.3 0.998546
-1306.1 0.99859
-1305.9 0.998636
-1305.7 0.998683
-1305.5 0.998731
-1305.3 0.99878
-1305.1 0.998833
-1304.9 0.998879
-1304.7 0.998924
-1304.5 0.998972
-1304.3 0.999014
-1304.1 0.999058
-1303.9 0.999108
-1303.7 0.999153
-1303.5 0.999195
-1303.3 0.999237
-1303.1 0.999283
-1302.9 0.999327
-1302.7 0.999371
-1302.5 0.999422
-1302.3 0.999473
-1302.1 0.99952
-1301.9 0.999563
-1301.7 0.999609
-1301.5 0.999653
-1301.3 0.999701
-1301.1 0.999743
-1300.9 0.999786
-1300.7 0.999827
-1300.5 0.999869
-1300.3 0.999915
-1300.1 0.999953
-1299.9 1
