1450
-1589.7 2.4837e-06
-1589.5 6.99951e-06
-1589.3 9.48321e-06
-1589.1 1.30959e-05
-1588.9 1.71601e-05
-1588.7 2.07727e-05
-1588.5 2.41596e-05
-1588.3 2.84496e-05
-1588.1 3.13849e-05
-1587.9 3.31912e-05
-1587.7 3.49976e-05
-1587.5 3.83844e-05
-1587.3 4.15455e-05
-1587.1 4.33518e-05
-1586.9 4.49324e-05
-1586.7 4.76418e-05
-1586.5 5.01255e-05
-1586.3 5.41898e-05
-1586.1 5.57703e-05
-1585.9 5.91572e-05
-1585.7 6.20924e-05
-1585.5 6.54793e-05
-1585.3 6.84146e-05
-1585.1 7.18014e-05
-1584.9 7.51883e-05
-1584.7 7.69946e-05
-1584.5 8.06073e-05
-1584.3 8.3091e-05
-1584.1 8.58005e-05
-1583.9 8.94131e-05
-1583.7 9.28e-05
-1583.5 9.55095e-05
-1583.3 9.86705e-05
-1583.1 0.000102961
-1582.9 0.000106799
-1582.7 0.000109057
-1582.5 0.000112895
-1582.3 0.000114927
-1582.1 0.000117185
-1581.9 0.000118766
-1581.7 0.000122153
-1581.5 0.000126443
-1581.3 0.000130055
-1581.1 0.000132313
-1580.9 0.000135249
-1580.7 0.000138184
-1580.5 0.000141119
-1580.3 0.000142926
-1580.1 0.000146538
-1579.9 0.000149022
-1579.7 0.000151957
-1579.5 0.000155118
-1579.3 0.000157376
-1579.1 0.000160763
-1578.9 0.000163247
-1578.7 0.000166634
-1578.5 0.000169795
-1578.3 0.000171601
-1578.1 0.000175214
-1577.9 0.000177697
-1577.7 0.000179955
-1577.5 0.00018289
-1577.3 0.0001856
-1577.1 0.000187632
-1576.9 0.00018989
-1576.7 0.000192825
-1576.5 0.000197567
-1576.3 0.000200051
-1576.1 0.000203212
-1575.9 0.000206373
-1575.7 0.000208179
-1575.5 0.000210889
-1575.3 0.000214275
-1575.1 0.000217662
-1574.9 0.000220146
-1574.7 0.000222178
-1574.5 0.000224662
-1574.3 0.000227145
-1574.1 0.000230532
-1573.9 0.000233468
-1573.7 0.0002355
-1573.5 0.000237983
-1573.3 0.000240467
-1573.1 0.000242951
-1572.9 0.000244983
-1572.7 0.000247467
-1572.5 0.000250402
-1572.3 0.000253111
-1572.1 0.000254692
-1571.9 0.000257176
-1571.7 0.000260111
-1571.5 0.000263046
-1571.3 0.000266433
-1571.1 0.000268014
-1570.9 0.000271175
-1570.7 0.000273433
-1570.5 0.000276368
-1570.3 0.000279303
-1570.1 0.000282013
-1569.9 0.000284948
-1569.7 0.00028698
-1569.5 0.000289238
-1569.3 0.000291044
-1569.1 0.000292625
-1568.9 0.000296915
-1568.7 0.000299173
-1568.5 0.000301882
-1568.3 0.00030414
-1568.1 0.000307753
-1567.9 0.000310236
-1567.7 0.00031272
-1567.5 0.000316784
-1567.3 0.000318816
-1567.1 0.000321752
-1566.9 0.000324461
-1566.7 0.000327397
-1566.5 0.000330332
-1566.3 0.000333719
-1566.1 0.00033688
-1565.9 0.000341621
-1565.7 0.000344557
-1565.5 0.000349072
-1565.3 0.000352459
-1565.1 0.000357201
-1564.9 0.000363297
-1564.7 0.000367813
-1564.5 0.000374135
-1564.3 0.000382264
-1564.1 0.000392876
-1563.9 0.000403488
-1563.7 0.000414552
-1563.5 0.000426293
-1563.3 0.000440743
-1563.1 0.000454743
-1562.9 0.000474612
-1562.7 0.000494482
-1562.5 0.00051977
-1562.3 0.000547994
-1562.1 0.000581637
-1561.9 0.000620699
-1561.7 0.000665631
-1561.5 0.000709886
-1561.3 0.000764979
-1561.1 0.000821878
-1560.9 0.000884874
-1560.7 0.000948095
-1560.5 0.0010147
-1560.3 0.00108357
-1560.1 0.0011635
-1559.9 0.00124524
-1559.7 0.00134007
-1559.5 0.00143964
-1559.3 0.00154305
-1559.1 0.00164669
-1558.9 0.00176162
-1558.7 0.00187745
-1558.5 0.00200367
-1558.3 0.00213169
-1558.1 0.00226468
-1557.9 0.00240445
-1557.7 0.00255144
-1557.5 0.00270859
-1557.3 0.00288064
-1557.1 0.00303937
-1556.9 0.00321549
-1556.7 0.00340899
-1556.5 0.00359617
-1556.3 0.0037829
-1556.1 0.00398182
-1555.9 0.00419609
-1555.7 0.00441398
-1555.5 0.00464542
-1555.3 0.00488318
-1555.1 0.00513155
-1554.9 0.0053833
-1554.7 0.00564228
-1554.5 0.00588975
-1554.3 0.00616409
-1554.1 0.00644429
-1553.9 0.00673805
-1553.7 0.00704015
-1553.5 0.0073461
-1553.3 0.00766785
-1553.1 0.00799119
-1552.9 0.0083389
-1552.7 0.0086821
-1552.5 0.00904676
-1552.3 0.00942134
-1552.1 0.0097939
-1551.9 0.01018
-1551.7 0.0105729
-1551.5 0.0109809
-1551.3 0.0113846
-1551.1 0.0118267
-1550.9 0.0122647
-1550.7 0.0127262
-1550.5 0.0131916
-1550.3 0.0136599
-1550.1 0.0141492
-1549.9 0.0146344
-1549.7 0.0151341
-1549.5 0.0156588
-1549.3 0.0161831
-1549.1 0.016727
-1548.9 0.0172836
-1548.7 0.017847
-1548.5 0.0184333
-1548.3 0.019003
-1548.1 0.0195896
-1547.9 0.0201809
-1547.7 0.0207739
-1547.5 0.0214023
-1547.3 0.0220374
-1547.1 0.0226814
-1546.9 0.0233115
-1546.7 0.0239535
-1546.5 0.0246532
-1546.3 0.0253145
-1546.1 0.0260154
-1545.9 0.02673
-1545.7 0.0274482
-1545.5 0.0281584
-1545.3 0.0288703
-1545.1 0.0295944
-1544.9 0.030344
-1544.7 0.0311047
-1544.5 0.0318469
-1544.3 0.0326218
-1544.1 0.033406
-1543.9 0.0341793
-1543.7 0.0349565
-1543.5 0.035744
-1543.3 0.0365399
-1543.1 0.0373327
-1542.9 0.0381311
-1542.7 0.0389498
-1542.5 0.0397904
-1542.3 0.0406001
-1542.1 0.041433
-1541.9 0.0422766
-1541.7 0.0431208
-1541.5 0.0439637
-1541.3 0.0448459
-1541.1 0.0456802
-1540.9 0.046584
-1540.7 0.0474463
-1540.5 0.0483208
-1540.3 0.0491978
-1540.1 0.0500738
-1539.9 0.0509513
-1539.7 0.0518817
-1539.5 0.0527585
-1539.3 0.0536714
-1539.1 0.054568
-1538.9 0.0554806
-1538.7 0.0563998
-1538.5 0.0573411
-1538.3 0.0582527
-1538.1 0.059168
-1537.9 0.060101
-1537.7 0.0610134
-1537.5 0.0619222
-1537.3 0.062831
-1537.1 0.0637838
-1536.9 0.0647435
-1536.7 0.0657074
-1536.5 0.0666356
-1536.3 0.0675952
-1536.1 0.0685469
-1535.9 0.0695155
-1535.7 0.0704578
-1535.5 0.071419
-1535.3 0.0723842
-1535.1 0.0733639
-1534.9 0.0743432
-1534.7 0.0753351
-1534.5 0.0763157
-1534.3 0.0772712
-1534.1 0.0782555
-1533.9 0.0792279
-1533.7 0.0801909
-1533.5 0.0811621
-1533.3 0.0821411
-1533.1 0.0831111
-1532.9 0.0841048
-1532.7 0.0850895
-1532.5 0.0860789
-1532.3 0.087083
-1532.1 0.0880737
-1531.9 0.0890794
-1531.7 0.0900738
-1531.5 0.0910892
-1531.3 0.0921147
-1531.1 0.0931007
-1530.9 0.0940877
-1530.7 0.09508
-1530.5 0.0960868
-1530.3 0.0970896
-1530.1 0.0981034
-1529.9 0.0990835
-1529.7 0.100063
-1529.5 0.101045
-1529.3 0.102028
-1529.1 0.103021
-1528.9 0.104018
-1528.7 0.105011
-1528.5 0.105991
-1528.3 0.106971
-1528.1 0.107945
-1527.9 0.108918
-1527.7 0.109927
-1527.5 0.110913
-1527.3 0.111879
-1527.1 0.112839
-1526.9 0.113785
-1526.7 0.114754
-1526.5 0.115701
-1526.3 0.116657
-1526.1 0.117612
-1525.9 0.118578
-1525.7 0.119518
-1525.5 0.12045
-1525.3 0.121367
-1525.1 0.122274
-1524.9 0.123209
-1524.7 0.124114
-1524.5 0.125035
-1524.3 0.125956
-1524.1 0.126869
-1523.9 0.127771
-1523.7 0.128686
-1523.5 0.12959
-1523.3 0.13052
-1523.1 0.131438
-1522.9 0.132352
-1522.7 0.133264
-1522.5 0.134174
-1522.3 0.135113
-1522.1 0.136027
-1521.9 0.136951
-1521.7 0.137889
-1521.5 0.138812
-1521.3 0.139786
-1521.1 0.140754
-1520.9 0.141718
-1520.7 0.142684
-1520.5 0.143666
-1520.3 0.14465
-1520.1 0.145647
-1519.9 0.146618
-1519.7 0.14759
-1519.5 0.148583
-1519.3 0.149573
-1519.1 0.150561
-1518.9 0.151558
-1518.7 0.152541
-1518.5 0.153539
-1518.3 0.154544
-1518.1 0.155526
-1517.9 0.156536
-1517.7 0.157522
-1517.5 0.158517
-1517.3 0.15955
-1517.1 0.160545
-1516.9 0.161525
-1516.7 0.162539
-1516.5 0.163546
-1516.3 0.164553
-1516.1 0.165574
-1515.9 0.166584
-1515.7 0.167608
-1515.5 0.168613
-1515.3 0.16959
-1515.1 0.170596
-1514.9 0.171596
-1514.7 0.172606
-1514.5 0.1736
-1514.3 0.174613
-1514.1 0.175639
-1513.9 0.17664
-1513.7 0.177657
-1513.5 0.178639
-1513.3 0.179629
-1513.1 0.180629
-1512.9 0.181606
-1512.7 0.182581
-1512.5 0.183551
-1512.3 0.184514
-1512.1 0.185479
-1511.9 0.186416
-1511.7 0.187375
-1511.5 0.188298
-1511.3 0.189228
-1511.1 0.190131
-1510.9 0.19103
-1510.7 0.191917
-1510.5 0.192815
-1510.3 0.193679
-1510.1 0.194531
-1509.9 0.195394
-1509.7 0.196212
-1509.5 0.197013
-1509.3 0.197827
-1509.1 0.198646
-1508.9 0.199468
-1508.7 0.200283
-1508.5 0.201112
-1508.3 0.201928
-1508.1 0.202736
-1507.9 0.203529
-1507.7 0.20433
-1507.5 0.205095
-1507.3 0.205869
-1507.1 0.206627
-1506.9 0.207435
-1506.7 0.20822
-1506.5 0.208997
-1506.3 0.209766
-1506.1 0.210552
-1505.9 0.211313
-1505.7 0.212096
-1505.5 0.212887
-1505.3 0.213671
-1505.1 0.214479
-1504.9 0.215277
-1504.7 0.216076
-1504.5 0.216871
-1504.3 0.217681
-1504.1 0.2185
-1503.9 0.219324
-1503.7 0.220148
-1503.5 0.220994
-1503.3 0.221846
-1503.1 0.222713
-1502.9 0.223577
-1502.7 0.224448
-1502.5 0.225324
-1502.3 0.22622
-1502.1 0.22714
-1501.9 0.228049
-1501.7 0.228967
-1501.5 0.229892
-1501.3 0.23085
-1501.1 0.231797
-1500.9 0.232782
-1500.7 0.233775
-1500.5 0.23477
-1500.3 0.235801
-1500.1 0.23686
-1499.9 0.237925
-1499.7 0.239001
-1499.5 0.240066
-1499.3 0.241146
-1499.1 0.242241
-1498.9 0.243351
-1498.7 0.244448
-1498.5 0.24554
-1498.3 0.246647
-1498.1 0.247728
-1497.9 0.248858
-1497.7 0.249979
-1497.5 0.251053
-1497.3 0.25211
-1497.1 0.253151
-1496.9 0.254193
-1496.7 0.255224
-1496.5 0.256224
-1496.3 0.257206
-1496.1 0.258189
-1495.9 0.259156
-1495.7 0.260084
-1495.5 0.261017
-1495.3 0.261918
-1495.1 0.262806
-1494.9 0.263666
-1494.7 0.264526
-1494.5 0.265375
-1494.3 0.266215
-1494.1 0.267018
-1493.9 0.267809
-1493.7 0.26859
-1493.5 0.269385
-1493.3 0.270152
-1493.1 0.270941
-1492.9 0.271702
-1492.7 0.272452
-1492.5 0.273217
-1492.3 0.273981
-1492.1 0.274745
-1491.9 0.275494
-1491.7 0.276258
-1491.5 0.277028
-1491.3 0.277781
-1491.1 0.278526
-1490.9 0.279314
-1490.7 0.280096
-1490.5 0.280846
-1490.3 0.281617
-1490.1 0.282416
-1489.9 0.283179
-1489.7 0.283965
-1489.5 0.284751
-1489.3 0.285548
-1489.1 0.286368
-1488.9 0.28717
-1488.7 0.287921
-1488.5 0.288724
-1488.3 0.289536
-1488.1 0.290352
-1487.9 0.291155
-1487.7 0.291954
-1487.5 0.292781
-1487.3 0.293624
-1487.1 0.294449
-1486.9 0.295279
-1486.7 0.296121
-1486.5 0.296955
-1486.3 0.297843
-1486.1 0.298689
-1485.9 0.299548
-1485.7 0.300427
-1485.5 0.301329
-1485.3 0.302243
-1485.1 0.303176
-1484.9 0.304107
-1484.7 0.305074
-1484.5 0.306039
-1484.3 0.307014
-1484.1 0.308049
-1483.9 0.309041
-1483.7 0.310083
-1483.5 0.31116
-1483.3 0.312245
-1483.1 0.313331
-1482.9 0.314487
-1482.7 0.315636
-1482.5 0.316789
-1482.3 0.317942
-1482.1 0.319132
-1481.9 0.320317
-1481.7 0.321496
-1481.5 0.322664
-1481.3 0.32383
-1481.1 0.32497
-1480.9 0.326125
-1480.7 0.327231
-1480.5 0.32834
-1480.3 0.329428
-1480.1 0.33049
-1479.9 0.331529
-1479.7 0.332566
-1479.5 0.333565
-1479.3 0.334555
-1479.1 0.335518
-1478.9 0.336456
-1478.7 0.337382
-1478.5 0.338285
-1478.3 0.339171
-1478.1 0.340044
-1477.9 0.340876
-1477.7 0.341703
-1477.5 0.342519
-1477.3 0.34333
-1477.1 0.344141
-1476.9 0.344935
-1476.7 0.345722
-1476.5 0.3465
-1476.3 0.347265
-1476.1 0.348048
-1475.9 0.348809
-1475.7 0.349553
-1475.5 0.350318
-1475.3 0.351062
-1475.1 0.351812
-1474.9 0.352573
-1474.7 0.353358
-1474.5 0.354121
-1474.3 0.354903
-1474.1 0.355696
-1473.9 0.356487
-1473.7 0.357251
-1473.5 0.358054
-1473.3 0.35885
-1473.1 0.359656
-1472.9 0.360456
-1472.7 0.361256
-1472.5 0.362074
-1472.3 0.3629
-1472.1 0.363709
-1471.9 0.364531
-1471.7 0.365353
-1471.5 0.366172
-1471.3 0.366988
-1471.1 0.367786
-1470.9 0.368588
-1470.7 0.369404
-1470.5 0.370226
-1470.3 0.37104
-1470.1 0.371875
-1469.9 0.372691
-1469.7 0.373511
-1469.5 0.374337
-1469.3 0.375177
-1469.1 0.376005
-1468.9 0.376824
-1468.7 0.377655
-1468.5 0.378509
-1468.3 0.379381
-1468.1 0.380256
-1467.9 0.381131
-1467.7 0.382046
-1467.5 0.382989
-1467.3 0.383917
-1467.1 0.384856
-1466.9 0.385852
-1466.7 0.386838
-1466.5 0.38785
-1466.3 0.388894
-1466.1 0.38995
-1465.9 0.391023
-1465.7 0.392087
-1465.5 0.393174
-1465.3 0.394297
-1465.1 0.395393
-1464.9 0.396524
-1464.7 0.397637
-1464.5 0.398772
-1464.3 0.399886
-1464.1 0.400995
-1463.9 0.402113
-1463.7 0.403231
-1463.5 0.404339
-1463.3 0.40543
-1463.1 0.406534
-1462.9 0.4076
-1462.7 0.408646
-1462.5 0.409686
-1462.3 0.410714
-1462.1 0.411738
-1461.9 0.41274
-1461.7 0.413702
-1461.5 0.41465
-1461.3 0.415603
-1461.1 0.416511
-1460.9 0.417429
-1460.7 0.418327
-1460.5 0.419224
-1460.3 0.420076
-1460.1 0.420934
-1459.9 0.421759
-1459.7 0.422584
-1459.5 0.4234
-1459.3 0.424226
-1459.1 0.425044
-1458.9 0.425845
-1458.7 0.426607
-1458.5 0.427372
-1458.3 0.428167
-1458.1 0.428953
-1457.9 0.429717
-1457.7 0.430481
-1457.5 0.431246
-1457.3 0.432024
-1457.1 0.432783
-1456.9 0.433569
-1456.7 0.43436
-1456.5 0.435125
-1456.3 0.435912
-1456.1 0.436694
-1455.9 0.437482
-1455.7 0.438297
-1455.5 0.43907
-1455.3 0.439858
-1455.1 0.440651
-1454.9 0.441466
-1454.7 0.442272
-1454.5 0.44308
-1454.3 0.443884
-1454.1 0.4447
-1453.9 0.44555
-1453.7 0.446389
-1453.5 0.447218
-1453.3 0.448041
-1453.1 0.44888
-1452.9 0.449722
-1452.7 0.450541
-1452.5 0.451371
-1452.3 0.45222
-1452.1 0.453044
-1451.9 0.45388
-1451.7 0.45475
-1451.5 0.455589
-1451.3 0.456454
-1451.1 0.457312
-1450.9 0.458205
-1450.7 0.459096
-1450.5 0.459971
-1450.3 0.460867
-1450.1 0.46181
-1449.9 0.462734
-1449.7 0.463691
-1449.5 0.464626
-1449.3 0.465595
-1449.1 0.466574
-1448.9 0.467563
-1448.7 0.468564
-1448.5 0.469586
-1448.3 0.470618
-1448.1 0.471666
-1447.9 0.472731
-1447.7 0.473826
-1447.5 0.474909
-1447.3 0.475987
-1447.1 0.477085
-1446.9 0.478152
-1446.7 0.47921
-1446.5 0.480262
-1446.3 0.481385
-1446.1 0.482444
-1445.9 0.483516
-1445.7 0.484568
-1445.5 0.485625
-1445.3 0.486667
-1445.1 0.487685
-1444.9 0.488724
-1444.7 0.489752
-1444.5 0.49074
-1444.3 0.491737
-1444.1 0.492683
-1443.9 0.493611
-1443.7 0.494546
-1443.5 0.495484
-1443.3 0.496402
-1443.1 0.497321
-1442.9 0.498233
-1442.7 0.499116
-1442.5 0.499961
-1442.3 0.500826
-1442.1 0.501651
-1441.9 0.502483
-1441.7 0.503326
-1441.5 0.50415
-1441.3 0.504959
-1441.1 0.505778
-1440.9 0.506591
-1440.7 0.507398
-1440.5 0.508225
-1440.3 0.509033
-1440.1 0.509826
-1439.9 0.510633
-1439.7 0.511451
-1439.5 0.512244
-1439.3 0.513038
-1439.1 0.513836
-1438.9 0.514626
-1438.7 0.515442
-1438.5 0.516244
-1438.3 0.51706
-1438.1 0.517877
-1437.9 0.518697
-1437.7 0.51953
-1437.5 0.520342
-1437.3 0.521144
-1437.1 0.52196
-1436.9 0.52278
-1436.7 0.523589
-1436.5 0.524406
-1436.3 0.52522
-1436.1 0.526033
-1435.9 0.526851
-1435.7 0.527653
-1435.5 0.528472
-1435.3 0.52931
-1435.1 0.530162
-1434.9 0.531011
-1434.7 0.531872
-1434.5 0.532706
-1434.3 0.53358
-1434.1 0.534439
-1433.9 0.535301
-1433.7 0.53618
-1433.5 0.537052
-1433.3 0.537931
-1433.1 0.538778
-1432.9 0.539663
-1432.7 0.540548
-1432.5 0.541424
-1432.3 0.542282
-1432.1 0.543192
-1431.9 0.544097
-1431.7 0.545014
-1431.5 0.545921
-1431.3 0.546834
-1431.1 0.547735
-1430.9 0.548677
-1430.7 0.549575
-1430.5 0.550465
-1430.3 0.551384
-1430.1 0.552342
-1429.9 0.553269
-1429.7 0.554208
-1429.5 0.555136
-1429.3 0.556082
-1429.1 0.557059
-1428.9 0.558009
-1428.7 0.55895
-1428.5 0.559916
-1428.3 0.560903
-1428.1 0.561842
-1427.9 0.562798
-1427.7 0.56376
-1427.5 0.564692
-1427.3 0.565648
-1427.1 0.566616
-1426.9 0.567559
-1426.7 0.568498
-1426.5 0.569435
-1426.3 0.57035
-1426.1 0.571247
-1425.9 0.572156
-1425.7 0.57308
-1425.5 0.57398
-1425.3 0.574893
-1425.1 0.575788
-1424.9 0.576681
-1424.7 0.577557
-1424.5 0.578446
-1424.3 0.579333
-1424.1 0.580229
-1423.9 0.581091
-1423.7 0.58195
-1423.5 0.582803
-1423.3 0.583668
-1423.1 0.584515
-1422.9 0.585352
-1422.7 0.586186
-1422.5 0.587018
-1422.3 0.587859
-1422.1 0.588727
-1421.9 0.589561
-1421.7 0.590408
-1421.5 0.591206
-1421.3 0.592029
-1421.1 0.592871
-1420.9 0.593709
-1420.7 0.594504
-1420.5 0.595345
-1420.3 0.596192
-1420.1 0.597015
-1419.9 0.597821
-1419.7 0.598639
-1419.5 0.599467
-1419.3 0.600298
-1419.1 0.601112
-1418.9 0.601962
-1418.7 0.60279
-1418.5 0.60363
-1418.3 0.604459
-1418.1 0.605297
-1417.9 0.60613
-1417.7 0.606963
-1417.5 0.607806
-1417.3 0.60865
-1417.1 0.609495
-1416.9 0.610333
-1416.7 0.6112
-1416.5 0.612052
-1416.3 0.612905
-1416.1 0.613741
-1415.9 0.614578
-1415.7 0.615423
-1415.5 0.61628
-1415.3 0.617138
-1415.1 0.617998
-1414.9 0.618851
-1414.7 0.619741
-1414.5 0.620598
-1414.3 0.621455
-1414.1 0.622316
-1413.9 0.623189
-1413.7 0.624089
-1413.5 0.62496
-1413.3 0.625866
-1413.1 0.626745
-1412.9 0.627656
-1412.7 0.628539
-1412.5 0.629447
-1412.3 0.63035
-1412.1 0.631254
-1411.9 0.632183
-1411.7 0.633084
-1411.5 0.633988
-1411.3 0.634918
-1411.1 0.635872
-1410.9 0.636784
-1410.7 0.637742
-1410.5 0.638687
-1410.3 0.639623
-1410.1 0.640558
-1409.9 0.641506
-1409.7 0.642422
-1409.5 0.643334
-1409.3 0.644237
-1409.1 0.645155
-1408.9 0.646097
-1408.7 0.647035
-1408.5 0.647944
-1408.3 0.648839
-1408.1 0.649732
-1407.9 0.650671
-1407.7 0.651576
-1407.5 0.652498
-1407.3 0.653387
-1407.1 0.654268
-1406.9 0.655123
-1406.7 0.656012
-1406.5 0.656897
-1406.3 0.657792
-1406.1 0.658641
-1405.9 0.659495
-1405.7 0.660386
-1405.5 0.661241
-1405.3 0.662113
-1405.1 0.662978
-1404.9 0.663834
-1404.7 0.664672
-1404.5 0.665523
-1404.3 0.666348
-1404.1 0.667179
-1403.9 0.668017
-1403.7 0.668886
-1403.5 0.669748
-1403.3 0.670596
-1403.1 0.671407
-1402.9 0.672236
-1402.7 0.67308
-1402.5 0.673909
-1402.3 0.674737
-1402.1 0.675584
-1401.9 0.676437
-1401.7 0.677263
-1401.5 0.67811
-1401.3 0.678948
-1401.1 0.679824
-1400.9 0.680642
-1400.7 0.681486
-1400.5 0.682339
-1400.3 0.683175
-1400.1 0.684007
-1399.9 0.684854
-1399.7 0.685716
-1399.5 0.686551
-1399.3 0.687397
-1399.1 0.68822
-1398.9 0.689053
-1398.7 0.689878
-1398.5 0.690741
-1398.3 0.691593
-1398.1 0.692427
-1397.9 0.693263
-1397.7 0.694118
-1397.5 0.694966
-1397.3 0.6958
-1397.1 0.696659
-1396.9 0.697503
-1396.7 0.698375
-1396.5 0.699221
-1396.3 0.700051
-1396.1 0.700888
-1395.9 0.70172
-1395.7 0.702558
-1395.5 0.70342
-1395.3 0.704284
-1395.1 0.705146
-1394.9 0.706013
-1394.7 0.70689
-1394.5 0.707753
-1394.3 0.708616
-1394.1 0.709498
-1393.9 0.710385
-1393.7 0.711257
-1393.5 0.712129
-1393.3 0.713009
-1393.1 0.71389
-1392.9 0.714773
-1392.7 0.715632
-1392.5 0.71652
-1392.3 0.717405
-1392.1 0.718289
-1391.9 0.719192
-1391.7 0.720097
-1391.5 0.721004
-1391.3 0.721912
-1391.1 0.722821
-1390.9 0.723711
-1390.7 0.724594
-1390.5 0.72549
-1390.3 0.726379
-1390.1 0.727255
-1389.9 0.728142
-1389.7 0.729038
-1389.5 0.729944
-1389.3 0.730845
-1389.1 0.731726
-1388.9 0.732646
-1388.7 0.733529
-1388.5 0.734418
-1388.3 0.73531
-1388.1 0.736222
-1387.9 0.737138
-1387.7 0.738049
-1387.5 0.738944
-1387.3 0.739796
-1387.1 0.740676
-1386.9 0.741558
-1386.7 0.74246
-1386.5 0.74334
-1386.3 0.744224
-1386.1 0.745083
-1385.9 0.745957
-1385.7 0.746863
-1385.5 0.747743
-1385.3 0.748632
-1385.1 0.749531
-1384.9 0.750429
-1384.7 0.751314
-1384.5 0.752206
-1384.3 0.753051
-1384.1 0.75394
-1383.9 0.754794
-1383.7 0.75564
-1383.5 0.756485
-1383.3 0.757329
-1383.1 0.758184
-1382.9 0.75904
-1382.7 0.759871
-1382.5 0.760698
-1382.3 0.761528
-1382.1 0.762355
-1381.9 0.763193
-1381.7 0.763995
-1381.5 0.764822
-1381.3 0.765642
-1381.1 0.766477
-1380.9 0.767279
-1380.7 0.76808
-1380.5 0.76889
-1380.3 0.769711
-1380.1 0.770528
-1379.9 0.771342
-1379.7 0.772126
-1379.5 0.772936
-1379.3 0.77376
-1379.1 0.774546
-1378.9 0.77534
-1378.7 0.776174
-1378.5 0.776984
-1378.3 0.777796
-1378.1 0.778618
-1377.9 0.779439
-1377.7 0.780261
-1377.5 0.781096
-1377.3 0.781936
-1377.1 0.782798
-1376.9 0.783618
-1376.7 0.784481
-1376.5 0.785332
-1376.3 0.786159
-1376.1 0.786997
-1375.9 0.787844
-1375.7 0.788678
-1375.5 0.789533
-1375.3 0.790402
-1375.1 0.791264
-1374.9 0.792107
-1374.7 0.792968
-1374.5 0.79384
-1374.3 0.794729
-1374.1 0.795609
-1373.9 0.796488
-1373.7 0.797362
-1373.5 0.798251
-1373.3 0.799148
-1373.1 0.800044
-1372.9 0.800926
-1372.7 0.801791
-1372.5 0.802675
-1372.3 0.803581
-1372.1 0.804482
-1371.9 0.805372
-1371.7 0.806281
-1371.5 0.807179
-1371.3 0.808065
-1371.1 0.808951
-1370.9 0.809826
-1370.7 0.810714
-1370.5 0.811612
-1370.3 0.812496
-1370.1 0.813377
-1369.9 0.814278
-1369.7 0.815186
-1369.5 0.816058
-1369.3 0.816955
-1369.1 0.817851
-1368.9 0.818745
-1368.7 0.819636
-1368.5 0.820523
-1368.3 0.821398
-1368.1 0.822317
-1367.9 0.823181
-1367.7 0.824041
-1367.5 0.82489
-1367.3 0.825721
-1367.1 0.826586
-1366.9 0.827434
-1366.7 0.828288
-1366.5 0.829132
-1366.3 0.829952
-1366.1 0.830798
-1365.9 0.831663
-1365.7 0.832503
-1365.5 0.833368
-1365.3 0.834222
-1365.1 0.835069
-1364.9 0.835903
-1364.7 0.836764
-1364.5 0.837589
-1364.3 0.838448
-1364.1 0.839295
-1363.9 0.840145
-1363.7 0.840974
-1363.5 0.841823
-1363.3 0.842653
-1363.1 0.843485
-1362.9 0.844337
-1362.7 0.845166
-1362.5 0.846015
-1362.3 0.846853
-1362.1 0.847707
-1361.9 0.848555
-1361.7 0.849388
-1361.5 0.850236
-1361.3 0.851088
-1361.1 0.851921
-1360.9 0.852745
-1360.7 0.85359
-1360.5 0.85443
-1360.3 0.855258
-1360.1 0.856105
-1359.9 0.856955
-1359.7 0.857812
-1359.5 0.858649
-1359.3 0.859501
-1359.1 0.860335
-1358.9 0.861173
-1358.7 0.862009
-1358.5 0.862881
-1358.3 0.863737
-1358.1 0.864595
-1357.9 0.865442
-1357.7 0.8663
-1357.5 0.867187
-1357.3 0.868032
-1357.1 0.868894
-1356.9 0.869754
-1356.7 0.870606
-1356.5 0.871474
-1356.3 0.87235
-1356.1 0.873212
-1355.9 0.874064
-1355.7 0.874937
-1355.5 0.875809
-1355.3 0.876674
-1355.1 0.877556
-1354.9 0.878422
-1354.7 0.879266
-1354.5 0.880142
-1354.3 0.881
-1354.1 0.881893
-1353.9 0.882764
-1353.7 0.883614
-1353.5 0.884512
-1353.3 0.88539
-1353.1 0.886252
-1352.9 0.887128
-1352.7 0.888012
-1352.5 0.888922
-1352.3 0.889811
-1352.1 0.890706
-1351.9 0.891601
-1351.7 0.892485
-1351.5 0.893346
-1351.3 0.8942
-1351.1 0.895085
-1350.9 0.895971
-1350.7 0.896844
-1350.5 0.897707
-1350.3 0.898578
-1350.1 0.899436
-1349.9 0.900287
-1349.7 0.901143
-1349.5 0.901957
-1349.3 0.902821
-1349.1 0.903688
-1348.9 0.904556
-1348.7 0.905436
-1348.5 0.90627
-1348.3 0.90712
-1348.1 0.90797
-1347.9 0.908817
-1347.7 0.909646
-1347.5 0.910512
-1347.3 0.911351
-1347.1 0.91221
-1346.9 0.91306
-1346.7 0.913907
-1346.5 0.914745
-1346.3 0.915579
-1346.1 0.916419
-1345.9 0.917218
-1345.7 0.918062
-1345.5 0.918891
-1345.3 0.919731
-1345.1 0.920577
-1344.9 0.921396
-1344.7 0.922218
-1344.5 0.923042
-1344.3 0.923871
-1344.1 0.924702
-1343.9 0.925532
-1343.7 0.926337
-1343.5 0.927131
-1343.3 0.927932
-1343.1 0.928731
-1342.9 0.929552
-1342.7 0.930332
-1342.5 0.931137
-1342.3 0.931936
-1342.1 0.932721
-1341.9 0.933513
-1341.7 0.934294
-1341.5 0.935046
-1341.3 0.935815
-1341.1 0.936585
-1340.9 0.937373
-1340.7 0.938137
-1340.5 0.938876
-1340.3 0.939629
-1340.1 0.940419
-1339.9 0.941147
-1339.7 0.941883
-1339.5 0.942642
-1339.3 0.943369
-1339.1 0.944121
-1338.9 0.944856
-1338.7 0.945586
-1338.5 0.946314
-1338.3 0.947034
-1338.1 0.947746
-1337.9 0.948454
-1337.7 0.949149
-1337.5 0.949881
-1337.3 0.95059
-1337.1 0.951295
-1336.9 0.951989
-1336.7 0.952679
-1336.5 0.953362
-1336.3 0.954055
-1336.1 0.954768
-1335.9 0.955437
-1335.7 0.956104
-1335.5 0.956777
-1335.3 0.957437
-1335.1 0.958091
-1334.9 0.958726
-1334.7 0.959371
-1334.5 0.960019
-1334.3 0.960669
-1334.1 0.961269
-1333.9 0.961902
-1333.7 0.962554
-1333.5 0.963147
-1333.3 0.963754
-1333.1 0.964375
-1332.9 0.964989
-1332.7 0.965589
-1332.5 0.966199
-1332.3 0.966777
-1332.1 0.967364
-1331.9 0.967946
-1331.7 0.96853
-1331.5 0.969106
-1331.3 0.969677
-1331.1 0.970214
-1330.9 0.970762
-1330.7 0.971305
-1330.5 0.971834
-1330.3 0.972399
-1330.1 0.972916
-1329.9 0.973442
-1329.7 0.973943
-1329.5 0.974443
-1329.3 0.974925
-1329.1 0.975434
-1328.9 0.975936
-1328.7 0.976413
-1328.5 0.976873
-1328.3 0.977346
-1328.1 0.977798
-1327.9 0.978247
-1327.7 0.978687
-1327.5 0.97912
-1327.3 0.979524
-1327.1 0.97995
-1326.9 0.980341
-1326.7 0.98073
-1326.5 0.981121
-1326.3 0.98151
-1326.1 0.981895
-1325.9 0.982264
-1325.7 0.982639
-1325.5 0.983005
-1325.3 0.983366
-1325.1 0.983724
-1324.9 0.984056
-1324.7 0.984404
-1324.5 0.984728
-1324.3 0.985052
-1324.1 0.985378
-1323.9 0.985674
-1323.7 0.985981
-1323.5 0.986283
-1323.3 0.986577
-1323.1 0.986864
-1322.9 0.987138
-1322.7 0.987415
-1322.5 0.987692
-1322.3 0.98795
-1322.1 0.988211
-1321.9 0.988469
-1321.7 0.988729
-1321.5 0.988964
-1321.3 0.989196
-1321.1 0.989418
-1320.9 0.989646
-1320.7 0.989872
-1320.5 0.990096
-1320.3 0.990313
-1320.1 0.990521
-1319.9 0.990736
-1319.7 0.990935
-1319.5 0.991142
-1319.3 0.991343
-1319.1 0.991549
-1318.9 0.991747
-1318.7 0.991926
-1318.5 0.992108
-1318.3 0.992291
-1318.1 0.992467
-1317.9 0.99264
-1317.7 0.992822
-1317.5 0.992983
-1317.3 0.993145
-1317.1 0.993302
-1316.9 0.993464
-1316.7 0.993614
-1316.5 0.993766
-1316.3 0.993919
-1316.1 0.994054
-1315.9 0.994195
-1315.7 0.994336
-1315.5 0.994474
-1315.3 0.994607
-1315.1 0.994742
-1314.9 0.994879
-1314.7 0.995013
-1314.5 0.995129
-1314.3 0.995245
-1314.1 0.995364
-1313.9 0.995486
-1313.7 0.995603
-1313.5 0.995718
-1313.3 0.995825
-1313.1 0.995938
-1312.9 0.996038
-1312.7 0.996133
-1312.5 0.996226
-1312.3 0.99632
-1312.1 0.996402
-1311.9 0.996487
-1311.7 0.99657
-1311.5 0.996652
-1311.3 0.996737
-1311.1 0.99682
-1310.9 0.9969
-1310.7 0.996975
-1310.5 0.997048
-1310.3 0.997122
-1310.1 0.997189
-1309.9 0.997257
-1309.7 0.997324
-1309.5 0.997389
-1309.3 0.997456
-1309.1 0.997515
-1308.9 0.997584
-1308.7 0.997643
-1308.5 0.997711
-1308.3 0.997769
-1308.1 0.99783
-1307.9 0.997897
-1307.7 0.997951
-1307.5 0.998013
-1307.3 0.998072
-1307.1 0.998128
-1306.9 0.998183
-1306.7 0.998246
-1306.5 0.998305
-1306.3 0.998366
-1306.1 0.998425
-1305.9 0.998481
-1305.7 0.998529
-1305.5 0.998579
-1305.3 0.998642
-1305.1 0.998691
-1304.9 0.998742
-1304.7 0.998795
-1304.5 0.998847
-1304.3 0.998903
-1304.1 0.998955
-1303.9 0.999011
-1303.7 0.999063
-1303.5 0.999109
-1303.3 0.999163
-1303.1 0.999213
-1302.9 0.999257
-1302.7 0.999313
-1302.5 0.99937
-1302.3 0.99942
-1302.1 0.999471
-1301.9 0.999521
-1301.7 0.999569
-1301.5 0.999615
-1301.3 0.999665
-1301.1 0.99971
-1300.9 0.999756
-1300.7 0.999802
-1300.5 0.999849
-1300.3 0.999899
-1300.1 0.999951
-1299.9 1
