1450
-1589.7 2.70474e-06
-1589.5 6.08566e-06
-1589.3 9.91738e-06
-1589.1 1.35237e-05
-1588.9 1.78062e-05
-1588.7 2.16379e-05
-1588.5 2.59204e-05
-1588.3 2.86252e-05
-1588.1 3.08791e-05
-1587.9 3.38092e-05
-1587.7 3.69648e-05
-1587.5 4.05711e-05
-1587.3 4.35012e-05
-1587.1 4.84599e-05
-1586.9 5.20662e-05
-1586.7 5.56726e-05
-1586.5 5.79265e-05
-1586.3 6.1082e-05
-1586.1 6.37868e-05
-1585.9 6.71677e-05
-1585.7 7.05486e-05
-1585.5 7.25772e-05
-1585.3 7.48311e-05
-1585.1 7.73105e-05
-1584.9 7.88882e-05
-1584.7 8.06914e-05
-1584.5 8.45231e-05
-1584.3 8.7904e-05
-1584.1 9.35389e-05
-1583.9 9.62437e-05
-1583.7 0.000100301
-1583.5 0.000104583
-1583.3 0.00010864
-1583.1 0.000112472
-1582.9 0.000116078
-1582.7 0.00011991
-1582.5 0.000122164
-1582.3 0.000124869
-1582.1 0.000128024
-1581.9 0.000132758
-1581.7 0.000136815
-1581.5 0.000138618
-1581.3 0.000141097
-1581.1 0.000144704
-1580.9 0.000147408
-1580.7 0.000150789
-1580.5 0.000153945
-1580.3 0.000158678
-1580.1 0.000164313
-1579.9 0.000169046
-1579.7 0.000172653
-1579.5 0.000177837
-1579.3 0.000183021
-1579.1 0.000189783
-1578.9 0.000195192
-1578.7 0.00020263
-1578.5 0.000214125
-1578.3 0.000225846
-1578.1 0.000239144
-1577.9 0.00024816
-1577.7 0.000262585
-1577.5 0.00028242
-1577.3 0.000303832
-1577.1 0.00032502
-1576.9 0.000345981
-1576.7 0.000373705
-1576.5 0.000407063
-1576.3 0.000438619
-1576.1 0.000477161
-1575.9 0.000518634
-1575.7 0.000569122
-1575.5 0.000619385
-1575.3 0.000671677
-1575.1 0.000733886
-1574.9 0.000794067
-1574.7 0.000862136
-1574.5 0.000938995
-1574.3 0.00101856
-1574.1 0.00110646
-1573.9 0.0012
-1573.7 0.00129174
-1573.5 0.00139632
-1573.3 0.00150068
-1573.1 0.00160504
-1572.9 0.00173058
-1572.7 0.00184598
-1572.5 0.00197514
-1572.3 0.00210046
-1572.1 0.00224088
-1571.9 0.00239505
-1571.7 0.00254336
-1571.5 0.00270542
-1571.3 0.00286319
-1571.1 0.00303201
-1570.9 0.00321098
-1570.7 0.0033949
-1570.5 0.00358536
-1570.3 0.00378461
-1570.1 0.00399422
-1569.9 0.00420452
-1569.7 0.00441684
-1569.5 0.00465103
-1569.3 0.00488814
-1569.1 0.00513743
-1568.9 0.00539122
-1568.7 0.00565584
-1568.5 0.0059182
-1568.3 0.00619678
-1568.1 0.0064765
-1567.9 0.00676433
-1567.7 0.00708484
-1567.5 0.00740986
-1567.3 0.00771955
-1567.1 0.00805404
-1566.9 0.00840182
-1566.7 0.00876291
-1566.5 0.0091312
-1566.3 0.00951888
-1566.1 0.00989822
-1565.9 0.0102875
-1565.7 0.0106923
-1565.5 0.0110998
-1565.3 0.0115272
-1565.1 0.0119586
-1564.9 0.0124053
-1564.7 0.0128597
-1564.5 0.0133184
-1564.3 0.0137813
-1564.1 0.0142632
-1563.9 0.0147544
-1563.7 0.0152311
-1563.5 0.0157447
-1563.3 0.0162737
-1563.1 0.0168122
-1562.9 0.0173674
-1562.7 0.017913
-1562.5 0.0184635
-1562.3 0.0190736
-1562.1 0.0196414
-1561.9 0.0202614
-1561.7 0.0208795
-1561.5 0.0214991
-1561.3 0.0221164
-1561.1 0.0227602
-1560.9 0.0233971
-1560.7 0.0240591
-1560.5 0.0247213
-1560.3 0.0253971
-1560.1 0.0261014
-1559.9 0.0268089
-1559.7 0.0275252
-1559.5 0.0282321
-1559.3 0.0289479
-1559.1 0.0296825
-1558.9 0.030422
-1558.7 0.031212
-1558.5 0.0319691
-1558.3 0.0327154
-1558.1 0.0334777
-1557.9 0.0342515
-1557.7 0.035025
-1557.5 0.0358308
-1557.3 0.0366204
-1557.1 0.0374255
-1556.9 0.038231
-1556.7 0.0390569
-1556.5 0.0398658
-1556.3 0.040689
-1556.1 0.0415178
-1555.9 0.0423713
-1555.7 0.0432168
-1555.5 0.0440753
-1555.3 0.0449474
-1555.1 0.0458127
-1554.9 0.0466852
-1554.7 0.0475525
-1554.5 0.0484421
-1554.3 0.0493133
-1554.1 0.0502083
-1553.9 0.0510901
-1553.7 0.0519587
-1553.5 0.0528574
-1553.3 0.0537856
-1553.1 0.0546901
-1552.9 0.0555948
-1552.7 0.0565351
-1552.5 0.0574611
-1552.3 0.0583532
-1552.1 0.0592701
-1551.9 0.0601971
-1551.7 0.061105
-1551.5 0.0620382
-1551.3 0.0629472
-1551.1 0.0638943
-1550.9 0.0648353
-1550.7 0.0657921
-1550.5 0.066746
-1550.3 0.0677008
-1550.1 0.0686513
-1549.9 0.0696259
-1549.7 0.0705642
-1549.5 0.0715458
-1549.3 0.0725353
-1549.1 0.0735216
-1548.9 0.0745005
-1548.7 0.0754744
-1548.5 0.0764497
-1548.3 0.0774146
-1548.1 0.0783919
-1547.9 0.0793438
-1547.7 0.0803098
-1547.5 0.0813117
-1547.3 0.0823127
-1547.1 0.083292
-1546.9 0.0842639
-1546.7 0.0852541
-1546.5 0.0862156
-1546.3 0.0872107
-1546.1 0.0881912
-1545.9 0.0891505
-1545.7 0.0901278
-1545.5 0.0911078
-1545.3 0.0921059
-1545.1 0.0930791
-1544.9 0.0940614
-1544.7 0.0950265
-1544.5 0.0960248
-1544.3 0.0970305
-1544.1 0.0980074
-1543.9 0.0990093
-1543.7 0.10001
-1543.5 0.101001
-1543.3 0.101975
-1543.1 0.102988
-1542.9 0.103982
-1542.7 0.104961
-1542.5 0.105945
-1542.3 0.106908
-1542.1 0.10789
-1541.9 0.10887
-1541.7 0.109829
-1541.5 0.110823
-1541.3 0.111768
-1541.1 0.112694
-1540.9 0.113668
-1540.7 0.11463
-1540.5 0.115589
-1540.3 0.116548
-1540.1 0.117498
-1539.9 0.11845
-1539.7 0.11941
-1539.5 0.120358
-1539.3 0.121295
-1539.1 0.122265
-1538.9 0.123263
-1538.7 0.124226
-1538.5 0.125173
-1538.3 0.126148
-1538.1 0.127103
-1537.9 0.128059
-1537.7 0.128991
-1537.5 0.12996
-1537.3 0.130902
-1537.1 0.131875
-1536.9 0.132798
-1536.7 0.133745
-1536.5 0.134734
-1536.3 0.135694
-1536.1 0.136655
-1535.9 0.137626
-1535.7 0.138604
-1535.5 0.139604
-1535.3 0.1406
-1535.1 0.141595
-1534.9 0.142598
-1534.7 0.143594
-1534.5 0.144608
-1534.3 0.145579
-1534.1 0.146584
-1533.9 0.147591
-1533.7 0.148595
-1533.5 0.149617
-1533.3 0.150631
-1533.1 0.151604
-1532.9 0.152618
-1532.7 0.153613
-1532.5 0.154615
-1532.3 0.1556
-1532.1 0.156594
-1531.9 0.157572
-1531.7 0.158576
-1531.5 0.159551
-1531.3 0.16052
-1531.1 0.161478
-1530.9 0.162435
-1530.7 0.163412
-1530.5 0.164376
-1530.3 0.165341
-1530.1 0.16628
-1529.9 0.167242
-1529.7 0.168189
-1529.5 0.16915
-1529.3 0.170097
-1529.1 0.171049
-1528.9 0.171975
-1528.7 0.172911
-1528.5 0.173834
-1528.3 0.174762
-1528.1 0.175674
-1527.9 0.176564
-1527.7 0.177448
-1527.5 0.178336
-1527.3 0.179202
-1527.1 0.180056
-1526.9 0.180939
-1526.7 0.181804
-1526.5 0.182695
-1526.3 0.183526
-1526.1 0.184404
-1525.9 0.185258
-1525.7 0.186111
-1525.5 0.186951
-1525.3 0.187786
-1525.1 0.188586
-1524.9 0.189436
-1524.7 0.190276
-1524.5 0.191082
-1524.3 0.191914
-1524.1 0.192726
-1523.9 0.193524
-1523.7 0.194324
-1523.5 0.19512
-1523.3 0.195896
-1523.1 0.196713
-1522.9 0.197521
-1522.7 0.198354
-1522.5 0.199196
-1522.3 0.199997
-1522.1 0.200818
-1521.9 0.201631
-1521.7 0.202445
-1521.5 0.203282
-1521.3 0.204115
-1521.1 0.204952
-1520.9 0.205771
-1520.7 0.206609
-1520.5 0.207459
-1520.3 0.20833
-1520.1 0.209192
-1519.9 0.210068
-1519.7 0.210932
-1519.5 0.211843
-1519.3 0.212746
-1519.1 0.213652
-1518.9 0.214578
-1518.7 0.215504
-1518.5 0.216433
-1518.3 0.217364
-1518.1 0.21829
-1517.9 0.219222
-1517.7 0.220173
-1517.5 0.221121
-1517.3 0.222093
-1517.1 0.223004
-1516.9 0.223952
-1516.7 0.224922
-1516.5 0.225885
-1516.3 0.226847
-1516.1 0.227792
-1515.9 0.228747
-1515.7 0.229661
-1515.5 0.23064
-1515.3 0.231612
-1515.1 0.232574
-1514.9 0.233544
-1514.7 0.234495
-1514.5 0.23545
-1514.3 0.236379
-1514.1 0.23733
-1513.9 0.238278
-1513.7 0.239219
-1513.5 0.240147
-1513.3 0.241094
-1513.1 0.242031
-1512.9 0.242992
-1512.7 0.243937
-1512.5 0.244884
-1512.3 0.245808
-1512.1 0.246735
-1511.9 0.247666
-1511.7 0.248583
-1511.5 0.24949
-1511.3 0.250403
-1511.1 0.251328
-1510.9 0.252245
-1510.7 0.253151
-1510.5 0.254044
-1510.3 0.254905
-1510.1 0.255775
-1509.9 0.256656
-1509.7 0.257523
-1509.5 0.258379
-1509.3 0.259216
-1509.1 0.260093
-1508.9 0.26091
-1508.7 0.261759
-1508.5 0.262561
-1508.3 0.263394
-1508.1 0.264209
-1507.9 0.265003
-1507.7 0.265795
-1507.5 0.266593
-1507.3 0.26739
-1507.1 0.268163
-1506.9 0.268927
-1506.7 0.269705
-1506.5 0.270458
-1506.3 0.271196
-1506.1 0.271966
-1505.9 0.272733
-1505.7 0.273474
-1505.5 0.274204
-1505.3 0.274954
-1505.1 0.275709
-1504.9 0.276435
-1504.7 0.277179
-1504.5 0.27793
-1504.3 0.27869
-1504.1 0.279447
-1503.9 0.280214
-1503.7 0.280997
-1503.5 0.281786
-1503.3 0.282571
-1503.1 0.283386
-1502.9 0.2842
-1502.7 0.285003
-1502.5 0.285795
-1502.3 0.286588
-1502.1 0.287412
-1501.9 0.288265
-1501.7 0.289115
-1501.5 0.290004
-1501.3 0.290881
-1501.1 0.291754
-1500.9 0.292635
-1500.7 0.293523
-1500.5 0.294416
-1500.3 0.295308
-1500.1 0.296247
-1499.9 0.297192
-1499.7 0.298122
-1499.5 0.299074
-1499.3 0.299995
-1499.1 0.300944
-1498.9 0.301907
-1498.7 0.302855
-1498.5 0.303839
-1498.3 0.304805
-1498.1 0.305782
-1497.9 0.306757
-1497.7 0.307764
-1497.5 0.308754
-1497.3 0.309746
-1497.1 0.310736
-1496.9 0.311751
-1496.7 0.312765
-1496.5 0.313806
-1496.3 0.314828
-1496.1 0.315842
-1495.9 0.316853
-1495.7 0.317871
-1495.5 0.318875
-1495.3 0.319872
-1495.1 0.320872
-1494.9 0.321868
-1494.7 0.322865
-1494.5 0.323845
-1494.3 0.324858
-1494.1 0.325822
-1493.9 0.326798
-1493.7 0.327778
-1493.5 0.328719
-1493.3 0.32967
-1493.1 0.330626
-1492.9 0.331537
-1492.7 0.332439
-1492.5 0.333342
-1492.3 0.33423
-1492.1 0.335115
-1491.9 0.335994
-1491.7 0.336838
-1491.5 0.337683
-1491.3 0.338505
-1491.1 0.339311
-1490.9 0.340107
-1490.7 0.340927
-1490.5 0.341736
-1490.3 0.3425
-1490.1 0.343265
-1489.9 0.34403
-1489.7 0.344782
-1489.5 0.345521
-1489.3 0.346261
-1489.1 0.346997
-1488.9 0.347749
-1488.7 0.348479
-1488.5 0.349212
-1488.3 0.349941
-1488.1 0.350665
-1487.9 0.351383
-1487.7 0.352095
-1487.5 0.352816
-1487.3 0.353558
-1487.1 0.354257
-1486.9 0.354999
-1486.7 0.355746
-1486.5 0.356487
-1486.3 0.35723
-1486.1 0.357991
-1485.9 0.358763
-1485.7 0.359516
-1485.5 0.36027
-1485.3 0.361048
-1485.1 0.361848
-1484.9 0.362653
-1484.7 0.363441
-1484.5 0.364255
-1484.3 0.36509
-1484.1 0.365918
-1483.9 0.366736
-1483.7 0.367577
-1483.5 0.368428
-1483.3 0.369308
-1483.1 0.370188
-1482.9 0.371072
-1482.7 0.371969
-1482.5 0.372857
-1482.3 0.373762
-1482.1 0.374665
-1481.9 0.375591
-1481.7 0.37653
-1481.5 0.377471
-1481.3 0.378426
-1481.1 0.379354
-1480.9 0.380318
-1480.7 0.38128
-1480.5 0.382242
-1480.3 0.383206
-1480.1 0.384174
-1479.9 0.385147
-1479.7 0.386142
-1479.5 0.387087
-1479.3 0.388059
-1479.1 0.389031
-1478.9 0.390008
-1478.7 0.390966
-1478.5 0.391928
-1478.3 0.392876
-1478.1 0.39384
-1477.9 0.394792
-1477.7 0.395776
-1477.5 0.396727
-1477.3 0.39766
-1477.1 0.398605
-1476.9 0.399522
-1476.7 0.400427
-1476.5 0.401351
-1476.3 0.402269
-1476.1 0.40318
-1475.9 0.404087
-1475.7 0.40498
-1475.5 0.405853
-1475.3 0.406737
-1475.1 0.407618
-1474.9 0.408478
-1474.7 0.409347
-1474.5 0.410197
-1474.3 0.411058
-1474.1 0.41189
-1473.9 0.412732
-1473.7 0.413555
-1473.5 0.414399
-1473.3 0.415194
-1473.1 0.416005
-1472.9 0.416829
-1472.7 0.417607
-1472.5 0.418405
-1472.3 0.419211
-1472.1 0.42002
-1471.9 0.420821
-1471.7 0.421635
-1471.5 0.422408
-1471.3 0.423199
-1471.1 0.423986
-1470.9 0.424775
-1470.7 0.425571
-1470.5 0.426356
-1470.3 0.427153
-1470.1 0.427916
-1469.9 0.428715
-1469.7 0.429508
-1469.5 0.430303
-1469.3 0.431113
-1469.1 0.431932
-1468.9 0.432754
-1468.7 0.433601
-1468.5 0.434415
-1468.3 0.435259
-1468.1 0.436139
-1467.9 0.436998
-1467.7 0.43785
-1467.5 0.438708
-1467.3 0.439602
-1467.1 0.440506
-1466.9 0.441408
-1466.7 0.44231
-1466.5 0.443216
-1466.3 0.444149
-1466.1 0.445074
-1465.9 0.446009
-1465.7 0.446945
-1465.5 0.447877
-1465.3 0.448828
-1465.1 0.449764
-1464.9 0.450742
-1464.7 0.451715
-1464.5 0.452683
-1464.3 0.453623
-1464.1 0.454602
-1463.9 0.455592
-1463.7 0.456564
-1463.5 0.457536
-1463.3 0.458517
-1463.1 0.4595
-1462.9 0.460482
-1462.7 0.461494
-1462.5 0.462479
-1462.3 0.463468
-1462.1 0.464449
-1461.9 0.465454
-1461.7 0.466454
-1461.5 0.467439
-1461.3 0.468421
-1461.1 0.469378
-1460.9 0.470361
-1460.7 0.471352
-1460.5 0.472304
-1460.3 0.47326
-1460.1 0.474213
-1459.9 0.475166
-1459.7 0.476088
-1459.5 0.477036
-1459.3 0.477962
-1459.1 0.47889
-1458.9 0.479816
-1458.7 0.480719
-1458.5 0.481615
-1458.3 0.482511
-1458.1 0.483408
-1457.9 0.484305
-1457.7 0.485192
-1457.5 0.486064
-1457.3 0.486933
-1457.1 0.487759
-1456.9 0.488574
-1456.7 0.48939
-1456.5 0.490234
-1456.3 0.491052
-1456.1 0.491861
-1455.9 0.49265
-1455.7 0.493456
-1455.5 0.494245
-1455.3 0.495032
-1455.1 0.495823
-1454.9 0.49659
-1454.7 0.497369
-1454.5 0.498139
-1454.3 0.49891
-1454.1 0.499682
-1453.9 0.500429
-1453.7 0.501218
-1453.5 0.501994
-1453.3 0.50277
-1453.1 0.503538
-1452.9 0.504311
-1452.7 0.5051
-1452.5 0.505882
-1452.3 0.506679
-1452.1 0.507473
-1451.9 0.508257
-1451.7 0.509028
-1451.5 0.509836
-1451.3 0.510665
-1451.1 0.51148
-1450.9 0.512291
-1450.7 0.513123
-1450.5 0.513976
-1450.3 0.514816
-1450.1 0.515676
-1449.9 0.516527
-1449.7 0.517405
-1449.5 0.518263
-1449.3 0.519147
-1449.1 0.520043
-1448.9 0.520943
-1448.7 0.521849
-1448.5 0.522743
-1448.3 0.523664
-1448.1 0.524558
-1447.9 0.525501
-1447.7 0.526438
-1447.5 0.527373
-1447.3 0.528327
-1447.1 0.529263
-1446.9 0.530202
-1446.7 0.531143
-1446.5 0.532097
-1446.3 0.533038
-1446.1 0.534015
-1445.9 0.535016
-1445.7 0.535943
-1445.5 0.536898
-1445.3 0.537878
-1445.1 0.538825
-1444.9 0.539786
-1444.7 0.540771
-1444.5 0.541767
-1444.3 0.54275
-1444.1 0.543708
-1443.9 0.5447
-1443.7 0.54566
-1443.5 0.546602
-1443.3 0.547569
-1443.1 0.548521
-1442.9 0.549443
-1442.7 0.550366
-1442.5 0.551308
-1442.3 0.55227
-1442.1 0.553182
-1441.9 0.554082
-1441.7 0.554985
-1441.5 0.555892
-1441.3 0.556795
-1441.1 0.557686
-1440.9 0.558581
-1440.7 0.559463
-1440.5 0.560339
-1440.3 0.561215
-1440.1 0.562077
-1439.9 0.562942
-1439.7 0.563786
-1439.5 0.564658
-1439.3 0.565515
-1439.1 0.566369
-1438.9 0.567208
-1438.7 0.568053
-1438.5 0.568891
-1438.3 0.56974
-1438.1 0.570589
-1437.9 0.57143
-1437.7 0.572269
-1437.5 0.573121
-1437.3 0.573953
-1437.1 0.574763
-1436.9 0.575609
-1436.7 0.576447
-1436.5 0.577286
-1436.3 0.5781
-1436.1 0.578928
-1435.9 0.57974
-1435.7 0.580554
-1435.5 0.581365
-1435.3 0.582194
-1435.1 0.583005
-1434.9 0.583849
-1434.7 0.584687
-1434.5 0.585526
-1434.3 0.58639
-1434.1 0.587256
-1433.9 0.588098
-1433.7 0.588959
-1433.5 0.589814
-1433.3 0.590697
-1433.1 0.591564
-1432.9 0.592445
-1432.7 0.593321
-1432.5 0.594188
-1432.3 0.59507
-1432.1 0.595968
-1431.9 0.596851
-1431.7 0.597731
-1431.5 0.598649
-1431.3 0.599574
-1431.1 0.600483
-1430.9 0.601386
-1430.7 0.602305
-1430.5 0.603229
-1430.3 0.604144
-1430.1 0.605082
-1429.9 0.606027
-1429.7 0.606934
-1429.5 0.607864
-1429.3 0.608772
-1429.1 0.609712
-1428.9 0.610641
-1428.7 0.611591
-1428.5 0.612534
-1428.3 0.613463
-1428.1 0.614397
-1427.9 0.615346
-1427.7 0.616272
-1427.5 0.617203
-1427.3 0.618135
-1427.1 0.619064
-1426.9 0.619997
-1426.7 0.620943
-1426.5 0.621864
-1426.3 0.622792
-1426.1 0.623687
-1425.9 0.624611
-1425.7 0.625515
-1425.5 0.626404
-1425.3 0.627292
-1425.1 0.628203
-1424.9 0.629099
-1424.7 0.629964
-1424.5 0.630846
-1424.3 0.631719
-1424.1 0.632599
-1423.9 0.633505
-1423.7 0.634367
-1423.5 0.635241
-1423.3 0.636119
-1423.1 0.637017
-1422.9 0.637878
-1422.7 0.63875
-1422.5 0.639568
-1422.3 0.640435
-1422.1 0.641303
-1421.9 0.642161
-1421.7 0.642997
-1421.5 0.643852
-1421.3 0.644693
-1421.1 0.645536
-1420.9 0.646364
-1420.7 0.647195
-1420.5 0.648045
-1420.3 0.648902
-1420.1 0.64976
-1419.9 0.65062
-1419.7 0.651448
-1419.5 0.652295
-1419.3 0.653138
-1419.1 0.65402
-1418.9 0.654869
-1418.7 0.655722
-1418.5 0.656579
-1418.3 0.657429
-1418.1 0.658289
-1417.9 0.65917
-1417.7 0.66004
-1417.5 0.660906
-1417.3 0.661768
-1417.1 0.662653
-1416.9 0.663546
-1416.7 0.664426
-1416.5 0.665293
-1416.3 0.666186
-1416.1 0.667067
-1415.9 0.667946
-1415.7 0.668862
-1415.5 0.669744
-1415.3 0.670621
-1415.1 0.671516
-1414.9 0.672413
-1414.7 0.673311
-1414.5 0.674178
-1414.3 0.675079
-1414.1 0.67598
-1413.9 0.676863
-1413.7 0.677746
-1413.5 0.678671
-1413.3 0.679578
-1413.1 0.68048
-1412.9 0.681393
-1412.7 0.682304
-1412.5 0.683207
-1412.3 0.684103
-1412.1 0.685019
-1411.9 0.685909
-1411.7 0.686801
-1411.5 0.68769
-1411.3 0.688593
-1411.1 0.689474
-1410.9 0.690365
-1410.7 0.691245
-1410.5 0.692129
-1410.3 0.693012
-1410.1 0.693916
-1409.9 0.694813
-1409.7 0.695727
-1409.5 0.696614
-1409.3 0.697486
-1409.1 0.698371
-1408.9 0.69926
-1408.7 0.700096
-1408.5 0.700972
-1408.3 0.701845
-1408.1 0.702683
-1407.9 0.703513
-1407.7 0.704376
-1407.5 0.705235
-1407.3 0.706092
-1407.1 0.706925
-1406.9 0.707786
-1406.7 0.708635
-1406.5 0.70951
-1406.3 0.710354
-1406.1 0.711192
-1405.9 0.71207
-1405.7 0.712941
-1405.5 0.713802
-1405.3 0.714663
-1405.1 0.715531
-1404.9 0.71641
-1404.7 0.717283
-1404.5 0.718157
-1404.3 0.719036
-1404.1 0.719888
-1403.9 0.720762
-1403.7 0.721645
-1403.5 0.722529
-1403.3 0.723386
-1403.1 0.724243
-1402.9 0.725102
-1402.7 0.725974
-1402.5 0.72684
-1402.3 0.727699
-1402.1 0.728562
-1401.9 0.729441
-1401.7 0.730337
-1401.5 0.731195
-1401.3 0.732061
-1401.1 0.732931
-1400.9 0.733795
-1400.7 0.734656
-1400.5 0.735486
-1400.3 0.736347
-1400.1 0.737236
-1399.9 0.738109
-1399.7 0.73897
-1399.5 0.739837
-1399.3 0.740717
-1399.1 0.741569
-1398.9 0.742444
-1398.7 0.743306
-1398.5 0.744184
-1398.3 0.745037
-1398.1 0.745925
-1397.9 0.746789
-1397.7 0.747669
-1397.5 0.748532
-1397.3 0.749415
-1397.1 0.750298
-1396.9 0.751185
-1396.7 0.752079
-1396.5 0.752954
-1396.3 0.753798
-1396.1 0.754698
-1395.9 0.755563
-1395.7 0.75644
-1395.5 0.757314
-1395.3 0.758182
-1395.1 0.75906
-1394.9 0.759926
-1394.7 0.760818
-1394.5 0.761691
-1394.3 0.762563
-1394.1 0.763433
-1393.9 0.764322
-1393.7 0.765182
-1393.5 0.766078
-1393.3 0.766914
-1393.1 0.767808
-1392.9 0.768691
-1392.7 0.769565
-1392.5 0.770421
-1392.3 0.771307
-1392.1 0.772194
-1391.9 0.77306
-1391.7 0.77392
-1391.5 0.774785
-1391.3 0.775672
-1391.1 0.77653
-1390.9 0.777388
-1390.7 0.778254
-1390.5 0.779117
-1390.3 0.780018
-1390.1 0.780883
-1389.9 0.78176
-1389.7 0.782644
-1389.5 0.783518
-1389.3 0.784378
-1389.1 0.78524
-1388.9 0.786136
-1388.7 0.787001
-1388.5 0.787863
-1388.3 0.788748
-1388.1 0.789619
-1387.9 0.790511
-1387.7 0.791367
-1387.5 0.792216
-1387.3 0.793071
-1387.1 0.79393
-1386.9 0.794807
-1386.7 0.795697
-1386.5 0.796565
-1386.3 0.797415
-1386.1 0.798269
-1385.9 0.799135
-1385.7 0.799988
-1385.5 0.800859
-1385.3 0.801739
-1385.1 0.802611
-1384.9 0.803477
-1384.7 0.804349
-1384.5 0.80519
-1384.3 0.80607
-1384.1 0.806921
-1383.9 0.807766
-1383.7 0.808616
-1383.5 0.809469
-1383.3 0.810333
-1383.1 0.81122
-1382.9 0.812096
-1382.7 0.812989
-1382.5 0.813875
-1382.3 0.814741
-1382.1 0.81562
-1381.9 0.8165
-1381.7 0.817361
-1381.5 0.818235
-1381.3 0.819128
-1381.1 0.82
-1380.9 0.820857
-1380.7 0.821744
-1380.5 0.822621
-1380.3 0.823505
-1380.1 0.824403
-1379.9 0.825301
-1379.7 0.826158
-1379.5 0.827064
-1379.3 0.827959
-1379.1 0.828877
-1378.9 0.829774
-1378.7 0.830685
-1378.5 0.83158
-1378.3 0.832506
-1378.1 0.833424
-1377.9 0.834331
-1377.7 0.835245
-1377.5 0.836155
-1377.3 0.837048
-1377.1 0.83796
-1376.9 0.838892
-1376.7 0.839808
-1376.5 0.840732
-1376.3 0.841665
-1376.1 0.842601
-1375.9 0.843514
-1375.7 0.844472
-1375.5 0.845366
-1375.3 0.846294
-1375.1 0.847217
-1374.9 0.848149
-1374.7 0.84907
-1374.5 0.849983
-1374.3 0.850911
-1374.1 0.851822
-1373.9 0.852711
-1373.7 0.853613
-1373.5 0.854523
-1373.3 0.85542
-1373.1 0.856318
-1372.9 0.857216
-1372.7 0.858109
-1372.5 0.859008
-1372.3 0.859913
-1372.1 0.86082
-1371.9 0.861736
-1371.7 0.862636
-1371.5 0.863536
-1371.3 0.864421
-1371.1 0.865332
-1370.9 0.866225
-1370.7 0.867126
-1370.5 0.868023
-1370.3 0.868876
-1370.1 0.869738
-1369.9 0.870609
-1369.7 0.871486
-1369.5 0.872378
-1369.3 0.87325
-1369.1 0.874115
-1368.9 0.875006
-1368.7 0.875852
-1368.5 0.876704
-1368.3 0.877583
-1368.1 0.878457
-1367.9 0.879314
-1367.7 0.880179
-1367.5 0.881035
-1367.3 0.881921
-1367.1 0.882759
-1366.9 0.883611
-1366.7 0.88445
-1366.5 0.885315
-1366.3 0.886146
-1366.1 0.887004
-1365.9 0.887867
-1365.7 0.888706
-1365.5 0.889573
-1365.3 0.890451
-1365.1 0.891286
-1364.9 0.892134
-1364.7 0.893006
-1364.5 0.89385
-1364.3 0.894703
-1364.1 0.895574
-1363.9 0.896399
-1363.7 0.897232
-1363.5 0.898068
-1363.3 0.898918
-1363.1 0.899788
-1362.9 0.900641
-1362.7 0.901489
-1362.5 0.902358
-1362.3 0.903208
-1362.1 0.904062
-1361.9 0.904918
-1361.7 0.905769
-1361.5 0.906627
-1361.3 0.907449
-1361.1 0.90828
-1360.9 0.909148
-1360.7 0.910022
-1360.5 0.910866
-1360.3 0.91171
-1360.1 0.912572
-1359.9 0.913436
-1359.7 0.914318
-1359.5 0.915148
-1359.3 0.915978
-1359.1 0.916825
-1358.9 0.917684
-1358.7 0.918549
-1358.5 0.919376
-1358.3 0.920214
-1358.1 0.921052
-1357.9 0.921896
-1357.7 0.922721
-1357.5 0.923551
-1357.3 0.924376
-1357.1 0.925164
-1356.9 0.925982
-1356.7 0.926793
-1356.5 0.927595
-1356.3 0.928389
-1356.1 0.9292
-1355.9 0.929993
-1355.7 0.930782
-1355.5 0.931582
-1355.3 0.932384
-1355.1 0.933145
-1354.9 0.933942
-1354.7 0.934684
-1354.5 0.93546
-1354.3 0.936217
-1354.1 0.936957
-1353.9 0.937711
-1353.7 0.938446
-1353.5 0.939152
-1353.3 0.939907
-1353.1 0.940634
-1352.9 0.941371
-1352.7 0.942074
-1352.5 0.942789
-1352.3 0.943525
-1352.1 0.944217
-1351.9 0.944944
-1351.7 0.945665
-1351.5 0.946378
-1351.3 0.947074
-1351.1 0.947793
-1350.9 0.948499
-1350.7 0.949194
-1350.5 0.949888
-1350.3 0.950579
-1350.1 0.951275
-1349.9 0.95194
-1349.7 0.952593
-1349.5 0.95325
-1349.3 0.953898
-1349.1 0.954549
-1348.9 0.955197
-1348.7 0.955819
-1348.5 0.956455
-1348.3 0.957074
-1348.1 0.957711
-1347.9 0.958334
-1347.7 0.958984
-1347.5 0.959606
-1347.3 0.96023
-1347.1 0.960827
-1346.9 0.961421
-1346.7 0.962
-1346.5 0.962613
-1346.3 0.963207
-1346.1 0.9638
-1345.9 0.96437
-1345.7 0.964949
-1345.5 0.965504
-1345.3 0.966082
-1345.1 0.966644
-1344.9 0.967217
-1344.7 0.967753
-1344.5 0.968284
-1344.3 0.96882
-1344.1 0.969369
-1343.9 0.969898
-1343.7 0.970394
-1343.5 0.970919
-1343.3 0.971447
-1343.1 0.971956
-1342.9 0.972453
-1342.7 0.972946
-1342.5 0.973417
-1342.3 0.973898
-1342.1 0.974367
-1341.9 0.974823
-1341.7 0.975283
-1341.5 0.975742
-1341.3 0.976184
-1341.1 0.976634
-1340.9 0.977061
-1340.7 0.977484
-1340.5 0.977895
-1340.3 0.978315
-1340.1 0.978739
-1339.9 0.979139
-1339.7 0.979541
-1339.5 0.979942
-1339.3 0.980316
-1339.1 0.980696
-1338.9 0.981059
-1338.7 0.981428
-1338.5 0.981786
-1338.3 0.982126
-1338.1 0.98248
-1337.9 0.982821
-1337.7 0.983151
-1337.5 0.983481
-1337.3 0.9838
-1337.1 0.98412
-1336.9 0.984408
-1336.7 0.984697
-1336.5 0.984986
-1336.3 0.98526
-1336.1 0.985543
-1335.9 0.985815
-1335.7 0.986076
-1335.5 0.986326
-1335.3 0.986577
-1335.1 0.986826
-1334.9 0.987063
-1334.7 0.987294
-1334.5 0.987525
-1334.3 0.987748
-1334.1 0.987969
-1333.9 0.988171
-1333.7 0.988379
-1333.5 0.988577
-1333.3 0.988781
-1333.1 0.988957
-1332.9 0.989145
-1332.7 0.989317
-1332.5 0.989499
-1332.3 0.989667
-1332.1 0.989843
-1331.9 0.990004
-1331.7 0.990168
-1331.5 0.990335
-1331.3 0.990481
-1331.1 0.99062
-1330.9 0.990768
-1330.7 0.9909
-1330.5 0.991036
-1330.3 0.991172
-1330.1 0.991292
-1329.9 0.991424
-1329.7 0.991534
-1329.5 0.99165
-1329.3 0.991764
-1329.1 0.991891
-1328.9 0.992002
-1328.7 0.992111
-1328.5 0.992218
-1328.3 0.992329
-1328.1 0.992431
-1327.9 0.992539
-1327.7 0.992642
-1327.5 0.992741
-1327.3 0.992833
-1327.1 0.992925
-1326.9 0.993014
-1326.7 0.9931
-1326.5 0.993183
-1326.3 0.993265
-1326.1 0.993343
-1325.9 0.99342
-1325.7 0.993506
-1325.5 0.993595
-1325.3 0.993668
-1325.1 0.993746
-1324.9 0.993824
-1324.7 0.9939
-1324.5 0.993982
-1324.3 0.994062
-1324.1 0.994137
-1323.9 0.994205
-1323.7 0.994276
-1323.5 0.994346
-1323.3 0.99441
-1323.1 0.994478
-1322.9 0.99454
-1322.7 0.994604
-1322.5 0.994678
-1322.3 0.994736
-1322.1 0.994799
-1321.9 0.994861
-1321.7 0.994923
-1321.5 0.994989
-1321.3 0.995044
-1321.1 0.995101
-1320.9 0.995163
-1320.7 0.99522
-1320.5 0.995271
-1320.3 0.995332
-1320.1 0.995389
-1319.9 0.995442
-1319.7 0.9955
-1319.5 0.995549
-1319.3 0.995606
-1319.1 0.995661
-1318.9 0.995717
-1318.7 0.995769
-1318.5 0.995824
-1318.3 0.995874
-1318.1 0.995928
-1317.9 0.995976
-1317.7 0.996031
-1317.5 0.99608
-1317.3 0.99613
-1317.1 0.996173
-1316.9 0.996224
-1316.7 0.996267
-1316.5 0.996319
-1316.3 0.996369
-1316.1 0.996411
-1315.9 0.996454
-1315.7 0.996496
-1315.5 0.996544
-1315.3 0.996586
-1315.1 0.996636
-1314.9 0.996677
-1314.7 0.996719
-1314.5 0.996759
-1314.3 0.996805
-1314.1 0.996853
-1313.9 0.996895
-1313.7 0.996936
-1313.5 0.996979
-1313.3 0.997024
-1313.1 0.997063
-1312.9 0.997105
-1312.7 0.997145
-1312.5 0.99719
-1312.3 0.997231
-1312.1 0.997278
-1311.9 0.997318
-1311.7 0.997354
-1311.5 0.997396
-1311.3 0.99744
-1311.1 0.997479
-1310.9 0.997524
-1310.7 0.99756
-1310.5 0.9976
-1310.3 0.997637
-1310.1 0.997682
-1309.9 0.997722
-1309.7 0.99776
-1309.5 0.997801
-1309.3 0.997842
-1309.1 0.997879
-1308.9 0.997919
-1308.7 0.997963
-1308.5 0.998007
-1308.3 0.998052
-1308.1 0.998095
-1307.9 0.998136
-1307.7 0.998188
-1307.5 0.998232
-1307.3 0.998276
-1307.1 0.998318
-1306.9 0.998365
-1306.7 0.998409
-1306.5 0.99845
-1306.3 0.998495
-1306.1 0.998541
-1305.9 0.998585
-1305.7 0.998626
-1305.5 0.998673
-1305.3 0.99872
-1305.1 0.998768
-1304.9 0.99882
-1304.7 0.998869
-1304.5 0.998916
-1304.3 0.998961
-1304.1 0.999007
-1303.9 0.999049
-1303.7 0.999099
-1303.5 0.999153
-1303.3 0.999203
-1303.1 0.999249
-1302.9 0.999305
-1302.7 0.999354
-1302.5 0.999395
-1302.3 0.999439
-1302.1 0.999482
-1301.9 0.999526
-1301.7 0.999576
-1301.5 0.999622
-1301.3 0.99967
-1301.1 0.999714
-1300.9 0.999756
-1300.7 0.999804
-1300.5 0.999852
-1300.3 0.999897
-1300.1 0.999947
-1299.9 1
