xa: 0.145697
xxa: -0.000453112
xxxa: -4.41493e-07
aa: 306.481
xaa: 0.774264
xxaa: 0.00176834
xxxaa: 2.50899e-07
aaa: -610.325
xaaa: -4.48167
xxaaa: 0.0100905
xxxaaa: 5.87677e-05
xxxxaaa: -1.5359e-07
aaaa: -1654.01
xaaaa: 30.904
xxaaaa: -0.0988771
xxxaaaa: -7.33876e-05
aaaaa: -43732.4
xaaaaa: 80.8004
xxaaaaa: 0.0691098

