ax: 0.139799
axx: -0.000541589
axxx: -2.24759e-07
aa: 852.348
aax: 1.18045
aaxx: 0.000686514
aaxxx: -6.77706e-07
aaa: -482.635
aaax: -1.58179
aaaxx: 0.00208128
aaaxxx: 6.94472e-06
