1448
-1589.3 3.79104e-06
-1589.1 3.79104e-06
-1588.9 3.79104e-06
-1588.7 3.79104e-06
-1588.5 3.79104e-06
-1588.3 3.79104e-06
-1588.1 3.79104e-06
-1587.9 3.79104e-06
-1587.7 3.79104e-06
-1587.5 3.79104e-06
-1587.3 3.79104e-06
-1587.1 7.58208e-06
-1586.9 7.58208e-06
-1586.7 7.58208e-06
-1586.5 7.58208e-06
-1586.3 7.58208e-06
-1586.1 7.58208e-06
-1585.9 7.58208e-06
-1585.7 7.58208e-06
-1585.5 1.13731e-05
-1585.3 1.13731e-05
-1585.1 1.13731e-05
-1584.9 1.13731e-05
-1584.7 1.13731e-05
-1584.5 1.13731e-05
-1584.3 1.13731e-05
-1584.1 1.13731e-05
-1583.9 1.13731e-05
-1583.7 1.13731e-05
-1583.5 1.51642e-05
-1583.3 1.51642e-05
-1583.1 1.89552e-05
-1582.9 1.89552e-05
-1582.7 1.89552e-05
-1582.5 1.89552e-05
-1582.3 1.89552e-05
-1582.1 1.89552e-05
-1581.9 1.89552e-05
-1581.7 1.89552e-05
-1581.5 1.89552e-05
-1581.3 1.89552e-05
-1581.1 1.89552e-05
-1580.9 2.27462e-05
-1580.7 2.65373e-05
-1580.5 2.65373e-05
-1580.3 2.65373e-05
-1580.1 2.65373e-05
-1579.9 2.65373e-05
-1579.7 2.65373e-05
-1579.5 2.65373e-05
-1579.3 2.65373e-05
-1579.1 2.65373e-05
-1578.9 2.65373e-05
-1578.7 2.65373e-05
-1578.5 2.65373e-05
-1578.3 2.65373e-05
-1578.1 2.65373e-05
-1577.9 2.65373e-05
-1577.7 2.65373e-05
-1577.5 2.65373e-05
-1577.3 2.65373e-05
-1577.1 2.65373e-05
-1576.9 2.65373e-05
-1576.7 2.65373e-05
-1576.5 2.65373e-05
-1576.3 2.65373e-05
-1576.1 3.03283e-05
-1575.9 3.03283e-05
-1575.7 3.03283e-05
-1575.5 3.03283e-05
-1575.3 3.03283e-05
-1575.1 3.03283e-05
-1574.9 3.41193e-05
-1574.7 3.41193e-05
-1574.5 3.41193e-05
-1574.3 3.41193e-05
-1574.1 3.41193e-05
-1573.9 3.41193e-05
-1573.7 3.79104e-05
-1573.5 3.79104e-05
-1573.3 3.79104e-05
-1573.1 3.79104e-05
-1572.9 3.79104e-05
-1572.7 3.79104e-05
-1572.5 3.79104e-05
-1572.3 3.79104e-05
-1572.1 3.79104e-05
-1571.9 3.79104e-05
-1571.7 3.79104e-05
-1571.5 3.79104e-05
-1571.3 3.79104e-05
-1571.1 3.79104e-05
-1570.9 3.79104e-05
-1570.7 3.79104e-05
-1570.5 3.79104e-05
-1570.3 3.79104e-05
-1570.1 3.79104e-05
-1569.9 3.79104e-05
-1569.7 3.79104e-05
-1569.5 4.17014e-05
-1569.3 4.17014e-05
-1569.1 4.17014e-05
-1568.9 4.54925e-05
-1568.7 4.54925e-05
-1568.5 4.54925e-05
-1568.3 4.54925e-05
-1568.1 4.54925e-05
-1567.9 4.54925e-05
-1567.7 4.54925e-05
-1567.5 4.92835e-05
-1567.3 4.92835e-05
-1567.1 4.92835e-05
-1566.9 4.92835e-05
-1566.7 4.92835e-05
-1566.5 4.92835e-05
-1566.3 5.30745e-05
-1566.1 5.68656e-05
-1565.9 6.06566e-05
-1565.7 6.44476e-05
-1565.5 6.82387e-05
-1565.3 7.58208e-05
-1565.1 9.47759e-05
-1564.9 0.00010994
-1564.7 0.000121313
-1564.5 0.000140268
-1564.3 0.000189552
-1564.1 0.000246417
-1563.9 0.000269164
-1563.7 0.000322238
-1563.5 0.000394268
-1563.3 0.000458716
-1563.1 0.000561074
-1562.9 0.000659641
-1562.7 0.000784745
-1562.5 0.000928804
-1562.3 0.00106528
-1562.1 0.00120555
-1561.9 0.00137236
-1561.7 0.00158844
-1561.5 0.00178558
-1561.3 0.00195997
-1561.1 0.00221018
-1560.9 0.00249829
-1560.7 0.00280158
-1560.5 0.00311244
-1560.3 0.0033854
-1560.1 0.00365835
-1559.9 0.00395405
-1559.7 0.00428008
-1559.5 0.00469331
-1559.3 0.00510653
-1559.1 0.00559936
-1558.9 0.00611115
-1558.7 0.00663811
-1558.5 0.00715748
-1558.3 0.00769202
-1558.1 0.00831754
-1557.9 0.00896201
-1557.7 0.00973539
-1557.5 0.0104936
-1557.3 0.0113352
-1557.1 0.0120934
-1556.9 0.0130184
-1556.7 0.0139738
-1556.5 0.014876
-1556.3 0.0159641
-1556.1 0.017071
-1555.9 0.0181742
-1555.7 0.0192395
-1555.5 0.0203313
-1555.3 0.0217568
-1555.1 0.0228941
-1554.9 0.0242816
-1554.7 0.0256994
-1554.5 0.0272007
-1554.3 0.0285617
-1554.1 0.030025
-1553.9 0.0314542
-1553.7 0.0329062
-1553.5 0.034453
-1553.3 0.0359239
-1553.1 0.0372886
-1552.9 0.0387785
-1552.7 0.0402987
-1552.5 0.0418379
-1552.3 0.0434718
-1552.1 0.0450186
-1551.9 0.0465502
-1551.7 0.0481803
-1551.5 0.049727
-1551.3 0.051342
-1551.1 0.0528281
-1550.9 0.0542839
-1550.7 0.055823
-1550.5 0.0573319
-1550.3 0.0586929
-1550.1 0.0602813
-1549.9 0.0617901
-1549.7 0.0632838
-1549.5 0.0647471
-1549.3 0.0661119
-1549.1 0.0675525
-1548.9 0.0690007
-1548.7 0.0703162
-1548.5 0.0718326
-1548.3 0.0733338
-1548.1 0.0747024
-1547.9 0.0760255
-1547.7 0.077322
-1547.5 0.0786868
-1547.3 0.0798999
-1547.1 0.0813405
-1546.9 0.0827167
-1546.7 0.0839639
-1546.5 0.0853666
-1546.3 0.0865949
-1546.1 0.0877777
-1545.9 0.0890363
-1545.7 0.090185
-1545.5 0.0913564
-1545.3 0.0925771
-1545.1 0.0938282
-1544.9 0.0949048
-1544.7 0.0960649
-1544.5 0.0972629
-1544.3 0.0983699
-1544.1 0.0995602
-1543.9 0.100622
-1543.7 0.101717
-1543.5 0.102745
-1543.3 0.103992
-1543.1 0.105141
-1542.9 0.106316
-1542.7 0.107362
-1542.5 0.108446
-1542.3 0.109569
-1542.1 0.110619
-1541.9 0.111684
-1541.7 0.112753
-1541.5 0.113765
-1541.3 0.114887
-1541.1 0.11604
-1540.9 0.117056
-1540.7 0.118121
-1540.5 0.119194
-1540.3 0.120187
-1540.1 0.121196
-1539.9 0.122189
-1539.7 0.123194
-1539.5 0.124198
-1539.3 0.125222
-1539.1 0.126287
-1538.9 0.127295
-1538.7 0.128357
-1538.5 0.129327
-1538.3 0.130321
-1538.1 0.131261
-1537.9 0.132288
-1537.7 0.133198
-1537.5 0.134214
-1537.3 0.135188
-1537.1 0.136053
-1536.9 0.136982
-1536.7 0.137831
-1536.5 0.138881
-1536.3 0.139855
-1536.1 0.140841
-1535.9 0.141789
-1535.7 0.142702
-1535.5 0.143749
-1535.3 0.144696
-1535.1 0.145602
-1534.9 0.146474
-1534.7 0.147487
-1534.5 0.14834
-1534.3 0.149265
-1534.1 0.150136
-1533.9 0.151118
-1533.7 0.152089
-1533.5 0.153025
-1533.3 0.154072
-1533.1 0.155027
-1532.9 0.155986
-1532.7 0.156885
-1532.5 0.157707
-1532.3 0.158769
-1532.1 0.159785
-1531.9 0.160808
-1531.7 0.161794
-1531.5 0.16273
-1531.3 0.163629
-1531.1 0.164512
-1530.9 0.165437
-1530.7 0.166468
-1530.5 0.16731
-1530.3 0.16817
-1530.1 0.169039
-1529.9 0.169914
-1529.7 0.170775
-1529.5 0.171582
-1529.3 0.17253
-1529.1 0.173512
-1528.9 0.17438
-1528.7 0.175169
-1528.5 0.176094
-1528.3 0.176875
-1528.1 0.177675
-1527.9 0.178562
-1527.7 0.179434
-1527.5 0.180306
-1527.3 0.181155
-1527.1 0.182019
-1526.9 0.182899
-1526.7 0.183729
-1526.5 0.184521
-1526.3 0.18534
-1526.1 0.186235
-1525.9 0.187042
-1525.7 0.187835
-1525.5 0.188744
-1525.3 0.189601
-1525.1 0.190424
-1524.9 0.191273
-1524.7 0.192145
-1524.5 0.192952
-1524.3 0.193802
-1524.1 0.194602
-1523.9 0.19547
-1523.7 0.196395
-1523.5 0.197278
-1523.3 0.198093
-1523.1 0.198984
-1522.9 0.199829
-1522.7 0.200622
-1522.5 0.201456
-1522.3 0.202263
-1522.1 0.203105
-1521.9 0.203939
-1521.7 0.204803
-1521.5 0.20563
-1521.3 0.206494
-1521.1 0.207351
-1520.9 0.208158
-1520.7 0.208917
-1520.5 0.209766
-1520.3 0.210702
-1520.1 0.211548
-1519.9 0.212435
-1519.7 0.213307
-1519.5 0.214087
-1519.3 0.214975
-1519.1 0.215892
-1518.9 0.216775
-1518.7 0.217647
-1518.5 0.218546
-1518.3 0.219403
-1518.1 0.220252
-1517.9 0.221029
-1517.7 0.221874
-1517.5 0.222773
-1517.3 0.223576
-1517.1 0.224376
-1516.9 0.225195
-1516.7 0.226052
-1516.5 0.226973
-1516.3 0.227913
-1516.1 0.228694
-1515.9 0.229547
-1515.7 0.230317
-1515.5 0.231196
-1515.3 0.231958
-1515.1 0.232861
-1514.9 0.233638
-1514.7 0.234487
-1514.5 0.235427
-1514.3 0.236239
-1514.1 0.237073
-1513.9 0.237956
-1513.7 0.238832
-1513.5 0.239628
-1513.3 0.240435
-1513.1 0.24125
-1512.9 0.242058
-1512.7 0.243021
-1512.5 0.243862
-1512.3 0.24478
-1512.1 0.245621
-1511.9 0.246448
-1511.7 0.247346
-1511.5 0.248226
-1511.3 0.249158
-1511.1 0.250106
-1510.9 0.251027
-1510.7 0.251801
-1510.5 0.252676
-1510.3 0.253537
-1510.1 0.254363
-1509.9 0.255296
-1509.7 0.256225
-1509.5 0.257029
-1509.3 0.257813
-1509.1 0.258587
-1508.9 0.259425
-1508.7 0.260315
-1508.5 0.261172
-1508.3 0.262059
-1508.1 0.262848
-1507.9 0.263678
-1507.7 0.26458
-1507.5 0.265399
-1507.3 0.266165
-1507.1 0.26695
-1506.9 0.267723
-1506.7 0.268546
-1506.5 0.269304
-1506.3 0.270085
-1506.1 0.270927
-1505.9 0.27178
-1505.7 0.272576
-1505.5 0.273376
-1505.3 0.274179
-1505.1 0.274949
-1504.9 0.275734
-1504.7 0.276507
-1504.5 0.277337
-1504.3 0.278088
-1504.1 0.278888
-1503.9 0.279623
-1503.7 0.2804
-1503.5 0.281265
-1503.3 0.282133
-1503.1 0.282955
-1502.9 0.283687
-1502.7 0.284635
-1502.5 0.285465
-1502.3 0.28633
-1502.1 0.287148
-1501.9 0.287975
-1501.7 0.288741
-1501.5 0.289662
-1501.3 0.290545
-1501.1 0.291307
-1500.9 0.292236
-1500.7 0.293043
-1500.5 0.293877
-1500.3 0.294696
-1500.1 0.295595
-1499.9 0.296459
-1499.7 0.297335
-1499.5 0.298237
-1499.3 0.299124
-1499.1 0.300049
-1498.9 0.300952
-1498.7 0.30188
-1498.5 0.302745
-1498.3 0.30359
-1498.1 0.304436
-1497.9 0.305315
-1497.7 0.306183
-1497.5 0.307066
-1497.3 0.307942
-1497.1 0.30875
-1496.9 0.309637
-1496.7 0.310459
-1496.5 0.311286
-1496.3 0.312241
-1496.1 0.313113
-1495.9 0.313932
-1495.7 0.314823
-1495.5 0.315702
-1495.3 0.316597
-1495.1 0.317405
-1494.9 0.318242
-1494.7 0.319171
-1494.5 0.320074
-1494.3 0.32087
-1494.1 0.321772
-1493.9 0.322602
-1493.7 0.323341
-1493.5 0.324172
-1493.3 0.324918
-1493.1 0.325703
-1492.9 0.32653
-1492.7 0.327261
-1492.5 0.328039
-1492.3 0.328888
-1492.1 0.32971
-1491.9 0.330461
-1491.7 0.331299
-1491.5 0.332121
-1491.3 0.332857
-1491.1 0.333645
-1490.9 0.334377
-1490.7 0.335192
-1490.5 0.336
-1490.3 0.336807
-1490.1 0.337641
-1489.9 0.338479
-1489.7 0.33929
-1489.5 0.340109
-1489.3 0.340951
-1489.1 0.341777
-1488.9 0.342642
-1488.7 0.343453
-1488.5 0.344317
-1488.3 0.345129
-1488.1 0.345963
-1487.9 0.346816
-1487.7 0.347714
-1487.5 0.348525
-1487.3 0.349337
-1487.1 0.350178
-1486.9 0.351107
-1486.7 0.351941
-1486.5 0.352786
-1486.3 0.353552
-1486.1 0.354314
-1485.9 0.355186
-1485.7 0.356172
-1485.5 0.356979
-1485.3 0.357806
-1485.1 0.358651
-1484.9 0.359523
-1484.7 0.360353
-1484.5 0.36135
-1484.3 0.3622
-1484.1 0.36309
-1483.9 0.363978
-1483.7 0.364857
-1483.5 0.365729
-1483.3 0.366578
-1483.1 0.367499
-1482.9 0.368326
-1482.7 0.369217
-1482.5 0.370202
-1482.3 0.371154
-1482.1 0.372037
-1481.9 0.372894
-1481.7 0.373834
-1481.5 0.374828
-1481.3 0.375749
-1481.1 0.376643
-1480.9 0.377546
-1480.7 0.378497
-1480.5 0.379403
-1480.3 0.380158
-1480.1 0.380977
-1479.9 0.381867
-1479.7 0.382717
-1479.5 0.383717
-1479.3 0.384612
-1479.1 0.385458
-1478.9 0.386375
-1478.7 0.387315
-1478.5 0.388149
-1478.3 0.389059
-1478.1 0.389844
-1477.9 0.39056
-1477.7 0.391326
-1477.5 0.39205
-1477.3 0.392861
-1477.1 0.393521
-1476.9 0.394321
-1476.7 0.395056
-1476.5 0.395826
-1476.3 0.39669
-1476.1 0.397509
-1475.9 0.398366
-1475.7 0.399215
-1475.5 0.40003
-1475.3 0.40077
-1475.1 0.401573
-1474.9 0.402495
-1474.7 0.40331
-1474.5 0.404102
-1474.3 0.404944
-1474.1 0.405808
-1473.9 0.406649
-1473.7 0.407434
-1473.5 0.408306
-1473.3 0.409102
-1473.1 0.409728
-1472.9 0.410494
-1472.7 0.411426
-1472.5 0.412264
-1472.3 0.413068
-1472.1 0.413962
-1471.9 0.414781
-1471.7 0.415577
-1471.5 0.416339
-1471.3 0.417158
-1471.1 0.418053
-1470.9 0.418891
-1470.7 0.41971
-1470.5 0.420468
-1470.3 0.421351
-1470.1 0.422147
-1469.9 0.422966
-1469.7 0.423686
-1469.5 0.424562
-1469.3 0.425517
-1469.1 0.426378
-1468.9 0.42728
-1468.7 0.428069
-1468.5 0.428838
-1468.3 0.429691
-1468.1 0.430533
-1467.9 0.431337
-1467.7 0.432121
-1467.5 0.432948
-1467.3 0.433771
-1467.1 0.434533
-1466.9 0.435439
-1466.7 0.436352
-1466.5 0.437175
-1466.3 0.437986
-1466.1 0.438907
-1465.9 0.439734
-1465.7 0.440496
-1465.5 0.441447
-1465.3 0.44235
-1465.1 0.44318
-1464.9 0.444196
-1464.7 0.445034
-1464.5 0.445997
-1464.3 0.446914
-1464.1 0.447706
-1463.9 0.44865
-1463.7 0.449553
-1463.5 0.450481
-1463.3 0.451479
-1463.1 0.452286
-1462.9 0.453078
-1462.7 0.453969
-1462.5 0.45483
-1462.3 0.45569
-1462.1 0.456524
-1461.9 0.457434
-1461.7 0.458253
-1461.5 0.459189
-1461.3 0.460061
-1461.1 0.460994
-1460.9 0.461832
-1460.7 0.462643
-1460.5 0.463545
-1460.3 0.464315
-1460.1 0.465115
-1459.9 0.465938
-1459.7 0.466756
-1459.5 0.467621
-1459.3 0.46836
-1459.1 0.469164
-1458.9 0.469865
-1458.7 0.47065
-1458.5 0.47156
-1458.3 0.47236
-1458.1 0.47325
-1457.9 0.473963
-1457.7 0.474771
-1457.5 0.475567
-1457.3 0.47642
-1457.1 0.477223
-1456.9 0.477936
-1456.7 0.478819
-1456.5 0.479661
-1456.3 0.480431
-1456.1 0.481193
-1455.9 0.481981
-1455.7 0.482774
-1455.5 0.483657
-1455.3 0.48454
-1455.1 0.485351
-1454.9 0.486208
-1454.7 0.486989
-1454.5 0.487755
-1454.3 0.488513
-1454.1 0.489415
-1453.9 0.490193
-1453.7 0.490977
-1453.5 0.491777
-1453.3 0.492566
-1453.1 0.493366
-1452.9 0.494154
-1452.7 0.495011
-1452.5 0.495784
-1452.3 0.49663
-1452.1 0.497494
-1451.9 0.498294
-1451.7 0.499071
-1451.5 0.499776
-1451.3 0.500644
-1451.1 0.501513
-1450.9 0.502385
-1450.7 0.503169
-1450.5 0.504053
-1450.3 0.504955
-1450.1 0.505804
-1449.9 0.506665
-1449.7 0.50759
-1449.5 0.508507
-1449.3 0.509516
-1449.1 0.510338
-1448.9 0.511191
-1448.7 0.512063
-1448.5 0.51292
-1448.3 0.513788
-1448.1 0.514611
-1447.9 0.515464
-1447.7 0.516343
-1447.5 0.517336
-1447.3 0.518205
-1447.1 0.51908
-1446.9 0.519869
-1446.7 0.520741
-1446.5 0.521571
-1446.3 0.52264
-1446.1 0.523626
-1445.9 0.524551
-1445.7 0.52543
-1445.5 0.526261
-1445.3 0.52706
-1445.1 0.52786
-1444.9 0.528827
-1444.7 0.529714
-1444.5 0.530597
-1444.3 0.531443
-1444.1 0.532224
-1443.9 0.533058
-1443.7 0.53379
-1443.5 0.53457
-1443.3 0.53542
-1443.1 0.536189
-1442.9 0.537107
-1442.7 0.537937
-1442.5 0.538623
-1442.3 0.539427
-1442.1 0.540181
-1441.9 0.540924
-1441.7 0.541864
-1441.5 0.542611
-1441.3 0.543487
-1441.1 0.544382
-1440.9 0.545182
-1440.7 0.546057
-1440.5 0.546891
-1440.3 0.547832
-1440.1 0.548616
-1439.9 0.549477
-1439.7 0.550292
-1439.5 0.551156
-1439.3 0.551918
-1439.1 0.552794
-1438.9 0.553545
-1438.7 0.554265
-1438.5 0.555016
-1438.3 0.555819
-1438.1 0.556646
-1437.9 0.55762
-1437.7 0.558427
-1437.5 0.559129
-1437.3 0.559986
-1437.1 0.560816
-1436.9 0.561616
-1436.7 0.562507
-1436.5 0.56336
-1436.3 0.56416
-1436.1 0.565024
-1435.9 0.56585
-1435.7 0.566677
-1435.5 0.567412
-1435.3 0.568239
-1435.1 0.569149
-1434.9 0.570058
-1434.7 0.570945
-1434.5 0.571764
-1434.3 0.572655
-1434.1 0.573539
-1433.9 0.574301
-1433.7 0.57521
-1433.5 0.576098
-1433.3 0.577011
-1433.1 0.577872
-1432.9 0.578675
-1432.7 0.579464
-1432.5 0.58029
-1432.3 0.581121
-1432.1 0.582
-1431.9 0.582857
-1431.7 0.583702
-1431.5 0.584552
-1431.3 0.585306
-1431.1 0.586072
-1430.9 0.58694
-1430.7 0.587789
-1430.5 0.58865
-1430.3 0.589438
-1430.1 0.590272
-1429.9 0.591258
-1429.7 0.59205
-1429.5 0.59296
-1429.3 0.593749
-1429.1 0.594674
-1428.9 0.595546
-1428.7 0.596467
-1428.5 0.597324
-1428.3 0.598214
-1428.1 0.59909
-1427.9 0.599951
-1427.7 0.600819
-1427.5 0.601679
-1427.3 0.602457
-1427.1 0.603249
-1426.9 0.604094
-1426.7 0.604936
-1426.5 0.605721
-1426.3 0.606479
-1426.1 0.607351
-1425.9 0.608261
-1425.7 0.609034
-1425.5 0.609906
-1425.3 0.610854
-1425.1 0.611767
-1424.9 0.612605
-1424.7 0.613398
-1424.5 0.614311
-1424.3 0.615058
-1424.1 0.615922
-1423.9 0.61687
-1423.7 0.617727
-1423.5 0.618606
-1423.3 0.619494
-1423.1 0.620347
-1422.9 0.62126
-1422.7 0.622132
-1422.5 0.623042
-1422.3 0.623902
-1422.1 0.624702
-1421.9 0.625533
-1421.7 0.626405
-1421.5 0.627216
-1421.3 0.628016
-1421.1 0.628869
-1420.9 0.629672
-1420.7 0.630457
-1420.5 0.631193
-1420.3 0.632015
-1420.1 0.632804
-1419.9 0.633623
-1419.7 0.634525
-1419.5 0.635363
-1419.3 0.636159
-1419.1 0.636925
-1418.9 0.637717
-1418.7 0.638528
-1418.5 0.639268
-1418.3 0.640147
-1418.1 0.641061
-1417.9 0.641944
-1417.7 0.642767
-1417.5 0.643673
-1417.3 0.644511
-1417.1 0.645364
-1416.9 0.646114
-1416.7 0.646899
-1416.5 0.647669
-1416.3 0.648491
-1416.1 0.649352
-1415.9 0.650171
-1415.7 0.650948
-1415.5 0.651767
-1415.3 0.652654
-1415.1 0.653492
-1414.9 0.654314
-1414.7 0.655216
-1414.5 0.656047
-1414.3 0.656877
-1414.1 0.657798
-1413.9 0.658636
-1413.7 0.659512
-1413.5 0.660338
-1413.3 0.661134
-1413.1 0.661999
-1412.9 0.662715
-1412.7 0.663716
-1412.5 0.664531
-1412.3 0.665407
-1412.1 0.666309
-1411.9 0.667192
-1411.7 0.667977
-1411.5 0.668758
-1411.3 0.669577
-1411.1 0.670513
-1410.9 0.671404
-1410.7 0.672261
-1410.5 0.673114
-1410.3 0.674012
-1410.1 0.674865
-1409.9 0.675718
-1409.7 0.67659
-1409.5 0.677466
-1409.3 0.678209
-1409.1 0.679066
-1408.9 0.679904
-1408.7 0.680772
-1408.5 0.681545
-1408.3 0.682535
-1408.1 0.683361
-1407.9 0.684298
-1407.7 0.685196
-1407.5 0.68606
-1407.3 0.68686
-1407.1 0.687618
-1406.9 0.688452
-1406.7 0.689271
-1406.5 0.690132
-1406.3 0.690981
-1406.1 0.6918
-1405.9 0.692649
-1405.7 0.693498
-1405.5 0.69442
-1405.3 0.69525
-1405.1 0.696133
-1404.9 0.696922
-1404.7 0.697816
-1404.5 0.698639
-1404.3 0.699481
-1404.1 0.700315
-1403.9 0.701122
-1403.7 0.701994
-1403.5 0.702866
-1403.3 0.703674
-1403.1 0.704462
-1402.9 0.705201
-1402.7 0.706001
-1402.5 0.706812
-1402.3 0.7077
-1402.1 0.708621
-1401.9 0.709462
-1401.7 0.710289
-1401.5 0.711165
-1401.3 0.712052
-1401.1 0.712931
-1400.9 0.713818
-1400.7 0.714592
-1400.5 0.715433
-1400.3 0.716309
-1400.1 0.717117
-1399.9 0.718004
-1399.7 0.718792
-1399.5 0.719626
-1399.3 0.720354
-1399.1 0.721169
-1398.9 0.722083
-1398.7 0.722883
-1398.5 0.723739
-1398.3 0.724574
-1398.1 0.725354
-1397.9 0.726177
-1397.7 0.727106
-1397.5 0.728042
-1397.3 0.728812
-1397.1 0.729695
-1396.9 0.730525
-1396.7 0.731284
-1396.5 0.732076
-1396.3 0.732876
-1396.1 0.733645
-1395.9 0.734502
-1395.7 0.735332
-1395.5 0.735996
-1395.3 0.736633
-1395.1 0.737395
-1394.9 0.738248
-1394.7 0.739089
-1394.5 0.739942
-1394.3 0.740811
-1394.1 0.741626
-1393.9 0.742376
-1393.7 0.743256
-1393.5 0.744097
-1393.3 0.744852
-1393.1 0.74569
-1392.9 0.74644
-1392.7 0.747183
-1392.5 0.748017
-1392.3 0.748757
-1392.1 0.749659
-1391.9 0.750493
-1391.7 0.751342
-1391.5 0.75218
-1391.3 0.753014
-1391.1 0.753852
-1390.9 0.754697
-1390.7 0.75558
-1390.5 0.75646
-1390.3 0.757195
-1390.1 0.758037
-1389.9 0.758848
-1389.7 0.759644
-1389.5 0.760433
-1389.3 0.761263
-1389.1 0.762029
-1388.9 0.762916
-1388.7 0.763788
-1388.5 0.764645
-1388.3 0.765407
-1388.1 0.766127
-1387.9 0.766938
-1387.7 0.767776
-1387.5 0.768671
-1387.3 0.769539
-1387.1 0.770377
-1386.9 0.771298
-1386.7 0.772143
-1386.5 0.772989
-1386.3 0.773929
-1386.1 0.774828
-1385.9 0.775741
-1385.7 0.776662
-1385.5 0.777474
-1385.3 0.778293
-1385.1 0.779115
-1384.9 0.779892
-1384.7 0.780742
-1384.5 0.781549
-1384.3 0.782406
-1384.1 0.783266
-1383.9 0.784078
-1383.7 0.78487
-1383.5 0.785659
-1383.3 0.786379
-1383.1 0.787088
-1382.9 0.787998
-1382.7 0.788968
-1382.5 0.789738
-1382.3 0.790481
-1382.1 0.79125
-1381.9 0.792099
-1381.7 0.792911
-1381.5 0.793775
-1381.3 0.794567
-1381.1 0.795375
-1380.9 0.796186
-1380.7 0.797119
-1380.5 0.79801
-1380.3 0.798829
-1380.1 0.799613
-1379.9 0.80039
-1379.7 0.801187
-1379.5 0.802013
-1379.3 0.802802
-1379.1 0.803571
-1378.9 0.804295
-1378.7 0.805129
-1378.5 0.80596
-1378.3 0.80674
-1378.1 0.807559
-1377.9 0.808371
-1377.7 0.809095
-1377.5 0.809879
-1377.3 0.810687
-1377.1 0.811411
-1376.9 0.812241
-1376.7 0.81306
-1376.5 0.813932
-1376.3 0.814618
-1376.1 0.815316
-1375.9 0.81618
-1375.7 0.817007
-1375.5 0.817829
-1375.3 0.818625
-1375.1 0.819384
-1374.9 0.820373
-1374.7 0.821173
-1374.5 0.822121
-1374.3 0.822974
-1374.1 0.823861
-1373.9 0.824646
-1373.7 0.825442
-1373.5 0.826302
-1373.3 0.827148
-1373.1 0.828023
-1372.9 0.828774
-1372.7 0.8296
-1372.5 0.83048
-1372.3 0.831378
-1372.1 0.832193
-1371.9 0.833035
-1371.7 0.833971
-1371.5 0.834741
-1371.3 0.835568
-1371.1 0.836405
-1370.9 0.837236
-1370.7 0.838092
-1370.5 0.838904
-1370.3 0.839696
-1370.1 0.840503
-1369.9 0.84136
-1369.7 0.842213
-1369.5 0.843017
-1369.3 0.84395
-1369.1 0.844768
-1368.9 0.845633
-1368.7 0.846436
-1368.5 0.84713
-1368.3 0.847976
-1368.1 0.848863
-1367.9 0.849663
-1367.7 0.850451
-1367.5 0.851255
-1367.3 0.8521
-1367.1 0.852877
-1366.9 0.85381
-1366.7 0.854663
-1366.5 0.855539
-1366.3 0.856414
-1366.1 0.857283
-1365.9 0.858113
-1365.7 0.858966
-1365.5 0.859682
-1365.3 0.860494
-1365.1 0.861259
-1364.9 0.862067
-1364.7 0.862927
-1364.5 0.863796
-1364.3 0.864611
-1364.1 0.865433
-1363.9 0.866309
-1363.7 0.867105
-1363.5 0.867863
-1363.3 0.868701
-1363.1 0.86944
-1362.9 0.870233
-1362.7 0.871029
-1362.5 0.871836
-1362.3 0.872739
-1362.1 0.873607
-1361.9 0.874452
-1361.7 0.875324
-1361.5 0.876079
-1361.3 0.876909
-1361.1 0.877803
-1360.9 0.878782
-1360.7 0.879555
-1360.5 0.880465
-1360.3 0.881227
-1360.1 0.882065
-1359.9 0.882876
-1359.7 0.883653
-1359.5 0.884453
-1359.3 0.885344
-1359.1 0.886148
-1358.9 0.886982
-1358.7 0.887816
-1358.5 0.888525
-1358.3 0.889294
-1358.1 0.890113
-1357.9 0.890974
-1357.7 0.891808
-1357.5 0.892585
-1357.3 0.893483
-1357.1 0.894374
-1356.9 0.895102
-1356.7 0.895902
-1356.5 0.896717
-1356.3 0.897528
-1356.1 0.898328
-1355.9 0.899185
-1355.7 0.89992
-1355.5 0.900629
-1355.3 0.901463
-1355.1 0.902468
-1354.9 0.903317
-1354.7 0.904034
-1354.5 0.904898
-1354.3 0.905626
-1354.1 0.906365
-1353.9 0.90715
-1353.7 0.907957
-1353.5 0.90889
-1353.3 0.909648
-1353.1 0.910478
-1352.9 0.911286
-1352.7 0.912162
-1352.5 0.912878
-1352.3 0.913652
-1352.1 0.914444
-1351.9 0.915361
-1351.7 0.916184
-1351.5 0.91698
-1351.3 0.917837
-1351.1 0.918663
-1350.9 0.919494
-1350.7 0.920278
-1350.5 0.921139
-1350.3 0.921973
-1350.1 0.922788
-1349.9 0.92366
-1349.7 0.924403
-1349.5 0.925237
-1349.3 0.926041
-1349.1 0.926962
-1348.9 0.927883
-1348.7 0.928702
-1348.5 0.929604
-1348.3 0.930393
-1348.1 0.931246
-1347.9 0.932099
-1347.7 0.932948
-1347.5 0.933774
-1347.3 0.934616
-1347.1 0.935348
-1346.9 0.936136
-1346.7 0.937008
-1346.5 0.937778
-1346.3 0.938506
-1346.1 0.939328
-1345.9 0.940037
-1345.7 0.940807
-1345.5 0.941561
-1345.3 0.942342
-1345.1 0.943002
-1344.9 0.943779
-1344.7 0.94456
-1344.5 0.945383
-1344.3 0.946175
-1344.1 0.946941
-1343.9 0.947653
-1343.7 0.948404
-1343.5 0.949094
-1343.3 0.94978
-1343.1 0.950497
-1342.9 0.951346
-1342.7 0.952108
-1342.5 0.952866
-1342.3 0.953548
-1342.1 0.954257
-1341.9 0.954932
-1341.7 0.955599
-1341.5 0.956153
-1341.3 0.956771
-1341.1 0.95743
-1340.9 0.958082
-1340.7 0.958681
-1340.5 0.959398
-1340.3 0.96002
-1340.1 0.960558
-1339.9 0.961153
-1339.7 0.961729
-1339.5 0.962268
-1339.3 0.962855
-1339.1 0.963489
-1338.9 0.964099
-1338.7 0.96474
-1338.5 0.965251
-1338.3 0.965809
-1338.1 0.966313
-1337.9 0.966851
-1337.7 0.967329
-1337.5 0.967848
-1337.3 0.968417
-1337.1 0.968955
-1336.9 0.969368
-1336.7 0.96988
-1336.5 0.970354
-1336.3 0.970934
-1336.1 0.971435
-1335.9 0.97184
-1335.7 0.97228
-1335.5 0.972773
-1335.3 0.973307
-1335.1 0.973702
-1334.9 0.974084
-1334.7 0.974555
-1334.5 0.974922
-1334.3 0.97532
-1334.1 0.975715
-1333.9 0.97606
-1333.7 0.976477
-1333.5 0.976841
-1333.3 0.977261
-1333.1 0.977694
-1332.9 0.978031
-1332.7 0.978395
-1332.5 0.978831
-1332.3 0.97918
-1332.1 0.97957
-1331.9 0.979885
-1331.7 0.980325
-1331.5 0.980673
-1331.3 0.981071
-1331.1 0.981352
-1330.9 0.981667
-1330.7 0.982053
-1330.5 0.982357
-1330.3 0.982713
-1330.1 0.983001
-1329.9 0.983335
-1329.7 0.98368
-1329.5 0.984006
-1329.3 0.984301
-1329.1 0.984635
-1328.9 0.984999
-1328.7 0.985264
-1328.5 0.985598
-1328.3 0.985931
-1328.1 0.98622
-1327.9 0.986504
-1327.7 0.986784
-1327.5 0.987076
-1327.3 0.987364
-1327.1 0.987694
-1326.9 0.987929
-1326.7 0.988161
-1326.5 0.988441
-1326.3 0.988718
-1326.1 0.988923
-1325.9 0.989139
-1325.7 0.989359
-1325.5 0.989548
-1325.3 0.989779
-1325.1 0.990011
-1324.9 0.990193
-1324.7 0.990356
-1324.5 0.990557
-1324.3 0.990723
-1324.1 0.990992
-1323.9 0.991209
-1323.7 0.991387
-1323.5 0.991591
-1323.3 0.991777
-1323.1 0.991952
-1322.9 0.992149
-1322.7 0.992266
-1322.5 0.992429
-1322.3 0.9926
-1322.1 0.992793
-1321.9 0.992968
-1321.7 0.993131
-1321.5 0.993309
-1321.3 0.993476
-1321.1 0.993623
-1320.9 0.993764
-1320.7 0.993885
-1320.5 0.994033
-1320.3 0.994169
-1320.1 0.99434
-1319.9 0.994503
-1319.7 0.994639
-1319.5 0.994742
-1319.3 0.994901
-1319.1 0.995003
-1318.9 0.995098
-1318.7 0.995246
-1318.5 0.995383
-1318.3 0.995515
-1318.1 0.995637
-1317.9 0.995758
-1317.7 0.995872
-1317.5 0.995978
-1317.3 0.996069
-1317.1 0.996186
-1316.9 0.996304
-1316.7 0.996387
-1316.5 0.996474
-1316.3 0.996592
-1316.1 0.996683
-1315.9 0.996812
-1315.7 0.996929
-1315.5 0.99699
-1315.3 0.997096
-1315.1 0.997221
-1314.9 0.997289
-1314.7 0.997365
-1314.5 0.997433
-1314.3 0.997502
-1314.1 0.99757
-1313.9 0.997684
-1313.7 0.997756
-1313.5 0.997843
-1313.3 0.997953
-1313.1 0.998017
-1312.9 0.99807
-1312.7 0.998146
-1312.5 0.998218
-1312.3 0.99829
-1312.1 0.998347
-1311.9 0.998446
-1311.7 0.998491
-1311.5 0.998529
-1311.3 0.998571
-1311.1 0.998616
-1310.9 0.998669
-1310.7 0.998711
-1310.5 0.998779
-1310.3 0.998832
-1310.1 0.998882
-1309.9 0.99895
-1309.7 0.998976
-1309.5 0.999026
-1309.3 0.99906
-1309.1 0.999094
-1308.9 0.999124
-1308.7 0.999147
-1308.5 0.999189
-1308.3 0.999227
-1308.1 0.999246
-1307.9 0.999268
-1307.7 0.999287
-1307.5 0.999318
-1307.3 0.999352
-1307.1 0.999386
-1306.9 0.999431
-1306.7 0.999443
-1306.5 0.999465
-1306.3 0.999473
-1306.1 0.999496
-1305.9 0.999507
-1305.7 0.999537
-1305.5 0.99956
-1305.3 0.999575
-1305.1 0.999591
-1304.9 0.999613
-1304.7 0.999628
-1304.5 0.999644
-1304.3 0.99967
-1304.1 0.999689
-1303.9 0.999704
-1303.7 0.999727
-1303.5 0.999731
-1303.3 0.999746
-1303.1 0.999765
-1302.9 0.99978
-1302.7 0.999799
-1302.5 0.999818
-1302.3 0.999829
-1302.1 0.999856
-1301.9 0.999879
-1301.7 0.999886
-1301.5 0.999898
-1301.3 0.999917
-1301.1 0.999939
-1300.9 0.999947
-1300.7 0.999951
-1300.5 0.999962
-1300.3 0.99997
-1300.1 0.999973
-1299.9 1
