1411
-1581.9 3.80311e-06
-1581.7 3.80311e-06
-1581.5 3.80311e-06
-1581.3 3.80311e-06
-1581.1 3.80311e-06
-1580.9 3.80311e-06
-1580.7 3.80311e-06
-1580.5 3.80311e-06
-1580.3 7.60621e-06
-1580.1 7.60621e-06
-1579.9 7.60621e-06
-1579.7 7.60621e-06
-1579.5 7.60621e-06
-1579.3 7.60621e-06
-1579.1 7.60621e-06
-1578.9 7.60621e-06
-1578.7 7.60621e-06
-1578.5 7.60621e-06
-1578.3 7.60621e-06
-1578.1 7.60621e-06
-1577.9 7.60621e-06
-1577.7 7.60621e-06
-1577.5 7.60621e-06
-1577.3 7.60621e-06
-1577.1 7.60621e-06
-1576.9 7.60621e-06
-1576.7 7.60621e-06
-1576.5 7.60621e-06
-1576.3 1.14093e-05
-1576.1 1.14093e-05
-1575.9 1.14093e-05
-1575.7 1.14093e-05
-1575.5 1.14093e-05
-1575.3 1.14093e-05
-1575.1 1.14093e-05
-1574.9 1.14093e-05
-1574.7 1.14093e-05
-1574.5 1.14093e-05
-1574.3 1.14093e-05
-1574.1 1.14093e-05
-1573.9 1.14093e-05
-1573.7 1.52124e-05
-1573.5 1.52124e-05
-1573.3 1.52124e-05
-1573.1 1.52124e-05
-1572.9 1.52124e-05
-1572.7 1.52124e-05
-1572.5 1.52124e-05
-1572.3 1.52124e-05
-1572.1 1.52124e-05
-1571.9 1.52124e-05
-1571.7 1.52124e-05
-1571.5 1.52124e-05
-1571.3 1.52124e-05
-1571.1 1.52124e-05
-1570.9 1.52124e-05
-1570.7 1.52124e-05
-1570.5 1.52124e-05
-1570.3 1.52124e-05
-1570.1 1.52124e-05
-1569.9 1.52124e-05
-1569.7 1.52124e-05
-1569.5 1.52124e-05
-1569.3 1.52124e-05
-1569.1 1.52124e-05
-1568.9 1.52124e-05
-1568.7 1.52124e-05
-1568.5 1.52124e-05
-1568.3 1.52124e-05
-1568.1 1.52124e-05
-1567.9 1.52124e-05
-1567.7 1.52124e-05
-1567.5 1.52124e-05
-1567.3 1.52124e-05
-1567.1 1.52124e-05
-1566.9 1.52124e-05
-1566.7 1.52124e-05
-1566.5 1.52124e-05
-1566.3 1.52124e-05
-1566.1 1.52124e-05
-1565.9 1.52124e-05
-1565.7 1.52124e-05
-1565.5 1.52124e-05
-1565.3 1.52124e-05
-1565.1 1.52124e-05
-1564.9 1.52124e-05
-1564.7 1.52124e-05
-1564.5 2.28186e-05
-1564.3 2.66217e-05
-1564.1 3.04248e-05
-1563.9 3.4228e-05
-1563.7 4.94404e-05
-1563.5 6.84559e-05
-1563.3 0.000106487
-1563.1 0.000144518
-1562.9 0.00017114
-1562.7 0.000224383
-1562.5 0.00028143
-1562.3 0.000338476
-1562.1 0.000403129
-1561.9 0.000509616
-1561.7 0.000604694
-1561.5 0.000703575
-1561.3 0.000855699
-1561.1 0.00100402
-1560.9 0.00113333
-1560.7 0.00128165
-1560.5 0.00145659
-1560.3 0.00160111
-1560.1 0.00179507
-1559.9 0.00203466
-1559.7 0.00223623
-1559.5 0.00248723
-1559.3 0.00278007
-1559.1 0.00308432
-1558.9 0.00340378
-1558.7 0.00375367
-1558.5 0.00412257
-1558.3 0.00455992
-1558.1 0.00495925
-1557.9 0.00536238
-1557.7 0.00594806
-1557.5 0.00647289
-1557.3 0.00707758
-1557.1 0.00773552
-1556.9 0.00834021
-1556.7 0.00903238
-1556.5 0.00975877
-1556.3 0.0105802
-1556.1 0.0114664
-1555.9 0.0124019
-1555.7 0.0132234
-1555.5 0.014235
-1555.3 0.0152505
-1555.1 0.0163381
-1554.9 0.0174905
-1554.7 0.0186276
-1554.5 0.0198788
-1554.3 0.0210882
-1554.1 0.0223204
-1553.9 0.0236135
-1553.7 0.0250815
-1553.5 0.0265837
-1553.3 0.0279566
-1553.1 0.0293029
-1552.9 0.030866
-1552.7 0.032372
-1552.5 0.0339161
-1552.3 0.0354107
-1552.1 0.0369053
-1551.9 0.0384152
-1551.7 0.0399022
-1551.5 0.0415185
-1551.3 0.0429713
-1551.1 0.0446256
-1550.9 0.0464549
-1550.7 0.0480713
-1550.5 0.049737
-1550.3 0.0513876
-1550.1 0.0528974
-1549.9 0.0545289
-1549.7 0.0561452
-1549.5 0.0576475
-1549.3 0.0591383
-1549.1 0.0606443
-1548.9 0.0623633
-1548.7 0.0637591
-1548.5 0.065208
-1548.3 0.0667521
-1548.1 0.0682657
-1547.9 0.0696615
-1547.7 0.0710496
-1547.5 0.0725404
-1547.3 0.0741035
-1547.1 0.0754232
-1546.9 0.0767619
-1546.7 0.078093
-1546.5 0.0795039
-1546.3 0.0807589
-1546.1 0.0821471
-1545.9 0.0834325
-1545.7 0.0846952
-1545.5 0.0859654
-1545.3 0.0872661
-1545.1 0.0885591
-1544.9 0.0898179
-1544.7 0.0910806
-1544.5 0.0924041
-1544.3 0.0936325
-1544.1 0.0947924
-1543.9 0.096017
-1543.7 0.0971693
-1543.5 0.0984206
-1543.3 0.0996452
-1543.1 0.100778
-1542.9 0.102026
-1542.7 0.10314
-1542.5 0.104201
-1542.3 0.10538
-1542.1 0.10654
-1541.9 0.10754
-1541.7 0.108678
-1541.5 0.109754
-1541.3 0.110788
-1541.1 0.111868
-1540.9 0.112918
-1540.7 0.113952
-1540.5 0.114995
-1540.3 0.116101
-1540.1 0.117094
-1539.9 0.118132
-1539.7 0.119189
-1539.5 0.120125
-1539.3 0.121137
-1539.1 0.122141
-1538.9 0.123262
-1538.7 0.124259
-1538.5 0.125221
-1538.3 0.126286
-1538.1 0.127164
-1537.9 0.128172
-1537.7 0.129153
-1537.5 0.130062
-1537.3 0.131051
-1537.1 0.132063
-1536.9 0.132987
-1536.7 0.133961
-1536.5 0.134885
-1536.3 0.135934
-1536.1 0.136927
-1535.9 0.137859
-1535.7 0.138924
-1535.5 0.139878
-1535.3 0.140806
-1535.1 0.141742
-1534.9 0.142727
-1534.7 0.143727
-1534.5 0.144689
-1534.3 0.145682
-1534.1 0.146595
-1533.9 0.147652
-1533.7 0.148565
-1533.5 0.149572
-1533.3 0.150462
-1533.1 0.151371
-1532.9 0.15236
-1532.7 0.15328
-1532.5 0.154094
-1532.3 0.155045
-1532.1 0.156068
-1531.9 0.157057
-1531.7 0.158061
-1531.5 0.158977
-1531.3 0.159871
-1531.1 0.160803
-1530.9 0.161575
-1530.7 0.162507
-1530.5 0.163389
-1530.3 0.164226
-1530.1 0.165047
-1529.9 0.165903
-1529.7 0.166911
-1529.5 0.167725
-1529.3 0.168561
-1529.1 0.169466
-1528.9 0.170345
-1528.7 0.171212
-1528.5 0.172132
-1528.3 0.173049
-1528.1 0.173844
-1527.9 0.174639
-1527.7 0.175491
-1527.5 0.176304
-1527.3 0.177213
-1527.1 0.178077
-1526.9 0.179062
-1526.7 0.180012
-1526.5 0.180891
-1526.3 0.181747
-1526.1 0.182595
-1525.9 0.1835
-1525.7 0.184298
-1525.5 0.185124
-1525.3 0.185983
-1525.1 0.18682
-1524.9 0.187801
-1524.7 0.188653
-1524.5 0.189596
-1524.3 0.190505
-1524.1 0.191433
-1523.9 0.192414
-1523.7 0.193319
-1523.5 0.194259
-1523.3 0.195084
-1523.1 0.196035
-1522.9 0.196853
-1522.7 0.197838
-1522.5 0.19861
-1522.3 0.199606
-1522.1 0.200458
-1521.9 0.201348
-1521.7 0.202299
-1521.5 0.203234
-1521.3 0.204101
-1521.1 0.204999
-1520.9 0.206007
-1520.7 0.206916
-1520.5 0.207718
-1520.3 0.208619
-1520.1 0.209544
-1519.9 0.210475
-1519.7 0.211377
-1519.5 0.212232
-1519.3 0.213023
-1519.1 0.213948
-1518.9 0.214773
-1518.7 0.21564
-1518.5 0.216515
-1518.3 0.217359
-1518.1 0.218336
-1517.9 0.219238
-1517.7 0.220002
-1517.5 0.220881
-1517.3 0.221839
-1517.1 0.222672
-1516.9 0.223626
-1516.7 0.224478
-1516.5 0.225307
-1516.3 0.226159
-1516.1 0.226977
-1515.9 0.227836
-1515.7 0.228673
-1515.5 0.229498
-1515.3 0.23043
-1515.1 0.231202
-1514.9 0.232066
-1514.7 0.232872
-1514.5 0.233617
-1514.3 0.234458
-1514.1 0.235336
-1513.9 0.236177
-1513.7 0.237002
-1513.5 0.237732
-1513.3 0.238485
-1513.1 0.239341
-1512.9 0.240071
-1512.7 0.240801
-1512.5 0.241569
-1512.3 0.242322
-1512.1 0.243098
-1511.9 0.243905
-1511.7 0.244779
-1511.5 0.245513
-1511.3 0.246312
-1511.1 0.247073
-1510.9 0.247814
-1510.7 0.248628
-1510.5 0.249442
-1510.3 0.250172
-1510.1 0.251005
-1509.9 0.251792
-1509.7 0.252682
-1509.5 0.253443
-1509.3 0.254245
-1509.1 0.25504
-1508.9 0.255934
-1508.7 0.25666
-1508.5 0.257482
-1508.3 0.258277
-1508.1 0.259109
-1507.9 0.260034
-1507.7 0.26095
-1507.5 0.261863
-1507.3 0.262779
-1507.1 0.263654
-1506.9 0.264578
-1506.7 0.265457
-1506.5 0.2664
-1506.3 0.267282
-1506.1 0.268115
-1505.9 0.269131
-1505.7 0.269948
-1505.5 0.270937
-1505.3 0.27177
-1505.1 0.272645
-1504.9 0.273595
-1504.7 0.274527
-1504.5 0.275459
-1504.3 0.276353
-1504.1 0.277216
-1503.9 0.278007
-1503.7 0.278867
-1503.5 0.279585
-1503.3 0.280506
-1503.1 0.281259
-1502.9 0.282065
-1502.7 0.282871
-1502.5 0.283708
-1502.3 0.284564
-1502.1 0.2854
-1501.9 0.286347
-1501.7 0.287051
-1501.5 0.287842
-1501.3 0.288507
-1501.1 0.289519
-1500.9 0.290215
-1500.7 0.29093
-1500.5 0.291637
-1500.3 0.292417
-1500.1 0.293235
-1499.9 0.294098
-1499.7 0.294779
-1499.5 0.295623
-1499.3 0.296384
-1499.1 0.297201
-1498.9 0.298019
-1498.7 0.298856
-1498.5 0.299616
-1498.3 0.300354
-1498.1 0.301092
-1497.9 0.301887
-1497.7 0.302723
-1497.5 0.303476
-1497.3 0.304112
-1497.1 0.304884
-1496.9 0.305739
-1496.7 0.30645
-1496.5 0.30723
-1496.3 0.307991
-1496.1 0.308694
-1495.9 0.309485
-1495.7 0.310284
-1495.5 0.310976
-1495.3 0.311748
-1495.1 0.312581
-1494.9 0.313467
-1494.7 0.314262
-1494.5 0.315103
-1494.3 0.315943
-1494.1 0.316806
-1493.9 0.31762
-1493.7 0.318434
-1493.5 0.319301
-1493.3 0.320126
-1493.1 0.320898
-1492.9 0.321682
-1492.7 0.322598
-1492.5 0.323595
-1492.3 0.32453
-1492.1 0.325363
-1491.9 0.326261
-1491.7 0.327021
-1491.5 0.327968
-1491.3 0.328797
-1491.1 0.329661
-1490.9 0.330585
-1490.7 0.331463
-1490.5 0.332395
-1490.3 0.333274
-1490.1 0.334084
-1489.9 0.335046
-1489.7 0.335989
-1489.5 0.33678
-1489.3 0.337689
-1489.1 0.338602
-1488.9 0.339412
-1488.7 0.340355
-1488.5 0.341237
-1488.3 0.342162
-1488.1 0.343052
-1487.9 0.343926
-1487.7 0.344835
-1487.5 0.345649
-1487.3 0.346562
-1487.1 0.347391
-1486.9 0.348171
-1486.7 0.349186
-1486.5 0.350114
-1486.3 0.350985
-1486.1 0.35189
-1485.9 0.352784
-1485.7 0.35375
-1485.5 0.3547
-1485.3 0.35559
-1485.1 0.356503
-1484.9 0.357336
-1484.7 0.358203
-1484.5 0.35907
-1484.3 0.359994
-1484.1 0.360831
-1483.9 0.361694
-1483.7 0.362478
-1483.5 0.36328
-1483.3 0.364159
-1483.1 0.364999
-1482.9 0.36579
-1482.7 0.366543
-1482.5 0.367331
-1482.3 0.368163
-1482.1 0.368924
-1481.9 0.369768
-1481.7 0.370677
-1481.5 0.371415
-1481.3 0.372229
-1481.1 0.373001
-1480.9 0.37383
-1480.7 0.374686
-1480.5 0.375538
-1480.3 0.376302
-1480.1 0.377044
-1479.9 0.377892
-1479.7 0.378675
-1479.5 0.379466
-1479.3 0.380261
-1479.1 0.381094
-1478.9 0.381855
-1478.7 0.382649
-1478.5 0.383349
-1478.3 0.384243
-1478.1 0.385106
-1477.9 0.385943
-1477.7 0.386704
-1477.5 0.387483
-1477.3 0.388297
-1477.1 0.389122
-1476.9 0.389948
-1476.7 0.390796
-1476.5 0.391674
-1476.3 0.39256
-1476.1 0.393401
-1475.9 0.394234
-1475.7 0.395143
-1475.5 0.395945
-1475.3 0.396865
-1475.1 0.397679
-1474.9 0.398562
-1474.7 0.39933
-1474.5 0.400125
-1474.3 0.401057
-1474.1 0.401867
-1473.9 0.402684
-1473.7 0.403464
-1473.5 0.404312
-1473.3 0.405118
-1473.1 0.405989
-1472.9 0.406845
-1472.7 0.407815
-1472.5 0.408727
-1472.3 0.409583
-1472.1 0.410439
-1471.9 0.411321
-1471.7 0.41231
-1471.5 0.413245
-1471.3 0.414105
-1471.1 0.414915
-1470.9 0.415877
-1470.7 0.41676
-1470.5 0.417661
-1470.3 0.418577
-1470.1 0.419521
-1469.9 0.420468
-1469.7 0.42143
-1469.5 0.422289
-1469.3 0.423213
-1469.1 0.423997
-1468.9 0.424898
-1468.7 0.425739
-1468.5 0.42661
-1468.3 0.42753
-1468.1 0.428359
-1467.9 0.429287
-1467.7 0.430291
-1467.5 0.431044
-1467.3 0.431942
-1467.1 0.43274
-1466.9 0.433512
-1466.7 0.43433
-1466.5 0.43506
-1466.3 0.435882
-1466.1 0.436654
-1465.9 0.437479
-1465.7 0.4383
-1465.5 0.439088
-1465.3 0.439867
-1465.1 0.440635
-1464.9 0.441426
-1464.7 0.44229
-1464.5 0.443126
-1464.3 0.443902
-1464.1 0.444731
-1463.9 0.445488
-1463.7 0.446279
-1463.5 0.447127
-1463.3 0.447994
-1463.1 0.448835
-1462.9 0.449592
-1462.7 0.450322
-1462.5 0.451086
-1462.3 0.451851
-1462.1 0.452653
-1461.9 0.453459
-1461.7 0.454296
-1461.5 0.455087
-1461.3 0.455882
-1461.1 0.456795
-1460.9 0.457609
-1460.7 0.458388
-1460.5 0.459263
-1460.3 0.460157
-1460.1 0.46091
-1459.9 0.461689
-1459.7 0.462568
-1459.5 0.463325
-1459.3 0.464116
-1459.1 0.464945
-1458.9 0.465782
-1458.7 0.46677
-1458.5 0.467706
-1458.3 0.468417
-1458.1 0.469341
-1457.9 0.470174
-1457.7 0.471087
-1457.5 0.471984
-1457.3 0.472829
-1457.1 0.473688
-1456.9 0.474601
-1456.7 0.475426
-1456.5 0.476278
-1456.3 0.477168
-1456.1 0.478005
-1455.9 0.478929
-1455.7 0.479758
-1455.5 0.480709
-1455.3 0.481724
-1455.1 0.482622
-1454.9 0.48355
-1454.7 0.484409
-1454.5 0.485231
-1454.3 0.486094
-1454.1 0.487071
-1453.9 0.487923
-1453.7 0.488828
-1453.5 0.489711
-1453.3 0.490665
-1453.1 0.491658
-1452.9 0.492601
-1452.7 0.493514
-1452.5 0.494358
-1452.3 0.495256
-1452.1 0.496062
-1451.9 0.496937
-1451.7 0.497819
-1451.5 0.498637
-1451.3 0.499515
-1451.1 0.500458
-1450.9 0.501344
-1450.7 0.502261
-1450.5 0.503193
-1450.3 0.504094
-1450.1 0.504836
-1449.9 0.505741
-1449.7 0.506657
-1449.5 0.507528
-1449.3 0.508376
-1449.1 0.50924
-1448.9 0.51008
-1448.7 0.510902
-1448.5 0.511769
-1448.3 0.512678
-1448.1 0.513503
-1447.9 0.514321
-1447.7 0.515252
-1447.5 0.516085
-1447.3 0.516952
-1447.1 0.517793
-1446.9 0.518664
-1446.7 0.519459
-1446.5 0.520196
-1446.3 0.520972
-1446.1 0.521786
-1445.9 0.522577
-1445.7 0.523372
-1445.5 0.524224
-1445.3 0.525015
-1445.1 0.525814
-1444.9 0.526627
-1444.7 0.527411
-1444.5 0.528198
-1444.3 0.528947
-1444.1 0.529689
-1443.9 0.530575
-1443.7 0.531347
-1443.5 0.532252
-1443.3 0.533051
-1443.1 0.533796
-1442.9 0.534534
-1442.7 0.535413
-1442.5 0.536253
-1442.3 0.537166
-1442.1 0.537991
-1441.9 0.5389
-1441.7 0.539748
-1441.5 0.54057
-1441.3 0.541395
-1441.1 0.54222
-1440.9 0.543068
-1440.7 0.543886
-1440.5 0.544761
-1440.3 0.545662
-1440.1 0.546491
-1439.9 0.547252
-1439.7 0.548119
-1439.5 0.549001
-1439.3 0.5498
-1439.1 0.550579
-1438.9 0.551424
-1438.7 0.552215
-1438.5 0.553044
-1438.3 0.553858
-1438.1 0.554694
-1437.9 0.555596
-1437.7 0.556421
-1437.5 0.55733
-1437.3 0.558258
-1437.1 0.559076
-1436.9 0.560003
-1436.7 0.560912
-1436.5 0.561814
-1436.3 0.56273
-1436.1 0.56351
-1435.9 0.564343
-1435.7 0.565168
-1435.5 0.565993
-1435.3 0.566956
-1435.1 0.567842
-1434.9 0.568716
-1434.7 0.569565
-1434.5 0.570527
-1434.3 0.571443
-1434.1 0.572272
-1433.9 0.573098
-1433.7 0.573938
-1433.5 0.574763
-1433.3 0.575634
-1433.1 0.576574
-1432.9 0.577349
-1432.7 0.578175
-1432.5 0.579061
-1432.3 0.579913
-1432.1 0.580829
-1431.9 0.581643
-1431.7 0.582533
-1431.5 0.583385
-1431.3 0.584157
-1431.1 0.585009
-1430.9 0.585823
-1430.7 0.586743
-1430.5 0.587584
-1430.3 0.588268
-1430.1 0.589074
-1429.9 0.589865
-1429.7 0.590717
-1429.5 0.591524
-1429.3 0.592326
-1429.1 0.593136
-1428.9 0.593927
-1428.7 0.594787
-1428.5 0.595707
-1428.3 0.596464
-1428.1 0.597259
-1427.9 0.598035
-1427.7 0.598837
-1427.5 0.599522
-1427.3 0.600282
-1427.1 0.601054
-1426.9 0.601849
-1426.7 0.602697
-1426.5 0.603492
-1426.3 0.604226
-1426.1 0.605173
-1425.9 0.606071
-1425.7 0.606869
-1425.5 0.607706
-1425.3 0.608535
-1425.1 0.609334
-1424.9 0.610144
-1424.7 0.610881
-1424.5 0.611741
-1424.3 0.612528
-1424.1 0.613293
-1423.9 0.614122
-1423.7 0.614905
-1423.5 0.615753
-1423.3 0.616643
-1423.1 0.6174
-1422.9 0.61821
-1422.7 0.619054
-1422.5 0.619887
-1422.3 0.620724
-1422.1 0.62153
-1421.9 0.622321
-1421.7 0.623219
-1421.5 0.624067
-1421.3 0.624831
-1421.1 0.625588
-1420.9 0.626451
-1420.7 0.627284
-1420.5 0.62809
-1420.3 0.628939
-1420.1 0.629768
-1419.9 0.630699
-1419.7 0.631483
-1419.5 0.632384
-1419.3 0.633331
-1419.1 0.634168
-1418.9 0.635043
-1418.7 0.635933
-1418.5 0.636754
-1418.3 0.637522
-1418.1 0.638393
-1417.9 0.639275
-1417.7 0.640085
-1417.5 0.640903
-1417.3 0.641808
-1417.1 0.642641
-1416.9 0.643482
-1416.7 0.644417
-1416.5 0.645307
-1416.3 0.646125
-1416.1 0.647095
-1415.9 0.647969
-1415.7 0.64889
-1415.5 0.649715
-1415.3 0.650647
-1415.1 0.651582
-1414.9 0.652457
-1414.7 0.653271
-1414.5 0.654157
-1414.3 0.655043
-1414.1 0.655876
-1413.9 0.656789
-1413.7 0.657523
-1413.5 0.658435
-1413.3 0.659322
-1413.1 0.660375
-1412.9 0.661212
-1412.7 0.662056
-1412.5 0.6629
-1412.3 0.663703
-1412.1 0.664494
-1411.9 0.6653
-1411.7 0.666129
-1411.5 0.666981
-1411.3 0.667723
-1411.1 0.668556
-1410.9 0.669407
-1410.7 0.67029
-1410.5 0.671081
-1410.3 0.671876
-1410.1 0.672731
-1409.9 0.673697
-1409.7 0.674462
-1409.5 0.67526
-1409.3 0.676063
-1409.1 0.676881
-1408.9 0.677706
-1408.7 0.678676
-1408.5 0.679482
-1408.3 0.680296
-1408.1 0.681163
-1407.9 0.68192
-1407.7 0.682813
-1407.5 0.683772
-1407.3 0.68451
-1407.1 0.685293
-1406.9 0.686061
-1406.7 0.686879
-1406.5 0.687708
-1406.3 0.688518
-1406.1 0.689416
-1405.9 0.690207
-1405.7 0.690948
-1405.5 0.691766
-1405.3 0.692629
-1405.1 0.693378
-1404.9 0.694215
-1404.7 0.695097
-1404.5 0.695869
-1404.3 0.696649
-1404.1 0.697433
-1403.9 0.698246
-1403.7 0.699083
-1403.5 0.699935
-1403.3 0.700775
-1403.1 0.701608
-1402.9 0.702536
-1402.7 0.70343
-1402.5 0.70416
-1402.3 0.70505
-1402.1 0.705925
-1401.9 0.706689
-1401.7 0.707534
-1401.5 0.708237
-1401.3 0.709127
-1401.1 0.70993
-1400.9 0.710751
-1400.7 0.711527
-1400.5 0.712379
-1400.3 0.713257
-1400.1 0.714121
-1399.9 0.714961
-1399.7 0.715771
-1399.5 0.716653
-1399.3 0.717616
-1399.1 0.718509
-1398.9 0.719433
-1398.7 0.720274
-1398.5 0.721084
-1398.3 0.721993
-1398.1 0.722776
-1397.9 0.723613
-1397.7 0.724514
-1397.5 0.72542
-1397.3 0.726302
-1397.1 0.727158
-1396.9 0.727987
-1396.7 0.72893
-1396.5 0.729888
-1396.3 0.730729
-1396.1 0.731573
-1395.9 0.73233
-1395.7 0.733235
-1395.5 0.734094
-1395.3 0.734905
-1395.1 0.735707
-1394.9 0.736547
-1394.7 0.737373
-1394.5 0.738213
-1394.3 0.739042
-1394.1 0.739833
-1393.9 0.740666
-1393.7 0.741427
-1393.5 0.742218
-1393.3 0.743077
-1393.1 0.74391
-1392.9 0.744785
-1392.7 0.745637
-1392.5 0.746493
-1392.3 0.747383
-1392.1 0.748204
-1391.9 0.749044
-1391.7 0.749946
-1391.5 0.750786
-1391.3 0.751516
-1391.1 0.752365
-1390.9 0.753186
-1390.7 0.75392
-1390.5 0.754783
-1390.3 0.755578
-1390.1 0.756388
-1389.9 0.757274
-1389.7 0.758115
-1389.5 0.758917
-1389.3 0.759693
-1389.1 0.760439
-1388.9 0.761283
-1388.7 0.76218
-1388.5 0.762975
-1388.3 0.763892
-1388.1 0.764767
-1387.9 0.765645
-1387.7 0.766447
-1387.5 0.767265
-1387.3 0.768068
-1387.1 0.768851
-1386.9 0.769692
-1386.7 0.770498
-1386.5 0.771247
-1386.3 0.772042
-1386.1 0.772814
-1385.9 0.77362
-1385.7 0.774506
-1385.5 0.775404
-1385.3 0.776218
-1385.1 0.777013
-1384.9 0.777842
-1384.7 0.77864
-1384.5 0.779515
-1384.3 0.780226
-1384.1 0.780968
-1383.9 0.781782
-1383.7 0.782554
-1383.5 0.783425
-1383.3 0.784219
-1383.1 0.785029
-1382.9 0.785874
-1382.7 0.786741
-1382.5 0.787532
-1382.3 0.788281
-1382.1 0.789042
-1381.9 0.789852
-1381.7 0.790723
-1381.5 0.791548
-1381.3 0.792419
-1381.1 0.793278
-1380.9 0.794241
-1380.7 0.795054
-1380.5 0.795842
-1380.3 0.796648
-1380.1 0.797469
-1379.9 0.798401
-1379.7 0.799242
-1379.5 0.800139
-1379.3 0.801052
-1379.1 0.801927
-1378.9 0.802771
-1378.7 0.80357
-1378.5 0.804448
-1378.3 0.805277
-1378.1 0.806156
-1377.9 0.806954
-1377.7 0.80778
-1377.5 0.808525
-1377.3 0.809354
-1377.1 0.810149
-1376.9 0.810906
-1376.7 0.811784
-1376.5 0.812613
-1376.3 0.813442
-1376.1 0.814306
-1375.9 0.815184
-1375.7 0.816078
-1375.5 0.816983
-1375.3 0.817839
-1375.1 0.818702
-1374.9 0.8196
-1374.7 0.82041
-1374.5 0.821212
-1374.3 0.822053
-1374.1 0.822848
-1373.9 0.823699
-1373.7 0.824631
-1373.5 0.825449
-1373.3 0.826286
-1373.1 0.82708
-1372.9 0.82783
-1372.7 0.828643
-1372.5 0.829511
-1372.3 0.830321
-1372.1 0.83115
-1371.9 0.832002
-1371.7 0.832876
-1371.5 0.833675
-1371.3 0.834405
-1371.1 0.835238
-1370.9 0.836006
-1370.7 0.836843
-1370.5 0.83771
-1370.3 0.838524
-1370.1 0.839338
-1369.9 0.84011
-1369.7 0.840886
-1369.5 0.841684
-1369.3 0.84257
-1369.1 0.843396
-1368.9 0.844168
-1368.7 0.844978
-1368.5 0.845765
-1368.3 0.846495
-1368.1 0.847298
-1367.9 0.848077
-1367.7 0.84883
-1367.5 0.849625
-1367.3 0.850367
-1367.1 0.851219
-1366.9 0.852017
-1366.7 0.852884
-1366.5 0.853736
-1366.3 0.854581
-1366.1 0.855425
-1365.9 0.856269
-1365.7 0.857034
-1365.5 0.857867
-1365.3 0.858722
-1365.1 0.859593
-1364.9 0.860358
-1364.7 0.861225
-1364.5 0.862077
-1364.3 0.863012
-1364.1 0.863883
-1363.9 0.864697
-1363.7 0.865613
-1363.5 0.866507
-1363.3 0.867279
-1363.1 0.868177
-1362.9 0.86901
-1362.7 0.869804
-1362.5 0.870668
-1362.3 0.871512
-1362.1 0.872345
-1361.9 0.873201
-1361.7 0.874011
-1361.5 0.874806
-1361.3 0.87568
-1361.1 0.876566
-1360.9 0.877513
-1360.7 0.878407
-1360.5 0.879202
-1360.3 0.880012
-1360.1 0.88086
-1359.9 0.881617
-1359.7 0.882465
-1359.5 0.883351
-1359.3 0.884199
-1359.1 0.885047
-1358.9 0.88588
-1358.7 0.886713
-1358.5 0.88747
-1358.3 0.888295
-1358.1 0.889048
-1357.9 0.89001
-1357.7 0.890824
-1357.5 0.891669
-1357.3 0.892551
-1357.1 0.893456
-1356.9 0.894338
-1356.7 0.895179
-1356.5 0.895947
-1356.3 0.896749
-1356.1 0.897655
-1355.9 0.898419
-1355.7 0.8994
-1355.5 0.900207
-1355.3 0.901119
-1355.1 0.901971
-1354.9 0.902808
-1354.7 0.903664
-1354.5 0.904485
-1354.3 0.905325
-1354.1 0.906215
-1353.9 0.906965
-1353.7 0.907645
-1353.5 0.908429
-1353.3 0.909205
-1353.1 0.910083
-1352.9 0.910787
-1352.7 0.911601
-1352.5 0.912422
-1352.3 0.913156
-1352.1 0.914027
-1351.9 0.914826
-1351.7 0.915613
-1351.5 0.916484
-1351.3 0.91729
-1351.1 0.918039
-1350.9 0.9188
-1350.7 0.919564
-1350.5 0.920386
-1350.3 0.921162
-1350.1 0.921964
-1349.9 0.92274
-1349.7 0.923622
-1349.5 0.924565
-1349.3 0.925429
-1349.1 0.926109
-1348.9 0.92706
-1348.7 0.927768
-1348.5 0.928524
-1348.3 0.92927
-1348.1 0.930099
-1347.9 0.930848
-1347.7 0.931647
-1347.5 0.932468
-1347.3 0.933259
-1347.1 0.93405
-1346.9 0.934841
-1346.7 0.935743
-1346.5 0.936511
-1346.3 0.937279
-1346.1 0.938074
-1345.9 0.938823
-1345.7 0.93958
-1345.5 0.940375
-1345.3 0.941109
-1345.1 0.941915
-1344.9 0.942645
-1344.7 0.943326
-1344.5 0.94395
-1344.3 0.94476
-1344.1 0.945528
-1343.9 0.94619
-1343.7 0.946855
-1343.5 0.947593
-1343.3 0.948304
-1343.1 0.949038
-1342.9 0.949765
-1342.7 0.950442
-1342.5 0.951096
-1342.3 0.95178
-1342.1 0.952518
-1341.9 0.953172
-1341.7 0.953952
-1341.5 0.954701
-1341.3 0.955386
-1341.1 0.956032
-1340.9 0.956645
-1340.7 0.957249
-1340.5 0.957892
-1340.3 0.958561
-1340.1 0.959136
-1339.9 0.959813
-1339.7 0.960467
-1339.5 0.961018
-1339.3 0.961649
-1339.1 0.962277
-1338.9 0.962851
-1338.7 0.963437
-1338.5 0.963962
-1338.3 0.964528
-1338.1 0.965011
-1337.9 0.965536
-1337.7 0.966076
-1337.5 0.966597
-1337.3 0.967145
-1337.1 0.967685
-1336.9 0.968274
-1336.7 0.968803
-1336.5 0.969294
-1336.3 0.969807
-1336.1 0.970245
-1335.9 0.97067
-1335.7 0.971165
-1335.5 0.971648
-1335.3 0.972138
-1335.1 0.972637
-1334.9 0.973165
-1334.7 0.973591
-1334.5 0.974048
-1334.3 0.974432
-1334.1 0.974854
-1333.9 0.97523
-1333.7 0.975691
-1333.5 0.976097
-1333.3 0.976516
-1333.1 0.976919
-1332.9 0.977299
-1332.7 0.977683
-1332.5 0.978045
-1332.3 0.978391
-1332.1 0.978794
-1331.9 0.979205
-1331.7 0.97952
-1331.5 0.97987
-1331.3 0.980212
-1331.1 0.980589
-1330.9 0.980882
-1330.7 0.981247
-1330.5 0.981608
-1330.3 0.981912
-1330.1 0.98216
-1329.9 0.982464
-1329.7 0.982783
-1329.5 0.983088
-1329.3 0.983403
-1329.1 0.983707
-1328.9 0.983966
-1328.7 0.984308
-1328.5 0.984605
-1328.3 0.984886
-1328.1 0.985202
-1327.9 0.985533
-1327.7 0.985761
-1327.5 0.986035
-1327.3 0.986282
-1327.1 0.986533
-1326.9 0.986788
-1326.7 0.987031
-1326.5 0.987252
-1326.3 0.987503
-1326.1 0.987724
-1325.9 0.987948
-1325.7 0.988184
-1325.5 0.988458
-1325.3 0.988724
-1325.1 0.988914
-1324.9 0.989142
-1324.7 0.989355
-1324.5 0.989606
-1324.3 0.989823
-1324.1 0.990078
-1323.9 0.990234
-1323.7 0.990439
-1323.5 0.990622
-1323.3 0.990873
-1323.1 0.99104
-1322.9 0.991219
-1322.7 0.991424
-1322.5 0.991641
-1322.3 0.991842
-1322.1 0.992059
-1321.9 0.992276
-1321.7 0.992485
-1321.5 0.992649
-1321.3 0.992831
-1321.1 0.993014
-1320.9 0.993192
-1320.7 0.993386
-1320.5 0.99355
-1320.3 0.99366
-1320.1 0.993843
-1319.9 0.993976
-1319.7 0.994139
-1319.5 0.994284
-1319.3 0.994432
-1319.1 0.994607
-1318.9 0.994744
-1318.7 0.994885
-1318.5 0.995033
-1318.3 0.995193
-1318.1 0.995337
-1317.9 0.99549
-1317.7 0.99563
-1317.5 0.99576
-1317.3 0.995893
-1317.1 0.996033
-1316.9 0.99617
-1316.7 0.996303
-1316.5 0.996383
-1316.3 0.996478
-1316.1 0.996562
-1315.9 0.996638
-1315.7 0.996718
-1315.5 0.996821
-1315.3 0.996927
-1315.1 0.99703
-1314.9 0.997113
-1314.7 0.997209
-1314.5 0.997281
-1314.3 0.997376
-1314.1 0.997486
-1313.9 0.997562
-1313.7 0.997623
-1313.5 0.997722
-1313.3 0.997836
-1313.1 0.997912
-1312.9 0.997992
-1312.7 0.998057
-1312.5 0.998136
-1312.3 0.998178
-1312.1 0.998228
-1311.9 0.998289
-1311.7 0.998365
-1311.5 0.998429
-1311.3 0.998494
-1311.1 0.998555
-1310.9 0.998616
-1310.7 0.99865
-1310.5 0.998703
-1310.3 0.998753
-1310.1 0.998787
-1309.9 0.998832
-1309.7 0.998874
-1309.5 0.998939
-1309.3 0.998958
-1309.1 0.998985
-1308.9 0.999019
-1308.7 0.999057
-1308.5 0.999087
-1308.3 0.999137
-1308.1 0.999163
-1307.9 0.999194
-1307.7 0.99922
-1307.5 0.999243
-1307.3 0.999277
-1307.1 0.999315
-1306.9 0.999346
-1306.7 0.999372
-1306.5 0.999384
-1306.3 0.999395
-1306.1 0.999411
-1305.9 0.999437
-1305.7 0.999456
-1305.5 0.999487
-1305.3 0.999521
-1305.1 0.999559
-1304.9 0.999601
-1304.7 0.999616
-1304.5 0.999623
-1304.3 0.999639
-1304.1 0.999646
-1303.9 0.999662
-1303.7 0.999684
-1303.5 0.999696
-1303.3 0.999719
-1303.1 0.999722
-1302.9 0.999745
-1302.7 0.999757
-1302.5 0.999783
-1302.3 0.999798
-1302.1 0.999817
-1301.9 0.99984
-1301.7 0.999855
-1301.5 0.999894
-1301.3 0.999916
-1301.1 0.999932
-1300.9 0.999935
-1300.7 0.999943
-1300.5 0.999958
-1300.3 0.99997
-1300.1 0.999989
-1299.9 1
