1424
-1584.5 3.30297e-06
-1584.3 3.30297e-06
-1584.1 3.30297e-06
-1583.9 3.30297e-06
-1583.7 3.30297e-06
-1583.5 3.30297e-06
-1583.3 3.30297e-06
-1583.1 3.30297e-06
-1582.9 3.30297e-06
-1582.7 3.30297e-06
-1582.5 3.30297e-06
-1582.3 3.30297e-06
-1582.1 3.30297e-06
-1581.9 3.30297e-06
-1581.7 3.30297e-06
-1581.5 6.60594e-06
-1581.3 6.60594e-06
-1581.1 6.60594e-06
-1580.9 1.98178e-05
-1580.7 2.31208e-05
-1580.5 3.96356e-05
-1580.3 4.29386e-05
-1580.1 4.62416e-05
-1579.9 5.94534e-05
-1579.7 8.25742e-05
-1579.5 9.24831e-05
-1579.3 0.000108998
-1579.1 0.000138725
-1578.9 0.000155239
-1578.7 0.000191572
-1578.5 0.000224602
-1578.3 0.000280752
-1578.1 0.000330297
-1577.9 0.000379841
-1577.7 0.000462416
-1577.5 0.000528475
-1577.3 0.00063417
-1577.1 0.000739865
-1576.9 0.000858772
-1576.7 0.000974376
-1576.5 0.0011164
-1576.3 0.00125513
-1576.1 0.00142688
-1575.9 0.00159203
-1575.7 0.00177039
-1575.5 0.00196857
-1575.3 0.0021172
-1575.1 0.0023352
-1574.9 0.00257632
-1574.7 0.00284386
-1574.5 0.00310809
-1574.3 0.00337563
-1574.1 0.00369602
-1573.9 0.00406926
-1573.7 0.00443589
-1573.5 0.00480252
-1573.3 0.0052286
-1573.1 0.00566129
-1572.9 0.0061204
-1572.7 0.0066753
-1572.5 0.00714762
-1572.3 0.00772564
-1572.1 0.0082376
-1571.9 0.00885526
-1571.7 0.00959512
-1571.5 0.0103548
-1571.3 0.0110649
-1571.1 0.0117883
-1570.9 0.0125249
-1570.7 0.0133638
-1570.5 0.0143679
-1570.3 0.0153885
-1570.1 0.0164058
-1569.9 0.0174265
-1569.7 0.0184074
-1569.5 0.0194875
-1569.3 0.0205907
-1569.1 0.0215849
-1568.9 0.0227046
-1568.7 0.0238441
-1568.5 0.0252083
-1568.3 0.0265427
-1568.1 0.0277747
-1567.9 0.0290397
-1567.7 0.0304864
-1567.5 0.0318043
-1567.3 0.033251
-1567.1 0.0345424
-1566.9 0.035966
-1566.7 0.0373962
-1566.5 0.0387801
-1566.3 0.0402302
-1566.1 0.0416636
-1565.9 0.0432094
-1565.7 0.0447816
-1565.5 0.046225
-1565.3 0.0476618
-1565.1 0.049277
-1564.9 0.0509053
-1564.7 0.0523355
-1564.5 0.0537855
-1564.3 0.0552256
-1564.1 0.056603
-1563.9 0.0580926
-1563.7 0.0594964
-1563.5 0.0609662
-1563.3 0.0624129
-1563.1 0.0638827
-1562.9 0.0652766
-1562.7 0.0667365
-1562.5 0.0681006
-1562.3 0.0694581
-1562.1 0.0709114
-1561.9 0.0722987
-1561.7 0.0736331
-1561.5 0.0750005
-1561.3 0.0763382
-1561.1 0.0777056
-1560.9 0.0790136
-1560.7 0.0801895
-1560.5 0.0814578
-1560.3 0.0827195
-1560.1 0.0840077
-1559.9 0.0852397
-1559.7 0.0863693
-1559.5 0.0875947
-1559.3 0.0886946
-1559.1 0.0899662
-1558.9 0.0912049
-1558.7 0.0923444
-1558.5 0.0934311
-1558.3 0.0947225
-1558.1 0.0959017
-1557.9 0.0970676
-1557.7 0.0982138
-1557.5 0.0994491
-1557.3 0.100509
-1557.1 0.101665
-1556.9 0.102828
-1556.7 0.1041
-1556.5 0.105117
-1556.3 0.106217
-1556.1 0.107211
-1555.9 0.108255
-1555.7 0.109332
-1555.5 0.110336
-1555.3 0.111297
-1555.1 0.112298
-1554.9 0.113222
-1554.7 0.11424
-1554.5 0.115343
-1554.3 0.116331
-1554.1 0.117397
-1553.9 0.118385
-1553.7 0.119412
-1553.5 0.120449
-1553.3 0.121427
-1553.1 0.122458
-1552.9 0.123445
-1552.7 0.124459
-1552.5 0.12544
-1552.3 0.126385
-1552.1 0.127386
-1551.9 0.128294
-1551.7 0.129258
-1551.5 0.130081
-1551.3 0.131111
-1551.1 0.132208
-1550.9 0.133245
-1550.7 0.134246
-1550.5 0.135214
-1550.3 0.136175
-1550.1 0.13704
-1549.9 0.137942
-1549.7 0.138923
-1549.5 0.139805
-1549.3 0.140789
-1549.1 0.141803
-1548.9 0.142715
-1548.7 0.143639
-1548.5 0.144574
-1548.3 0.145529
-1548.1 0.14651
-1547.9 0.147501
-1547.7 0.148518
-1547.5 0.149515
-1547.3 0.150457
-1547.1 0.151382
-1546.9 0.152316
-1546.7 0.15332
-1546.5 0.154225
-1546.3 0.155121
-1546.1 0.156128
-1545.9 0.15701
-1545.7 0.157971
-1545.5 0.1588
-1545.3 0.159672
-1545.1 0.160564
-1544.9 0.161403
-1544.7 0.162179
-1544.5 0.16314
-1544.3 0.164108
-1544.1 0.164957
-1543.9 0.165809
-1543.7 0.166754
-1543.5 0.167758
-1543.3 0.168673
-1543.1 0.169604
-1542.9 0.170489
-1542.7 0.171417
-1542.5 0.172243
-1542.3 0.173178
-1542.1 0.174136
-1541.9 0.175067
-1541.7 0.175893
-1541.5 0.17661
-1541.3 0.177511
-1541.1 0.178476
-1540.9 0.179424
-1540.7 0.180312
-1540.5 0.181181
-1540.3 0.182066
-1540.1 0.182889
-1539.9 0.18379
-1539.7 0.184775
-1539.5 0.185584
-1539.3 0.186479
-1539.1 0.187282
-1538.9 0.188154
-1538.7 0.189022
-1538.5 0.189947
-1538.3 0.190783
-1538.1 0.191658
-1537.9 0.192513
-1537.7 0.193336
-1537.5 0.194198
-1537.3 0.195067
-1537.1 0.195899
-1536.9 0.196708
-1536.7 0.197607
-1536.5 0.198429
-1536.3 0.199337
-1536.1 0.200292
-1535.9 0.201095
-1535.7 0.20195
-1535.5 0.202799
-1535.3 0.203575
-1535.1 0.204398
-1534.9 0.205286
-1534.7 0.206138
-1534.5 0.207004
-1534.3 0.207852
-1534.1 0.208685
-1533.9 0.209577
-1533.7 0.210419
-1533.5 0.211337
-1533.3 0.212265
-1533.1 0.213091
-1532.9 0.213927
-1532.7 0.214782
-1532.5 0.215585
-1532.3 0.21648
-1532.1 0.217299
-1531.9 0.218187
-1531.7 0.219079
-1531.5 0.219922
-1531.3 0.220784
-1531.1 0.221682
-1530.9 0.222703
-1530.7 0.223601
-1530.5 0.224437
-1530.3 0.225256
-1530.1 0.226045
-1529.9 0.226963
-1529.7 0.227766
-1529.5 0.228585
-1529.3 0.229335
-1529.1 0.230128
-1528.9 0.231049
-1528.7 0.231964
-1528.5 0.23274
-1528.3 0.233612
-1528.1 0.234431
-1527.9 0.23532
-1527.7 0.236185
-1527.5 0.236971
-1527.3 0.237853
-1527.1 0.238709
-1526.9 0.239657
-1526.7 0.240519
-1526.5 0.241305
-1526.3 0.242078
-1526.1 0.242897
-1525.9 0.243749
-1525.7 0.244697
-1525.5 0.24549
-1525.3 0.246263
-1525.1 0.247075
-1524.9 0.247934
-1524.7 0.248743
-1524.5 0.24948
-1524.3 0.250236
-1524.1 0.250953
-1523.9 0.251732
-1523.7 0.252535
-1523.5 0.253298
-1523.3 0.254044
-1523.1 0.254907
-1522.9 0.255709
-1522.7 0.256525
-1522.5 0.257301
-1522.3 0.258157
-1522.1 0.259019
-1521.9 0.259759
-1521.7 0.260532
-1521.5 0.261334
-1521.3 0.262166
-1521.1 0.263032
-1520.9 0.263811
-1520.7 0.264578
-1520.5 0.265443
-1520.3 0.266298
-1520.1 0.267147
-1519.9 0.267996
-1519.7 0.268749
-1519.5 0.269565
-1519.3 0.270358
-1519.1 0.271236
-1518.9 0.272089
-1518.7 0.27301
-1518.5 0.273829
-1518.3 0.274662
-1518.1 0.275613
-1517.9 0.276425
-1517.7 0.277363
-1517.5 0.278216
-1517.3 0.279041
-1517.1 0.280039
-1516.9 0.280947
-1516.7 0.281902
-1516.5 0.282764
-1516.3 0.283636
-1516.1 0.284419
-1515.9 0.28532
-1515.7 0.286242
-1515.5 0.287144
-1515.3 0.288012
-1515.1 0.288934
-1514.9 0.289802
-1514.7 0.290744
-1514.5 0.291583
-1514.3 0.292465
-1514.1 0.29331
-1513.9 0.294242
-1513.7 0.295127
-1513.5 0.296009
-1513.3 0.29694
-1513.1 0.297845
-1512.9 0.298625
-1512.7 0.299497
-1512.5 0.300362
-1512.3 0.301323
-1512.1 0.302096
-1511.9 0.303004
-1511.7 0.303827
-1511.5 0.304725
-1511.3 0.305706
-1511.1 0.306486
-1510.9 0.307331
-1510.7 0.308121
-1510.5 0.308993
-1510.3 0.309855
-1510.1 0.310677
-1509.9 0.311526
-1509.7 0.312494
-1509.5 0.313402
-1509.3 0.314221
-1509.1 0.315073
-1508.9 0.316002
-1508.7 0.316874
-1508.5 0.317706
-1508.3 0.318568
-1508.1 0.319344
-1507.9 0.320028
-1507.7 0.320827
-1507.5 0.32161
-1507.3 0.322446
-1507.1 0.323242
-1506.9 0.323998
-1506.7 0.324758
-1506.5 0.325541
-1506.3 0.3263
-1506.1 0.327116
-1505.9 0.327938
-1505.7 0.328751
-1505.5 0.329527
-1505.3 0.330343
-1505.1 0.331103
-1504.9 0.331836
-1504.7 0.332602
-1504.5 0.333392
-1504.3 0.334208
-1504.1 0.335004
-1503.9 0.335862
-1503.7 0.336711
-1503.5 0.337438
-1503.3 0.338247
-1503.1 0.339159
-1502.9 0.339951
-1502.7 0.340737
-1502.5 0.341576
-1502.3 0.342336
-1502.1 0.343277
-1501.9 0.344146
-1501.7 0.344936
-1501.5 0.345821
-1501.3 0.346779
-1501.1 0.347621
-1500.9 0.348483
-1500.7 0.349381
-1500.5 0.3502
-1500.3 0.351056
-1500.1 0.352014
-1499.9 0.352896
-1499.7 0.353781
-1499.5 0.354726
-1499.3 0.355617
-1499.1 0.35643
-1498.9 0.357305
-1498.7 0.358286
-1498.5 0.35927
-1498.3 0.360172
-1498.1 0.361133
-1497.9 0.362005
-1497.7 0.363019
-1497.5 0.363987
-1497.3 0.364942
-1497.1 0.365767
-1496.9 0.366656
-1496.7 0.367591
-1496.5 0.368413
-1496.3 0.369344
-1496.1 0.370292
-1495.9 0.371197
-1495.7 0.372102
-1495.5 0.373113
-1495.3 0.374127
-1495.1 0.375032
-1494.9 0.375997
-1494.7 0.376865
-1494.5 0.3778
-1494.3 0.378593
-1494.1 0.379415
-1493.9 0.380353
-1493.7 0.381272
-1493.5 0.382124
-1493.3 0.382976
-1493.1 0.38396
-1492.9 0.384868
-1492.7 0.38576
-1492.5 0.386629
-1492.3 0.387461
-1492.1 0.38834
-1491.9 0.389119
-1491.7 0.389899
-1491.5 0.390642
-1491.3 0.391491
-1491.1 0.392221
-1490.9 0.392984
-1490.7 0.393734
-1490.5 0.394582
-1490.3 0.395412
-1490.1 0.396231
-1489.9 0.396994
-1489.7 0.397843
-1489.5 0.398596
-1489.3 0.399405
-1489.1 0.400122
-1488.9 0.400852
-1488.7 0.4017
-1488.5 0.402463
-1488.3 0.403193
-1488.1 0.40397
-1487.9 0.40469
-1487.7 0.405489
-1487.5 0.406301
-1487.3 0.407124
-1487.1 0.407903
-1486.9 0.408716
-1486.7 0.409568
-1486.5 0.410357
-1486.3 0.411114
-1486.1 0.411996
-1485.9 0.412825
-1485.7 0.413717
-1485.5 0.414589
-1485.3 0.415401
-1485.1 0.416257
-1484.9 0.417046
-1484.7 0.417911
-1484.5 0.41875
-1484.3 0.419609
-1484.1 0.420468
-1483.9 0.42135
-1483.7 0.422172
-1483.5 0.423001
-1483.3 0.42386
-1483.1 0.424805
-1482.9 0.42563
-1482.7 0.426621
-1482.5 0.427447
-1482.3 0.428345
-1482.1 0.429227
-1481.9 0.430106
-1481.7 0.430965
-1481.5 0.431889
-1481.3 0.432791
-1481.1 0.433762
-1480.9 0.434714
-1480.7 0.435539
-1480.5 0.436547
-1480.3 0.437508
-1480.1 0.438383
-1479.9 0.439308
-1479.7 0.440203
-1479.5 0.441141
-1479.3 0.442069
-1479.1 0.443034
-1478.9 0.443889
-1478.7 0.444873
-1478.5 0.445782
-1478.3 0.44675
-1478.1 0.447721
-1477.9 0.448652
-1477.7 0.449521
-1477.5 0.450337
-1477.3 0.451212
-1477.1 0.452104
-1476.9 0.453009
-1476.7 0.453993
-1476.5 0.454941
-1476.3 0.455786
-1476.1 0.456645
-1475.9 0.457517
-1475.7 0.458379
-1475.5 0.459205
-1475.3 0.46009
-1475.1 0.461025
-1474.9 0.461834
-1474.7 0.462772
-1474.5 0.463634
-1474.3 0.464407
-1474.1 0.465207
-1473.9 0.466029
-1473.7 0.466921
-1473.5 0.46777
-1473.3 0.468592
-1473.1 0.469319
-1472.9 0.470144
-1472.7 0.470914
-1472.5 0.471717
-1472.3 0.472549
-1472.1 0.473424
-1471.9 0.474138
-1471.7 0.474894
-1471.5 0.475793
-1471.3 0.476625
-1471.1 0.477345
-1470.9 0.478154
-1470.7 0.47901
-1470.5 0.479816
-1470.3 0.480694
-1470.1 0.481464
-1469.9 0.482342
-1469.7 0.483224
-1469.5 0.483994
-1469.3 0.484839
-1469.1 0.485685
-1468.9 0.48653
-1468.7 0.487343
-1468.5 0.488212
-1468.3 0.48908
-1468.1 0.489847
-1467.9 0.490666
-1467.7 0.491482
-1467.5 0.49235
-1467.3 0.493193
-1467.1 0.494041
-1466.9 0.49491
-1466.7 0.495809
-1466.5 0.496707
-1466.3 0.497595
-1466.1 0.498382
-1465.9 0.4993
-1465.7 0.500046
-1465.5 0.500905
-1465.3 0.501767
-1465.1 0.502665
-1464.9 0.503422
-1464.7 0.504324
-1464.5 0.505252
-1464.3 0.506226
-1464.1 0.507174
-1463.9 0.508043
-1463.7 0.508968
-1463.5 0.509899
-1463.3 0.510784
-1463.1 0.511617
-1462.9 0.512479
-1462.7 0.51342
-1462.5 0.514332
-1462.3 0.515138
-1462.1 0.516062
-1461.9 0.516921
-1461.7 0.51778
-1461.5 0.518625
-1461.3 0.519537
-1461.1 0.520393
-1460.9 0.521215
-1460.7 0.522123
-1460.5 0.522959
-1460.3 0.523874
-1460.1 0.524716
-1459.9 0.525595
-1459.7 0.526378
-1459.5 0.527273
-1459.3 0.528171
-1459.1 0.529007
-1458.9 0.529971
-1458.7 0.530889
-1458.5 0.531659
-1458.3 0.532508
-1458.1 0.533367
-1457.9 0.534285
-1457.7 0.53521
-1457.5 0.536092
-1457.3 0.536954
-1457.1 0.537845
-1456.9 0.538744
-1456.7 0.539474
-1456.5 0.540389
-1456.3 0.5413
-1456.1 0.542083
-1455.9 0.542906
-1455.7 0.543761
-1455.5 0.54459
-1455.3 0.545376
-1455.1 0.546093
-1454.9 0.546886
-1454.7 0.547662
-1454.5 0.548455
-1454.3 0.549178
-1454.1 0.549898
-1453.9 0.550691
-1453.7 0.55147
-1453.5 0.552296
-1453.3 0.553227
-1453.1 0.554043
-1452.9 0.554793
-1452.7 0.555569
-1452.5 0.556316
-1452.3 0.557171
-1452.1 0.557977
-1451.9 0.558694
-1451.7 0.55948
-1451.5 0.560319
-1451.3 0.561112
-1451.1 0.56202
-1450.9 0.562803
-1450.7 0.563618
-1450.5 0.564441
-1450.3 0.565286
-1450.1 0.566056
-1449.9 0.566938
-1449.7 0.567698
-1449.5 0.568606
-1449.3 0.569428
-1449.1 0.57031
-1448.9 0.571146
-1448.7 0.572044
-1448.5 0.57286
-1448.3 0.57364
-1448.1 0.574518
-1447.9 0.575351
-1447.7 0.576295
-1447.5 0.577177
-1447.3 0.578039
-1447.1 0.578941
-1446.9 0.579839
-1446.7 0.580685
-1446.5 0.58154
-1446.3 0.582475
-1446.1 0.583367
-1445.9 0.584285
-1445.7 0.585098
-1445.5 0.586039
-1445.3 0.586931
-1445.1 0.587826
-1444.9 0.588714
-1444.7 0.589543
-1444.5 0.590369
-1444.3 0.5914
-1444.1 0.592315
-1443.9 0.59321
-1443.7 0.594088
-1443.5 0.594904
-1443.3 0.595743
-1443.1 0.596503
-1442.9 0.597315
-1442.7 0.598257
-1442.5 0.599106
-1442.3 0.60005
-1442.1 0.600949
-1441.9 0.601731
-1441.7 0.602557
-1441.5 0.603287
-1441.3 0.604063
-1441.1 0.604919
-1440.9 0.605804
-1440.7 0.60661
-1440.5 0.607498
-1440.3 0.608278
-1440.1 0.609028
-1439.9 0.609933
-1439.7 0.610808
-1439.5 0.611531
-1439.3 0.612393
-1439.1 0.613176
-1438.9 0.613949
-1438.7 0.614781
-1438.5 0.615627
-1438.3 0.616436
-1438.1 0.617341
-1437.9 0.618164
-1437.7 0.619089
-1437.5 0.619835
-1437.3 0.620591
-1437.1 0.621318
-1436.9 0.622137
-1436.7 0.622996
-1436.5 0.623835
-1436.3 0.624671
-1436.1 0.625576
-1435.9 0.626309
-1435.7 0.627141
-1435.5 0.627944
-1435.3 0.628799
-1435.1 0.629678
-1434.9 0.630619
-1434.7 0.631475
-1434.5 0.632317
-1434.3 0.633159
-1434.1 0.633975
-1433.9 0.63485
-1433.7 0.635656
-1433.5 0.636594
-1433.3 0.637347
-1433.1 0.638206
-1432.9 0.639045
-1432.7 0.639937
-1432.5 0.640759
-1432.3 0.641598
-1432.1 0.642411
-1431.9 0.643174
-1431.7 0.643986
-1431.5 0.644786
-1431.3 0.64571
-1431.1 0.646549
-1430.9 0.647388
-1430.7 0.64833
-1430.5 0.649155
-1430.3 0.649958
-1430.1 0.650843
-1429.9 0.651662
-1429.7 0.652498
-1429.5 0.653317
-1429.3 0.654186
-1429.1 0.655157
-1428.9 0.656036
-1428.7 0.656941
-1428.5 0.657869
-1428.3 0.658727
-1428.1 0.659583
-1427.9 0.660541
-1427.7 0.66139
-1427.5 0.662347
-1427.3 0.663147
-1427.1 0.663946
-1426.9 0.664838
-1426.7 0.665683
-1426.5 0.666506
-1426.3 0.667285
-1426.1 0.668167
-1425.9 0.669066
-1425.7 0.669832
-1425.5 0.670668
-1425.3 0.67149
-1425.1 0.672326
-1424.9 0.673118
-1424.7 0.673908
-1424.5 0.674829
-1424.3 0.675741
-1424.1 0.676491
-1423.9 0.677333
-1423.7 0.678169
-1423.5 0.679008
-1423.3 0.679827
-1423.1 0.680712
-1422.9 0.681468
-1422.7 0.68236
-1422.5 0.683186
-1422.3 0.684018
-1422.1 0.684854
-1421.9 0.68565
-1421.7 0.686562
-1421.5 0.687308
-1421.3 0.688147
-1421.1 0.688946
-1420.9 0.689838
-1420.7 0.690667
-1420.5 0.691486
-1420.3 0.692315
-1420.1 0.693078
-1419.9 0.693894
-1419.7 0.694776
-1419.5 0.695631
-1419.3 0.696533
-1419.1 0.697296
-1418.9 0.698178
-1418.7 0.69903
-1418.5 0.699882
-1418.3 0.700708
-1418.1 0.701689
-1417.9 0.702555
-1417.7 0.70337
-1417.5 0.704236
-1417.3 0.705114
-1417.1 0.705917
-1416.9 0.706739
-1416.7 0.707565
-1416.5 0.708381
-1416.3 0.709253
-1416.1 0.710049
-1415.9 0.710888
-1415.7 0.711803
-1415.5 0.712675
-1415.3 0.71351
-1415.1 0.71434
-1414.9 0.715159
-1414.7 0.716123
-1414.5 0.716946
-1414.3 0.717742
-1414.1 0.718564
-1413.9 0.719499
-1413.7 0.720391
-1413.5 0.721269
-1413.3 0.722062
-1413.1 0.722907
-1412.9 0.723796
-1412.7 0.724731
-1412.5 0.725593
-1412.3 0.726475
-1412.1 0.727257
-1411.9 0.728136
-1411.7 0.728988
-1411.5 0.729787
-1411.3 0.730719
-1411.1 0.731541
-1410.9 0.732377
-1410.7 0.733242
-1410.5 0.734062
-1410.3 0.734798
-1410.1 0.735564
-1409.9 0.736446
-1409.7 0.737272
-1409.5 0.738065
-1409.3 0.738917
-1409.1 0.739663
-1408.9 0.740502
-1408.7 0.741275
-1408.5 0.742091
-1408.3 0.742894
-1408.1 0.743587
-1407.9 0.744439
-1407.7 0.745331
-1407.5 0.74623
-1407.3 0.747026
-1407.1 0.747865
-1406.9 0.748687
-1406.7 0.749589
-1406.5 0.750411
-1406.3 0.751197
-1406.1 0.752063
-1405.9 0.752859
-1405.7 0.753628
-1405.5 0.754583
-1405.3 0.755432
-1405.1 0.756248
-1404.9 0.757156
-1404.7 0.757982
-1404.5 0.758834
-1404.3 0.759646
-1404.1 0.760522
-1403.9 0.761354
-1403.7 0.762233
-1403.5 0.763088
-1403.3 0.763811
-1403.1 0.764581
-1402.9 0.765367
-1402.7 0.766163
-1402.5 0.766962
-1402.3 0.767778
-1402.1 0.768779
-1401.9 0.769592
-1401.7 0.770477
-1401.5 0.771332
-1401.3 0.772194
-1401.1 0.77304
-1400.9 0.774024
-1400.7 0.77483
-1400.5 0.775752
-1400.3 0.776544
-1400.1 0.777377
-1399.9 0.778196
-1399.7 0.778946
-1399.5 0.779808
-1399.3 0.780581
-1399.1 0.781449
-1398.9 0.782394
-1398.7 0.783299
-1398.5 0.784095
-1398.3 0.784835
-1398.1 0.785753
-1397.9 0.786608
-1397.7 0.787477
-1397.5 0.788326
-1397.3 0.789132
-1397.1 0.789997
-1396.9 0.790869
-1396.7 0.791639
-1396.5 0.79255
-1396.3 0.793479
-1396.1 0.794308
-1395.9 0.795028
-1395.7 0.79591
-1395.5 0.796735
-1395.3 0.797588
-1395.1 0.798512
-1394.9 0.799447
-1394.7 0.800293
-1394.5 0.801082
-1394.3 0.801914
-1394.1 0.802829
-1393.9 0.803751
-1393.7 0.804646
-1393.5 0.805528
-1393.3 0.806406
-1393.1 0.807226
-1392.9 0.808078
-1392.7 0.808913
-1392.5 0.809815
-1392.3 0.810608
-1392.1 0.811387
-1391.9 0.812236
-1391.7 0.813069
-1391.5 0.813987
-1391.3 0.814819
-1391.1 0.815658
-1390.9 0.8165
-1390.7 0.817303
-1390.5 0.818172
-1390.3 0.819027
-1390.1 0.819807
-1389.9 0.820639
-1389.7 0.821461
-1389.5 0.822353
-1389.3 0.823268
-1389.1 0.82417
-1388.9 0.825038
-1388.7 0.825864
-1388.5 0.826706
-1388.3 0.827532
-1388.1 0.828421
-1387.9 0.829303
-1387.7 0.83026
-1387.5 0.831106
-1387.3 0.831902
-1387.1 0.832754
-1386.9 0.83356
-1386.7 0.834495
-1386.5 0.835317
-1386.3 0.836127
-1386.1 0.836932
-1385.9 0.837828
-1385.7 0.83863
-1385.5 0.839387
-1385.3 0.840166
-1385.1 0.841015
-1384.9 0.841804
-1384.7 0.842657
-1384.5 0.843542
-1384.3 0.844453
-1384.1 0.845335
-1383.9 0.846128
-1383.7 0.846931
-1383.5 0.847651
-1383.3 0.848463
-1383.1 0.849203
-1382.9 0.850002
-1382.7 0.850765
-1382.5 0.851532
-1382.3 0.852331
-1382.1 0.853173
-1381.9 0.854042
-1381.7 0.854772
-1381.5 0.855631
-1381.3 0.856456
-1381.1 0.857272
-1380.9 0.858095
-1380.7 0.858858
-1380.5 0.859706
-1380.3 0.860569
-1380.1 0.861407
-1379.9 0.862184
-1379.7 0.863069
-1379.5 0.863888
-1379.3 0.864697
-1379.1 0.865596
-1378.9 0.86658
-1378.7 0.867528
-1378.5 0.86839
-1378.3 0.869255
-1378.1 0.870154
-1377.9 0.871016
-1377.7 0.871828
-1377.5 0.87278
-1377.3 0.873754
-1377.1 0.874623
-1376.9 0.875514
-1376.7 0.876367
-1376.5 0.877209
-1376.3 0.878134
-1376.1 0.879049
-1375.9 0.879855
-1375.7 0.880591
-1375.5 0.881443
-1375.3 0.882206
-1375.1 0.883002
-1374.9 0.883805
-1374.7 0.884713
-1374.5 0.885499
-1374.3 0.886282
-1374.1 0.887108
-1373.9 0.888036
-1373.7 0.888845
-1373.5 0.889654
-1373.3 0.89049
-1373.1 0.89124
-1372.9 0.892059
-1372.7 0.892908
-1372.5 0.893777
-1372.3 0.894652
-1372.1 0.895491
-1371.9 0.89634
-1371.7 0.897182
-1371.5 0.897951
-1371.3 0.898807
-1371.1 0.899656
-1370.9 0.900501
-1370.7 0.901433
-1370.5 0.902311
-1370.3 0.903213
-1370.1 0.904016
-1369.9 0.904855
-1369.7 0.905638
-1369.5 0.906582
-1369.3 0.907358
-1369.1 0.908158
-1368.9 0.909023
-1368.7 0.909822
-1368.5 0.910665
-1368.3 0.911477
-1368.1 0.912343
-1367.9 0.913205
-1367.7 0.914034
-1367.5 0.914998
-1367.3 0.915735
-1367.1 0.916587
-1366.9 0.917389
-1366.7 0.918258
-1366.5 0.919034
-1366.3 0.919764
-1366.1 0.920626
-1365.9 0.921429
-1365.7 0.922149
-1365.5 0.922995
-1365.3 0.923863
-1365.1 0.924696
-1364.9 0.925462
-1364.7 0.92637
-1364.5 0.927186
-1364.3 0.928058
-1364.1 0.928788
-1363.9 0.92963
-1363.7 0.930416
-1363.5 0.931282
-1363.3 0.93218
-1363.1 0.933059
-1362.9 0.93398
-1362.7 0.934832
-1362.5 0.935645
-1362.3 0.936471
-1362.1 0.93724
-1361.9 0.938056
-1361.7 0.938799
-1361.5 0.939658
-1361.3 0.940471
-1361.1 0.941161
-1360.9 0.941888
-1360.7 0.942591
-1360.5 0.943311
-1360.3 0.94416
-1360.1 0.944903
-1359.9 0.945739
-1359.7 0.946472
-1359.5 0.947228
-1359.3 0.948048
-1359.1 0.94884
-1358.9 0.949521
-1358.7 0.950204
-1358.5 0.950974
-1358.3 0.951645
-1358.1 0.952289
-1357.9 0.952969
-1357.7 0.95362
-1357.5 0.954317
-1357.3 0.955004
-1357.1 0.955635
-1356.9 0.956374
-1356.7 0.957137
-1356.5 0.957755
-1356.3 0.958359
-1356.1 0.959093
-1355.9 0.959687
-1355.7 0.960338
-1355.5 0.960814
-1355.3 0.961411
-1355.1 0.961999
-1354.9 0.962627
-1354.7 0.963172
-1354.5 0.963776
-1354.3 0.964338
-1354.1 0.964959
-1353.9 0.965467
-1353.7 0.965946
-1353.5 0.966472
-1353.3 0.967007
-1353.1 0.967492
-1352.9 0.968014
-1352.7 0.968566
-1352.5 0.969054
-1352.3 0.969471
-1352.1 0.969999
-1351.9 0.970521
-1351.7 0.971049
-1351.5 0.971598
-1351.3 0.972063
-1351.1 0.97249
-1350.9 0.972952
-1350.7 0.973358
-1350.5 0.973844
-1350.3 0.974316
-1350.1 0.974798
-1349.9 0.975244
-1349.7 0.975627
-1349.5 0.976024
-1349.3 0.976427
-1349.1 0.976886
-1348.9 0.977233
-1348.7 0.977576
-1348.5 0.977903
-1348.3 0.978339
-1348.1 0.978729
-1347.9 0.979158
-1347.7 0.979518
-1347.5 0.979859
-1347.3 0.980176
-1347.1 0.980519
-1346.9 0.980896
-1346.7 0.981226
-1346.5 0.981583
-1346.3 0.981893
-1346.1 0.98221
-1345.9 0.982557
-1345.7 0.982854
-1345.5 0.983201
-1345.3 0.983508
-1345.1 0.983842
-1344.9 0.9841
-1344.7 0.984377
-1344.5 0.98474
-1344.3 0.985018
-1344.1 0.985265
-1343.9 0.985493
-1343.7 0.985758
-1343.5 0.985976
-1343.3 0.986237
-1343.1 0.986491
-1342.9 0.986782
-1342.7 0.987013
-1342.5 0.987277
-1342.3 0.987571
-1342.1 0.987789
-1341.9 0.988047
-1341.7 0.988314
-1341.5 0.988535
-1341.3 0.988763
-1341.1 0.989051
-1340.9 0.989282
-1340.7 0.989523
-1340.5 0.989744
-1340.3 0.989966
-1340.1 0.990207
-1339.9 0.990372
-1339.7 0.9906
-1339.5 0.990781
-1339.3 0.990999
-1339.1 0.991224
-1338.9 0.991399
-1338.7 0.991614
-1338.5 0.991835
-1338.3 0.991997
-1338.1 0.992182
-1337.9 0.992387
-1337.7 0.992595
-1337.5 0.99278
-1337.3 0.992902
-1337.1 0.993084
-1336.9 0.993242
-1336.7 0.993371
-1336.5 0.993566
-1336.3 0.993714
-1336.1 0.993863
-1335.9 0.993975
-1335.7 0.994098
-1335.5 0.99425
-1335.3 0.994378
-1335.1 0.994534
-1334.9 0.994686
-1334.7 0.994801
-1334.5 0.994904
-1334.3 0.995019
-1334.1 0.995158
-1333.9 0.995287
-1333.7 0.995415
-1333.5 0.995548
-1333.3 0.99565
-1333.1 0.995726
-1332.9 0.995855
-1332.7 0.99597
-1332.5 0.99606
-1332.3 0.996182
-1332.1 0.996254
-1331.9 0.996367
-1331.7 0.996499
-1331.5 0.996601
-1331.3 0.996684
-1331.1 0.99674
-1330.9 0.996819
-1330.7 0.996912
-1330.5 0.997027
-1330.3 0.99709
-1330.1 0.997179
-1329.9 0.997265
-1329.7 0.997325
-1329.5 0.997371
-1329.3 0.997447
-1329.1 0.997529
-1328.9 0.997602
-1328.7 0.997665
-1328.5 0.997718
-1328.3 0.997777
-1328.1 0.997833
-1327.9 0.997873
-1327.7 0.997913
-1327.5 0.997979
-1327.3 0.998028
-1327.1 0.998055
-1326.9 0.998081
-1326.7 0.998131
-1326.5 0.998154
-1326.3 0.998183
-1326.1 0.99823
-1325.9 0.998273
-1325.7 0.998312
-1325.5 0.998358
-1325.3 0.998431
-1325.1 0.998454
-1324.9 0.998507
-1324.7 0.99852
-1324.5 0.998547
-1324.3 0.99856
-1324.1 0.998596
-1323.9 0.998629
-1323.7 0.998662
-1323.5 0.998695
-1323.3 0.998705
-1323.1 0.998725
-1322.9 0.998745
-1322.7 0.998761
-1322.5 0.998781
-1322.3 0.998801
-1322.1 0.998834
-1321.9 0.998844
-1321.7 0.998854
-1321.5 0.998884
-1321.3 0.998903
-1321.1 0.99891
-1320.9 0.998936
-1320.7 0.998946
-1320.5 0.998973
-1320.3 0.998989
-1320.1 0.999006
-1319.9 0.999016
-1319.7 0.999032
-1319.5 0.999049
-1319.3 0.999055
-1319.1 0.999072
-1318.9 0.999098
-1318.7 0.999098
-1318.5 0.999115
-1318.3 0.999138
-1318.1 0.999158
-1317.9 0.999158
-1317.7 0.999164
-1317.5 0.999168
-1317.3 0.999191
-1317.1 0.999201
-1316.9 0.999207
-1316.7 0.999217
-1316.5 0.999224
-1316.3 0.999237
-1316.1 0.99924
-1315.9 0.999247
-1315.7 0.99925
-1315.5 0.99928
-1315.3 0.99929
-1315.1 0.999296
-1314.9 0.999316
-1314.7 0.999333
-1314.5 0.999346
-1314.3 0.999346
-1314.1 0.999349
-1313.9 0.999359
-1313.7 0.999363
-1313.5 0.999363
-1313.3 0.999369
-1313.1 0.999376
-1312.9 0.999392
-1312.7 0.999392
-1312.5 0.999402
-1312.3 0.999415
-1312.1 0.999425
-1311.9 0.999432
-1311.7 0.999442
-1311.5 0.999455
-1311.3 0.999481
-1311.1 0.999491
-1310.9 0.999498
-1310.7 0.999505
-1310.5 0.999511
-1310.3 0.999514
-1310.1 0.999518
-1309.9 0.999538
-1309.7 0.999544
-1309.5 0.999551
-1309.3 0.999561
-1309.1 0.999567
-1308.9 0.999584
-1308.7 0.999594
-1308.5 0.9996
-1308.3 0.999607
-1308.1 0.999614
-1307.9 0.999617
-1307.7 0.99963
-1307.5 0.999637
-1307.3 0.99964
-1307.1 0.999663
-1306.9 0.999673
-1306.7 0.999676
-1306.5 0.999683
-1306.3 0.999699
-1306.1 0.999716
-1305.9 0.999726
-1305.7 0.999742
-1305.5 0.999749
-1305.3 0.999752
-1305.1 0.999762
-1304.9 0.999779
-1304.7 0.999785
-1304.5 0.999792
-1304.3 0.999802
-1304.1 0.999808
-1303.9 0.999822
-1303.7 0.999822
-1303.5 0.999838
-1303.3 0.999845
-1303.1 0.999851
-1302.9 0.999858
-1302.7 0.999868
-1302.5 0.999871
-1302.3 0.999884
-1302.1 0.999888
-1301.9 0.999888
-1301.7 0.999898
-1301.5 0.999898
-1301.3 0.999914
-1301.1 0.999927
-1300.9 0.999944
-1300.7 0.99996
-1300.5 0.999974
-1300.3 0.999977
-1300.1 0.999987
-1299.9 1
