1300
-209.7 3.44475e-07
-209.5 5.16713e-07
-209.3 1.03343e-06
-209.1 1.3779e-06
-208.9 1.3779e-06
-208.7 1.3779e-06
-208.5 1.55014e-06
-208.3 1.72238e-06
-208.1 2.06685e-06
-207.9 2.23909e-06
-207.7 2.23909e-06
-207.5 2.58356e-06
-207.3 2.7558e-06
-207.1 2.92804e-06
-206.9 3.44475e-06
-206.7 3.61699e-06
-206.5 3.96146e-06
-206.3 4.1337e-06
-206.1 4.30594e-06
-205.9 4.47818e-06
-205.7 4.82265e-06
-205.5 4.99489e-06
-205.3 5.33936e-06
-205.1 5.68384e-06
-204.9 5.85608e-06
-204.7 5.85608e-06
-204.5 6.02832e-06
-204.3 6.37279e-06
-204.1 6.71727e-06
-203.9 7.06174e-06
-203.7 7.06174e-06
-203.5 7.06174e-06
-203.3 7.23398e-06
-203.1 7.40622e-06
-202.9 7.57845e-06
-202.7 7.75069e-06
-202.5 7.75069e-06
-202.3 8.09517e-06
-202.1 8.43964e-06
-201.9 8.95635e-06
-201.7 1.03343e-05
-201.5 1.29178e-05
-201.3 1.56736e-05
-201.1 2.11852e-05
-200.9 2.84192e-05
-200.7 3.772e-05
-200.5 4.80543e-05
-200.3 6.14888e-05
-200.1 8.19851e-05
-199.9 0.000113677
-199.7 0.000149158
-199.5 0.000208752
-199.3 0.000296938
-199.1 0.000402347
-198.9 0.000550127
-198.7 0.000731493
-198.5 0.000961775
-198.3 0.00125079
-198.1 0.00160904
-197.9 0.0020529
-197.7 0.00263713
-197.5 0.00331506
-197.3 0.00417401
-197.1 0.0052002
-196.9 0.00641103
-196.7 0.00779306
-196.5 0.00940348
-196.3 0.0111393
-196.1 0.0130425
-195.9 0.015072
-195.7 0.0171876
-195.5 0.0194002
-195.3 0.0216799
-195.1 0.0239796
-194.9 0.0263103
-194.7 0.02865
-194.5 0.0309743
-194.3 0.0332827
-194.1 0.0355269
-193.9 0.0377302
-193.7 0.0399381
-193.5 0.0420885
-193.3 0.0442299
-193.1 0.0462777
-192.9 0.04832
-192.7 0.0503459
-192.5 0.0522893
-192.3 0.0542326
-192.1 0.0561484
-191.9 0.0580861
-191.7 0.0599624
-191.5 0.0618097
-191.3 0.0636099
-191.1 0.0654599
-190.9 0.0672154
-190.7 0.0689741
-190.5 0.0707151
-190.3 0.0724676
-190.1 0.0742282
-189.9 0.0759273
-189.7 0.077648
-189.5 0.079361
-189.3 0.0810237
-189.1 0.0826957
-188.9 0.0843642
-188.7 0.0860139
-188.5 0.0876855
-188.3 0.0893333
-188.1 0.0909771
-187.9 0.0926096
-187.7 0.0942463
-187.5 0.0958519
-187.3 0.0974725
-187.1 0.099084
-186.9 0.100669
-186.7 0.102268
-186.5 0.103847
-186.3 0.105435
-186.1 0.107021
-185.9 0.108571
-185.7 0.110168
-185.5 0.111738
-185.3 0.113281
-185.1 0.114844
-184.9 0.116395
-184.7 0.117926
-184.5 0.119446
-184.3 0.120945
-184.1 0.12244
-183.9 0.123904
-183.7 0.125367
-183.5 0.126817
-183.3 0.128254
-183.1 0.129694
-182.9 0.131113
-182.7 0.132507
-182.5 0.133925
-182.3 0.135328
-182.1 0.136673
-181.9 0.138023
-181.7 0.139339
-181.5 0.140634
-181.3 0.141897
-181.1 0.143159
-180.9 0.144412
-180.7 0.145667
-180.5 0.146888
-180.3 0.148086
-180.1 0.149294
-179.9 0.150492
-179.7 0.151652
-179.5 0.152798
-179.3 0.153932
-179.1 0.155079
-178.9 0.156185
-178.7 0.157292
-178.5 0.158397
-178.3 0.159495
-178.1 0.160585
-177.9 0.161656
-177.7 0.162733
-177.5 0.163771
-177.3 0.164802
-177.1 0.165823
-176.9 0.166842
-176.7 0.167864
-176.5 0.168873
-176.3 0.169881
-176.1 0.170889
-175.9 0.171896
-175.7 0.172891
-175.5 0.173887
-175.3 0.174892
-175.1 0.175859
-174.9 0.176821
-174.7 0.177799
-174.5 0.178758
-174.3 0.179715
-174.1 0.180684
-173.9 0.181641
-173.7 0.182595
-173.5 0.183562
-173.3 0.184499
-173.1 0.185441
-172.9 0.186354
-172.7 0.187267
-172.5 0.188219
-172.3 0.189131
-172.1 0.190075
-171.9 0.191
-171.7 0.191949
-171.5 0.192862
-171.3 0.193786
-171.1 0.194721
-170.9 0.195644
-170.7 0.196569
-170.5 0.197487
-170.3 0.198384
-170.1 0.199285
-169.9 0.200181
-169.7 0.201104
-169.5 0.202001
-169.3 0.202904
-169.1 0.203785
-168.9 0.204671
-168.7 0.205574
-168.5 0.206438
-168.3 0.207325
-168.1 0.208241
-167.9 0.209137
-167.7 0.21003
-167.5 0.210909
-167.3 0.211817
-167.1 0.212722
-166.9 0.213618
-166.7 0.214498
-166.5 0.215376
-166.3 0.216268
-166.1 0.217157
-165.9 0.218027
-165.7 0.218907
-165.5 0.219764
-165.3 0.220647
-165.1 0.221528
-164.9 0.222415
-164.7 0.223292
-164.5 0.224179
-164.3 0.225071
-164.1 0.225966
-163.9 0.226845
-163.7 0.227728
-163.5 0.228618
-163.3 0.229472
-163.1 0.230331
-162.9 0.23121
-162.7 0.232061
-162.5 0.232893
-162.3 0.233784
-162.1 0.234635
-161.9 0.235506
-161.7 0.236387
-161.5 0.237237
-161.3 0.238111
-161.1 0.238972
-160.9 0.239823
-160.7 0.240688
-160.5 0.241523
-160.3 0.242369
-160.1 0.243229
-159.9 0.244078
-159.7 0.244918
-159.5 0.245748
-159.3 0.246599
-159.1 0.247459
-158.9 0.248316
-158.7 0.249152
-158.5 0.250009
-158.3 0.250865
-158.1 0.251707
-157.9 0.252569
-157.7 0.253399
-157.5 0.25423
-157.3 0.255085
-157.1 0.255918
-156.9 0.256747
-156.7 0.257592
-156.5 0.258437
-156.3 0.259261
-156.1 0.260085
-155.9 0.260902
-155.7 0.261713
-155.5 0.262524
-155.3 0.263323
-155.1 0.264124
-154.9 0.264906
-154.7 0.265705
-154.5 0.2665
-154.3 0.267282
-154.1 0.268073
-153.9 0.26888
-153.7 0.269671
-153.5 0.270453
-153.3 0.271235
-153.1 0.271999
-152.9 0.272748
-152.7 0.273513
-152.5 0.274291
-152.3 0.275058
-152.1 0.275835
-151.9 0.276599
-151.7 0.277357
-151.5 0.278105
-151.3 0.278884
-151.1 0.279638
-150.9 0.280399
-150.7 0.281158
-150.5 0.281912
-150.3 0.282672
-150.1 0.283442
-149.9 0.284218
-149.7 0.28498
-149.5 0.285735
-149.3 0.286501
-149.1 0.287244
-148.9 0.288009
-148.7 0.288779
-148.5 0.289559
-148.3 0.290326
-148.1 0.291105
-147.9 0.291903
-147.7 0.29269
-147.5 0.293483
-147.3 0.294255
-147.1 0.295026
-146.9 0.295814
-146.7 0.296625
-146.5 0.297442
-146.3 0.298262
-146.1 0.299059
-145.9 0.299863
-145.7 0.30067
-145.5 0.301504
-145.3 0.302311
-145.1 0.303137
-144.9 0.303947
-144.7 0.304787
-144.5 0.305622
-144.3 0.306471
-144.1 0.307302
-143.9 0.308124
-143.7 0.308979
-143.5 0.309832
-143.3 0.310682
-143.1 0.31155
-142.9 0.312394
-142.7 0.313259
-142.5 0.314132
-142.3 0.314971
-142.1 0.315839
-141.9 0.316704
-141.7 0.317577
-141.5 0.318434
-141.3 0.319322
-141.1 0.320191
-140.9 0.321077
-140.7 0.321974
-140.5 0.322841
-140.3 0.323716
-140.1 0.324596
-139.9 0.325495
-139.7 0.32639
-139.5 0.327281
-139.3 0.328187
-139.1 0.329067
-138.9 0.329974
-138.7 0.330859
-138.5 0.331728
-138.3 0.332626
-138.1 0.333513
-137.9 0.334391
-137.7 0.335282
-137.5 0.336167
-137.3 0.337047
-137.1 0.337927
-136.9 0.338826
-136.7 0.33969
-136.5 0.340565
-136.3 0.341459
-136.1 0.34234
-135.9 0.343261
-135.7 0.344113
-135.5 0.345001
-135.3 0.34588
-135.1 0.346781
-134.9 0.34765
-134.7 0.34855
-134.5 0.349436
-134.3 0.350328
-134.1 0.351198
-133.9 0.35208
-133.7 0.352975
-133.5 0.353832
-133.3 0.354731
-133.1 0.355593
-132.9 0.356462
-132.7 0.357317
-132.5 0.358202
-132.3 0.359087
-132.1 0.359975
-131.9 0.360845
-131.7 0.361724
-131.5 0.362584
-131.3 0.363452
-131.1 0.364347
-130.9 0.365222
-130.7 0.366116
-130.5 0.366986
-130.3 0.367851
-130.1 0.368728
-129.9 0.369591
-129.7 0.370457
-129.5 0.371323
-129.3 0.372192
-129.1 0.373059
-128.9 0.37393
-128.7 0.374806
-128.5 0.375659
-128.3 0.376518
-128.1 0.377381
-127.9 0.378266
-127.7 0.379116
-127.5 0.379984
-127.3 0.38083
-127.1 0.381715
-126.9 0.382617
-126.7 0.38348
-126.5 0.384335
-126.3 0.385197
-126.1 0.386068
-125.9 0.386939
-125.7 0.387793
-125.5 0.388663
-125.3 0.389515
-125.1 0.39038
-124.9 0.391237
-124.7 0.392112
-124.5 0.392977
-124.3 0.39385
-124.1 0.394704
-123.9 0.395567
-123.7 0.396429
-123.5 0.397294
-123.3 0.398151
-123.1 0.399018
-122.9 0.399853
-122.7 0.400705
-122.5 0.401551
-122.3 0.402411
-122.1 0.403241
-121.9 0.404111
-121.7 0.404978
-121.5 0.405817
-121.3 0.406657
-121.1 0.407512
-120.9 0.408378
-120.7 0.409238
-120.5 0.410098
-120.3 0.410946
-120.1 0.411797
-119.9 0.412644
-119.7 0.413501
-119.5 0.414338
-119.3 0.415185
-119.1 0.416023
-118.9 0.416875
-118.7 0.417708
-118.5 0.418562
-118.3 0.419402
-118.1 0.420241
-117.9 0.421069
-117.7 0.421912
-117.5 0.422736
-117.3 0.423583
-117.1 0.424404
-116.9 0.425245
-116.7 0.426103
-116.5 0.42695
-116.3 0.427788
-116.1 0.428623
-115.9 0.42944
-115.7 0.430264
-115.5 0.431088
-115.3 0.431924
-115.1 0.432762
-114.9 0.433586
-114.7 0.434405
-114.5 0.435239
-114.3 0.43606
-114.1 0.436886
-113.9 0.437713
-113.7 0.438552
-113.5 0.439379
-113.3 0.440201
-113.1 0.441009
-112.9 0.441842
-112.7 0.442676
-112.5 0.443492
-112.3 0.444318
-112.1 0.445139
-111.9 0.445977
-111.7 0.446821
-111.5 0.44764
-111.3 0.448464
-111.1 0.44932
-110.9 0.450169
-110.7 0.451015
-110.5 0.451829
-110.3 0.452666
-110.1 0.453476
-109.9 0.454319
-109.7 0.45514
-109.5 0.455958
-109.3 0.456785
-109.1 0.457618
-108.9 0.458438
-108.7 0.459246
-108.5 0.460066
-108.3 0.460906
-108.1 0.461726
-107.9 0.462567
-107.7 0.463379
-107.5 0.464202
-107.3 0.465034
-107.1 0.46586
-106.9 0.466653
-106.7 0.467469
-106.5 0.46829
-106.3 0.46913
-106.1 0.469953
-105.9 0.470766
-105.7 0.471585
-105.5 0.472385
-105.3 0.473203
-105.1 0.474029
-104.9 0.474865
-104.7 0.475682
-104.5 0.4765
-104.3 0.477308
-104.1 0.478144
-103.9 0.478961
-103.7 0.479785
-103.5 0.480601
-103.3 0.481424
-103.1 0.482268
-102.9 0.483078
-102.7 0.483903
-102.5 0.484723
-102.3 0.485532
-102.1 0.486339
-101.9 0.487165
-101.7 0.487968
-101.5 0.48875
-101.3 0.489559
-101.1 0.490364
-100.9 0.491182
-100.7 0.49199
-100.5 0.492801
-100.3 0.493589
-100.1 0.494389
-99.9 0.495191
-99.7 0.495998
-99.5 0.496794
-99.3 0.497621
-99.1 0.498424
-98.9 0.499234
-98.7 0.50005
-98.5 0.500838
-98.3 0.50165
-98.1 0.502441
-97.9 0.503259
-97.7 0.504071
-97.5 0.504866
-97.3 0.505689
-97.1 0.506498
-96.9 0.507309
-96.7 0.508106
-96.5 0.508904
-96.3 0.509721
-96.1 0.510554
-95.9 0.511361
-95.7 0.512175
-95.5 0.512968
-95.3 0.513775
-95.1 0.514591
-94.9 0.515391
-94.7 0.516209
-94.5 0.517007
-94.3 0.517813
-94.1 0.5186
-93.9 0.519431
-93.7 0.520212
-93.5 0.521012
-93.3 0.5218
-93.1 0.522602
-92.9 0.523407
-92.7 0.5242
-92.5 0.524984
-92.3 0.525805
-92.1 0.5266
-91.9 0.527386
-91.7 0.528176
-91.5 0.52897
-91.3 0.529765
-91.1 0.53054
-90.9 0.531316
-90.7 0.532098
-90.5 0.532904
-90.3 0.533702
-90.1 0.534485
-89.9 0.535283
-89.7 0.536079
-89.5 0.536871
-89.3 0.537684
-89.1 0.538502
-88.9 0.539311
-88.7 0.540106
-88.5 0.540918
-88.3 0.541719
-88.1 0.54251
-87.9 0.543323
-87.7 0.544117
-87.5 0.544916
-87.3 0.545705
-87.1 0.546496
-86.9 0.547312
-86.7 0.548109
-86.5 0.54891
-86.3 0.549719
-86.1 0.550526
-85.9 0.551337
-85.7 0.552145
-85.5 0.552966
-85.3 0.553752
-85.1 0.554543
-84.9 0.55533
-84.7 0.556113
-84.5 0.556922
-84.3 0.557734
-84.1 0.558533
-83.9 0.559339
-83.7 0.56015
-83.5 0.560957
-83.3 0.561758
-83.1 0.562561
-82.9 0.563397
-82.7 0.564197
-82.5 0.564994
-82.3 0.565793
-82.1 0.566605
-81.9 0.567411
-81.7 0.568218
-81.5 0.569033
-81.3 0.56984
-81.1 0.570662
-80.9 0.571485
-80.7 0.572309
-80.5 0.573128
-80.3 0.573947
-80.1 0.574764
-79.9 0.575596
-79.7 0.576407
-79.5 0.577234
-79.3 0.578041
-79.1 0.57885
-78.9 0.579662
-78.7 0.580493
-78.5 0.58131
-78.3 0.582131
-78.1 0.582963
-77.9 0.583756
-77.7 0.584592
-77.5 0.585431
-77.3 0.586276
-77.1 0.587103
-76.9 0.58794
-76.7 0.588768
-76.5 0.589598
-76.3 0.590434
-76.1 0.591282
-75.9 0.592109
-75.7 0.592949
-75.5 0.593752
-75.3 0.594608
-75.1 0.595452
-74.9 0.59629
-74.7 0.597119
-74.5 0.597942
-74.3 0.598791
-74.1 0.599624
-73.9 0.600457
-73.7 0.601286
-73.5 0.602115
-73.3 0.602962
-73.1 0.603795
-72.9 0.604615
-72.7 0.605439
-72.5 0.606262
-72.3 0.607084
-72.1 0.60792
-71.9 0.60876
-71.7 0.609585
-71.5 0.610418
-71.3 0.61127
-71.1 0.612088
-70.9 0.61291
-70.7 0.613722
-70.5 0.614544
-70.3 0.615355
-70.1 0.616162
-69.9 0.616967
-69.7 0.6178
-69.5 0.618624
-69.3 0.619438
-69.1 0.620266
-68.9 0.621087
-68.7 0.621896
-68.5 0.622717
-68.3 0.623558
-68.1 0.624378
-67.9 0.625193
-67.7 0.626018
-67.5 0.626826
-67.3 0.627677
-67.1 0.628495
-66.9 0.629329
-66.7 0.630159
-66.5 0.630982
-66.3 0.631817
-66.1 0.632662
-65.9 0.633498
-65.7 0.634337
-65.5 0.63517
-65.3 0.636016
-65.1 0.636843
-64.9 0.637669
-64.7 0.638497
-64.5 0.639312
-64.3 0.64016
-64.1 0.640975
-63.9 0.641794
-63.7 0.642626
-63.5 0.643447
-63.3 0.644266
-63.1 0.6451
-62.9 0.645916
-62.7 0.64673
-62.5 0.647554
-62.3 0.648382
-62.1 0.649222
-61.9 0.650064
-61.7 0.650879
-61.5 0.651714
-61.3 0.652549
-61.1 0.653394
-60.9 0.654232
-60.7 0.655054
-60.5 0.655886
-60.3 0.656712
-60.1 0.657542
-59.9 0.658372
-59.7 0.65919
-59.5 0.66003
-59.3 0.660827
-59.1 0.66166
-58.9 0.662499
-58.7 0.663322
-58.5 0.664139
-58.3 0.66497
-58.1 0.665802
-57.9 0.666625
-57.7 0.66746
-57.5 0.668279
-57.3 0.669102
-57.1 0.669923
-56.9 0.670736
-56.7 0.671561
-56.5 0.672382
-56.3 0.673205
-56.1 0.674046
-55.9 0.674863
-55.7 0.675686
-55.5 0.676489
-55.3 0.677296
-55.1 0.678101
-54.9 0.678926
-54.7 0.679741
-54.5 0.680565
-54.3 0.681384
-54.1 0.682191
-53.9 0.683034
-53.7 0.683843
-53.5 0.684666
-53.3 0.685479
-53.1 0.686293
-52.9 0.687108
-52.7 0.68793
-52.5 0.688748
-52.3 0.689572
-52.1 0.690379
-51.9 0.691219
-51.7 0.692024
-51.5 0.692852
-51.3 0.693659
-51.1 0.694478
-50.9 0.695298
-50.7 0.696118
-50.5 0.69696
-50.3 0.697774
-50.1 0.698598
-49.9 0.69942
-49.7 0.70024
-49.5 0.701075
-49.3 0.701918
-49.1 0.702725
-48.9 0.703548
-48.7 0.704348
-48.5 0.705171
-48.3 0.705996
-48.1 0.706826
-47.9 0.707651
-47.7 0.708471
-47.5 0.709283
-47.3 0.710105
-47.1 0.710895
-46.9 0.711712
-46.7 0.71254
-46.5 0.713369
-46.3 0.714187
-46.1 0.715006
-45.9 0.715811
-45.7 0.716644
-45.5 0.717469
-45.3 0.718285
-45.1 0.719103
-44.9 0.719922
-44.7 0.720723
-44.5 0.721522
-44.3 0.722323
-44.1 0.723154
-43.9 0.723972
-43.7 0.724776
-43.5 0.725578
-43.3 0.726393
-43.1 0.727212
-42.9 0.728026
-42.7 0.728844
-42.5 0.729648
-42.3 0.730446
-42.1 0.731251
-41.9 0.732061
-41.7 0.732864
-41.5 0.733671
-41.3 0.734471
-41.1 0.735267
-40.9 0.736108
-40.7 0.736936
-40.5 0.737748
-40.3 0.738561
-40.1 0.739375
-39.9 0.7402
-39.7 0.740988
-39.5 0.741777
-39.3 0.742601
-39.1 0.74342
-38.9 0.744216
-38.7 0.745022
-38.5 0.745833
-38.3 0.746645
-38.1 0.747453
-37.9 0.74827
-37.7 0.749086
-37.5 0.749891
-37.3 0.750715
-37.1 0.751503
-36.9 0.752305
-36.7 0.75313
-36.5 0.753956
-36.3 0.754746
-36.1 0.755566
-35.9 0.756371
-35.7 0.757183
-35.5 0.758012
-35.3 0.758813
-35.1 0.75963
-34.9 0.76044
-34.7 0.761244
-34.5 0.762065
-34.3 0.762872
-34.1 0.763695
-33.9 0.764506
-33.7 0.765333
-33.5 0.766146
-33.3 0.766947
-33.1 0.76778
-32.9 0.768611
-32.7 0.769425
-32.5 0.770243
-32.3 0.771071
-32.1 0.771891
-31.9 0.772704
-31.7 0.773522
-31.5 0.774341
-31.3 0.775149
-31.1 0.775968
-30.9 0.776783
-30.7 0.777607
-30.5 0.778434
-30.3 0.779238
-30.1 0.780077
-29.9 0.780856
-29.7 0.781639
-29.5 0.78246
-29.3 0.783274
-29.1 0.784093
-28.9 0.784937
-28.7 0.785741
-28.5 0.786551
-28.3 0.787362
-28.1 0.788172
-27.9 0.788992
-27.7 0.789832
-27.5 0.790653
-27.3 0.791459
-27.1 0.792252
-26.9 0.793059
-26.7 0.793888
-26.5 0.794718
-26.3 0.795542
-26.1 0.796357
-25.9 0.797156
-25.7 0.797961
-25.5 0.798776
-25.3 0.799622
-25.1 0.800433
-24.9 0.801251
-24.7 0.802057
-24.5 0.802859
-24.3 0.80368
-24.1 0.804501
-23.9 0.805306
-23.7 0.806107
-23.5 0.806909
-23.3 0.807723
-23.1 0.808546
-22.9 0.809355
-22.7 0.810153
-22.5 0.810959
-22.3 0.81176
-22.1 0.812567
-21.9 0.813381
-21.7 0.814186
-21.5 0.814998
-21.3 0.815803
-21.1 0.816623
-20.9 0.81742
-20.7 0.818251
-20.5 0.819052
-20.3 0.819862
-20.1 0.820673
-19.9 0.821484
-19.7 0.822297
-19.5 0.823093
-19.3 0.823908
-19.1 0.8247
-18.9 0.82549
-18.7 0.826304
-18.5 0.827109
-18.3 0.82791
-18.1 0.828721
-17.9 0.829523
-17.7 0.830333
-17.5 0.831142
-17.3 0.831953
-17.1 0.832763
-16.9 0.833559
-16.7 0.834351
-16.5 0.835159
-16.3 0.83597
-16.1 0.836796
-15.9 0.837583
-15.7 0.838398
-15.5 0.839188
-15.3 0.839996
-15.1 0.840808
-14.9 0.841616
-14.7 0.842413
-14.5 0.843217
-14.3 0.844024
-14.1 0.844824
-13.9 0.84562
-13.7 0.846412
-13.5 0.847214
-13.3 0.84801
-13.1 0.848801
-12.9 0.849625
-12.7 0.850426
-12.5 0.851239
-12.3 0.852022
-12.1 0.852826
-11.9 0.853625
-11.7 0.854434
-11.5 0.855238
-11.3 0.856036
-11.1 0.85685
-10.9 0.857654
-10.7 0.858458
-10.5 0.859279
-10.3 0.860089
-10.1 0.860875
-9.9 0.861679
-9.7 0.862508
-9.5 0.863321
-9.3 0.864112
-9.1 0.864929
-8.9 0.865741
-8.7 0.866559
-8.5 0.867379
-8.3 0.868201
-8.1 0.869025
-7.9 0.869837
-7.7 0.870651
-7.5 0.871427
-7.3 0.872237
-7.1 0.873035
-6.9 0.873836
-6.7 0.874651
-6.5 0.875455
-6.3 0.87627
-6.1 0.877074
-5.9 0.877878
-5.7 0.878699
-5.5 0.879503
-5.3 0.880319
-5.1 0.881141
-4.9 0.881972
-4.7 0.882793
-4.5 0.883585
-4.3 0.884405
-4.1 0.885225
-3.9 0.886036
-3.7 0.886844
-3.5 0.887645
-3.3 0.888471
-3.1 0.88927
-2.9 0.890097
-2.7 0.890917
-2.5 0.891738
-2.3 0.892566
-2.1 0.893371
-1.9 0.894176
-1.7 0.895002
-1.5 0.895815
-1.3 0.896645
-1.1 0.89747
-0.899999 0.898288
-0.699999 0.899103
-0.499999 0.8999
-0.299999 0.90073
-0.0999994 0.901553
0.100001 0.902354
0.300001 0.903164
0.500001 0.903985
0.700001 0.904804
0.900001 0.905619
1.1 0.906434
1.3 0.907252
1.5 0.908077
1.7 0.908887
1.9 0.909709
2.1 0.910497
2.3 0.911324
2.5 0.912135
2.7 0.912941
2.9 0.91376
3.1 0.91459
3.3 0.915399
3.5 0.916195
3.7 0.917012
3.9 0.917807
4.1 0.918613
4.3 0.919412
4.5 0.920215
4.7 0.921022
4.9 0.92182
5.1 0.922609
5.3 0.923393
5.5 0.924194
5.7 0.925009
5.9 0.925809
6.1 0.926601
6.3 0.92742
6.5 0.928211
6.7 0.929002
6.9 0.92982
7.1 0.930636
7.3 0.931436
7.5 0.932207
7.7 0.933006
7.9 0.933787
8.1 0.934573
8.3 0.935361
8.5 0.936158
8.7 0.936949
8.9 0.937742
9.1 0.938531
9.3 0.939322
9.5 0.940113
9.7 0.9409
9.9 0.941699
10.1 0.942471
10.3 0.94326
10.5 0.944045
10.7 0.944819
10.9 0.9456
11.1 0.94636
11.3 0.947133
11.5 0.947908
11.7 0.948664
11.9 0.949425
12.1 0.950184
12.3 0.950955
12.5 0.951725
12.7 0.952462
12.9 0.953224
13.1 0.953957
13.3 0.954713
13.5 0.955484
13.7 0.956243
13.9 0.956989
14.1 0.957722
14.3 0.958467
14.5 0.959201
14.7 0.959901
14.9 0.960622
15.1 0.961348
15.3 0.962056
15.5 0.962788
15.7 0.963503
15.9 0.964215
16.1 0.964911
16.3 0.965606
16.5 0.966299
16.7 0.966985
16.9 0.967658
17.1 0.968312
17.3 0.968975
17.5 0.969647
17.7 0.970305
17.9 0.970977
18.1 0.971629
18.3 0.972278
18.5 0.972918
18.7 0.973538
18.9 0.97415
19.1 0.974766
19.3 0.975357
19.5 0.975969
19.7 0.976557
19.9 0.977135
20.1 0.977719
20.3 0.978288
20.5 0.978844
20.7 0.979404
20.9 0.979964
21.1 0.980495
21.3 0.981023
21.5 0.981563
21.7 0.982106
21.9 0.982624
22.1 0.983115
22.3 0.983598
22.5 0.984066
22.7 0.984547
22.9 0.985013
23.1 0.985471
23.3 0.985936
23.5 0.986368
23.7 0.986795
23.9 0.987212
24.1 0.987631
24.3 0.988037
24.5 0.988433
24.7 0.98883
24.9 0.989219
25.1 0.989587
25.3 0.989961
25.5 0.990308
25.7 0.990665
25.9 0.991023
26.1 0.991365
26.3 0.991701
26.5 0.992014
26.7 0.992319
26.9 0.992626
27.1 0.992924
27.3 0.993221
27.5 0.9935
27.7 0.993765
27.9 0.99403
28.1 0.994284
28.3 0.994528
28.5 0.99477
28.7 0.995006
28.9 0.995228
29.1 0.995449
29.3 0.995661
29.5 0.995868
29.7 0.99605
29.9 0.996236
30.1 0.996409
30.3 0.996582
30.5 0.99674
30.7 0.996907
30.9 0.99707
31.1 0.997217
31.3 0.997352
31.5 0.997487
31.7 0.997609
31.9 0.99774
32.1 0.997853
32.3 0.997958
32.5 0.998066
32.7 0.998173
32.9 0.998269
33.1 0.998364
33.3 0.998456
33.5 0.998543
33.7 0.998627
33.9 0.998709
34.1 0.998791
34.3 0.998864
34.5 0.998937
34.7 0.999
34.9 0.99906
35.1 0.99912
35.3 0.999177
35.5 0.999232
35.7 0.999277
35.9 0.999322
36.1 0.999367
36.3 0.999407
36.5 0.999445
36.7 0.999483
36.9 0.99952
37.1 0.999548
37.3 0.999578
37.5 0.999609
37.7 0.999639
37.9 0.999663
38.1 0.999686
38.3 0.999708
38.5 0.999724
38.7 0.999743
38.9 0.999759
39.1 0.999776
39.3 0.999793
39.5 0.999807
39.7 0.999818
39.9 0.999831
40.1 0.999841
40.3 0.999852
40.5 0.999864
40.7 0.999875
40.9 0.999885
41.1 0.999894
41.3 0.999901
41.5 0.999908
41.7 0.999915
41.9 0.99992
42.1 0.999927
42.3 0.999934
42.5 0.999937
42.7 0.999941
42.9 0.999946
43.1 0.99995
43.3 0.999954
43.5 0.999957
43.7 0.999959
43.9 0.999961
44.1 0.999964
44.3 0.999965
44.5 0.999968
44.7 0.99997
44.9 0.999972
45.1 0.999973
45.3 0.999975
45.5 0.999976
45.7 0.999977
45.9 0.99998
46.1 0.999981
46.3 0.999981
46.5 0.999982
46.7 0.999984
46.9 0.999985
47.1 0.999986
47.3 0.999986
47.5 0.999988
47.7 0.999989
47.9 0.99999
48.1 0.999991
48.3 0.999992
48.5 0.999992
48.7 0.999993
48.9 0.999994
49.1 0.999996
49.3 0.999996
49.5 0.999997
49.7 0.999998
49.9 0.999999
50.1 1
