1300
-209.7 1.74011e-07
-209.5 1.74011e-07
-209.3 5.22034e-07
-209.1 1.04407e-06
-208.9 1.21808e-06
-208.7 1.21808e-06
-208.5 1.5661e-06
-208.3 2.08814e-06
-208.1 2.08814e-06
-207.9 2.08814e-06
-207.7 2.08814e-06
-207.5 2.43616e-06
-207.3 2.78418e-06
-207.1 2.78418e-06
-206.9 3.13221e-06
-206.7 3.65424e-06
-206.5 3.65424e-06
-206.3 3.82825e-06
-206.1 3.82825e-06
-205.9 4.00226e-06
-205.7 4.17627e-06
-205.5 4.35029e-06
-205.3 4.35029e-06
-205.1 4.69831e-06
-204.9 5.04633e-06
-204.7 5.04633e-06
-204.5 5.22034e-06
-204.3 5.22034e-06
-204.1 5.39435e-06
-203.9 5.74238e-06
-203.7 6.26441e-06
-203.5 6.61243e-06
-203.3 6.78645e-06
-203.1 7.13447e-06
-202.9 7.48249e-06
-202.7 7.6565e-06
-202.5 7.83051e-06
-202.3 8.00453e-06
-202.1 8.35255e-06
-201.9 8.35255e-06
-201.7 8.70057e-06
-201.5 8.87458e-06
-201.3 8.87458e-06
-201.1 8.87458e-06
-200.9 8.87458e-06
-200.7 9.04859e-06
-200.5 9.39662e-06
-200.3 9.91865e-06
-200.1 1.00927e-05
-199.9 1.06147e-05
-199.7 1.07887e-05
-199.5 1.09627e-05
-199.3 1.11367e-05
-199.1 1.16588e-05
-198.9 1.21808e-05
-198.7 1.25288e-05
-198.5 1.33989e-05
-198.3 1.42689e-05
-198.1 1.5661e-05
-197.9 2.03593e-05
-197.7 2.88859e-05
-197.5 4.33288e-05
-197.3 6.61243e-05
-197.1 0.000104755
-196.9 0.000165659
-196.7 0.000250228
-196.5 0.000373603
-196.3 0.000546918
-196.1 0.000778701
-195.9 0.00109227
-195.7 0.00151007
-195.5 0.00206917
-195.3 0.0027593
-195.1 0.00361091
-194.9 0.00465968
-194.7 0.00594597
-194.5 0.00740906
-194.3 0.00904042
-194.1 0.0108493
-193.9 0.0127834
-193.7 0.0148533
-193.5 0.0170331
-193.3 0.0192615
-193.1 0.0215069
-192.9 0.0237903
-192.7 0.02607
-192.5 0.0283177
-192.3 0.0305555
-192.1 0.0327566
-191.9 0.0349182
-191.7 0.0370373
-191.5 0.0391613
-191.3 0.0412586
-191.1 0.0433163
-190.9 0.0453465
-190.7 0.0473389
-190.5 0.0493442
-190.3 0.0513081
-190.1 0.0531904
-189.9 0.0550899
-189.7 0.0569614
-189.5 0.0588279
-189.3 0.0606981
-189.1 0.0625383
-188.9 0.0643755
-188.7 0.0661759
-188.5 0.0679699
-188.3 0.0697288
-188.1 0.0714681
-187.9 0.0732099
-187.7 0.0749761
-187.5 0.0766849
-187.3 0.0783989
-187.1 0.0801006
-186.9 0.0818174
-186.7 0.0834841
-186.5 0.085129
-186.3 0.0868287
-186.1 0.0884838
-185.9 0.0901424
-185.7 0.0917729
-185.5 0.0934053
-185.3 0.0950318
-185.1 0.0966285
-184.9 0.0982495
-184.7 0.0998758
-184.5 0.101491
-184.3 0.103073
-184.1 0.104668
-183.9 0.106268
-183.7 0.107819
-183.5 0.109356
-183.3 0.110913
-183.1 0.112463
-182.9 0.113988
-182.7 0.11555
-182.5 0.117112
-182.3 0.118635
-182.1 0.12016
-181.9 0.121647
-181.7 0.123161
-181.5 0.124684
-181.3 0.126158
-181.1 0.127622
-180.9 0.129092
-180.7 0.130557
-180.5 0.131987
-180.3 0.133427
-180.1 0.134826
-179.9 0.136211
-179.7 0.137595
-179.5 0.138962
-179.3 0.140288
-179.1 0.141611
-178.9 0.142906
-178.7 0.144186
-178.5 0.145489
-178.3 0.146747
-178.1 0.148006
-177.9 0.149236
-177.7 0.150451
-177.5 0.151657
-177.3 0.152875
-177.1 0.154042
-176.9 0.155199
-176.7 0.156351
-176.5 0.157464
-176.3 0.158561
-176.1 0.159667
-175.9 0.160768
-175.7 0.16187
-175.5 0.162961
-175.3 0.164052
-175.1 0.16512
-174.9 0.16617
-174.7 0.167217
-174.5 0.168283
-174.3 0.16931
-174.1 0.170354
-173.9 0.171386
-173.7 0.172418
-173.5 0.173457
-173.3 0.174451
-173.1 0.175472
-172.9 0.17648
-172.7 0.177461
-172.5 0.178431
-172.3 0.179427
-172.1 0.180412
-171.9 0.181401
-171.7 0.182364
-171.5 0.183339
-171.3 0.184316
-171.1 0.185282
-170.9 0.186234
-170.7 0.18718
-170.5 0.188138
-170.3 0.189079
-170.1 0.190005
-169.9 0.190946
-169.7 0.19187
-169.5 0.192807
-169.3 0.193712
-169.1 0.194647
-168.9 0.19557
-168.7 0.19649
-168.5 0.197386
-168.3 0.198314
-168.1 0.199232
-167.9 0.200168
-167.7 0.201081
-167.5 0.201974
-167.3 0.202903
-167.1 0.203834
-166.9 0.204731
-166.7 0.205632
-166.5 0.206554
-166.3 0.207473
-166.1 0.208365
-165.9 0.209288
-165.7 0.210221
-165.5 0.211124
-165.3 0.212013
-165.1 0.212902
-164.9 0.213805
-164.7 0.214693
-164.5 0.215586
-164.3 0.216476
-164.1 0.217357
-163.9 0.218242
-163.7 0.219132
-163.5 0.220026
-163.3 0.220917
-163.1 0.221795
-162.9 0.222675
-162.7 0.223579
-162.5 0.224483
-162.3 0.225364
-162.1 0.226247
-161.9 0.22714
-161.7 0.228018
-161.5 0.228918
-161.3 0.229828
-161.1 0.230701
-160.9 0.231594
-160.7 0.232477
-160.5 0.233332
-160.3 0.234197
-160.1 0.235097
-159.9 0.235972
-159.7 0.236845
-159.5 0.237693
-159.3 0.23857
-159.1 0.239464
-158.9 0.240311
-158.7 0.241182
-158.5 0.242011
-158.3 0.24287
-158.1 0.243744
-157.9 0.244604
-157.7 0.245472
-157.5 0.246338
-157.3 0.247215
-157.1 0.248075
-156.9 0.248939
-156.7 0.249796
-156.5 0.250656
-156.3 0.25151
-156.1 0.252377
-155.9 0.253235
-155.7 0.254079
-155.5 0.254938
-155.3 0.255766
-155.1 0.256595
-154.9 0.257446
-154.7 0.258292
-154.5 0.259156
-154.3 0.260001
-154.1 0.260833
-153.9 0.26166
-153.7 0.262465
-153.5 0.263288
-153.3 0.264112
-153.1 0.264912
-152.9 0.265726
-152.7 0.266511
-152.5 0.267337
-152.3 0.268146
-152.1 0.268946
-151.9 0.269731
-151.7 0.270544
-151.5 0.271337
-151.3 0.272113
-151.1 0.272897
-150.9 0.273686
-150.7 0.274481
-150.5 0.275272
-150.3 0.27605
-150.1 0.276803
-149.9 0.277571
-149.7 0.278342
-149.5 0.279105
-149.3 0.279874
-149.1 0.280657
-148.9 0.281409
-148.7 0.282181
-148.5 0.282951
-148.3 0.28373
-148.1 0.284491
-147.9 0.285283
-147.7 0.286067
-147.5 0.286848
-147.3 0.287647
-147.1 0.28843
-146.9 0.289222
-146.7 0.29001
-146.5 0.290802
-146.3 0.291571
-146.1 0.292386
-145.9 0.293167
-145.7 0.29397
-145.5 0.294761
-145.3 0.295578
-145.1 0.29639
-144.9 0.297158
-144.7 0.297952
-144.5 0.298762
-144.3 0.299575
-144.1 0.300408
-143.9 0.301238
-143.7 0.302033
-143.5 0.302833
-143.3 0.303648
-143.1 0.304483
-142.9 0.305299
-142.7 0.306157
-142.5 0.306982
-142.3 0.307812
-142.1 0.308667
-141.9 0.309496
-141.7 0.310336
-141.5 0.311172
-141.3 0.312002
-141.1 0.31283
-140.9 0.313691
-140.7 0.314536
-140.5 0.315394
-140.3 0.316217
-140.1 0.31707
-139.9 0.317911
-139.7 0.318765
-139.5 0.319623
-139.3 0.320464
-139.1 0.321327
-138.9 0.322175
-138.7 0.323052
-138.5 0.323921
-138.3 0.324799
-138.1 0.325688
-137.9 0.326555
-137.7 0.327439
-137.5 0.328297
-137.3 0.329152
-137.1 0.330038
-136.9 0.330945
-136.7 0.331827
-136.5 0.33273
-136.3 0.333608
-136.1 0.334487
-135.9 0.335372
-135.7 0.336262
-135.5 0.337157
-135.3 0.338035
-135.1 0.338917
-134.9 0.339819
-134.7 0.340679
-134.5 0.341552
-134.3 0.342428
-134.1 0.343321
-133.9 0.344192
-133.7 0.345067
-133.5 0.345954
-133.3 0.346821
-133.1 0.347703
-132.9 0.348618
-132.7 0.349514
-132.5 0.350421
-132.3 0.351303
-132.1 0.352194
-131.9 0.353086
-131.7 0.35396
-131.5 0.354855
-131.3 0.355753
-131.1 0.356633
-130.9 0.357501
-130.7 0.358362
-130.5 0.359239
-130.3 0.360115
-130.1 0.36101
-129.9 0.361892
-129.7 0.362774
-129.5 0.363663
-129.3 0.364581
-129.1 0.365458
-128.9 0.366328
-128.7 0.367194
-128.5 0.368095
-128.3 0.368998
-128.1 0.369886
-127.9 0.37077
-127.7 0.371657
-127.5 0.372537
-127.3 0.373424
-127.1 0.3743
-126.9 0.375174
-126.7 0.376067
-126.5 0.376929
-126.3 0.377789
-126.1 0.378653
-125.9 0.379543
-125.7 0.380403
-125.5 0.38128
-125.3 0.382134
-125.1 0.383019
-124.9 0.383896
-124.7 0.384775
-124.5 0.385632
-124.3 0.386509
-124.1 0.387345
-123.9 0.388216
-123.7 0.389075
-123.5 0.389961
-123.3 0.39082
-123.1 0.391668
-122.9 0.392526
-122.7 0.39337
-122.5 0.394238
-122.3 0.395087
-122.1 0.395946
-121.9 0.396791
-121.7 0.397651
-121.5 0.398529
-121.3 0.3994
-121.1 0.40026
-120.9 0.401129
-120.7 0.401976
-120.5 0.402849
-120.3 0.403702
-120.1 0.404531
-119.9 0.405394
-119.7 0.406251
-119.5 0.407106
-119.3 0.407969
-119.1 0.408807
-118.9 0.409673
-118.7 0.410533
-118.5 0.411381
-118.3 0.412255
-118.1 0.413103
-117.9 0.413965
-117.7 0.414832
-117.5 0.415676
-117.3 0.416527
-117.1 0.417368
-116.9 0.418238
-116.7 0.419098
-116.5 0.419959
-116.3 0.420819
-116.1 0.421663
-115.9 0.422496
-115.7 0.423335
-115.5 0.424179
-115.3 0.425033
-115.1 0.425879
-114.9 0.426746
-114.7 0.427618
-114.5 0.428467
-114.3 0.429322
-114.1 0.430173
-113.9 0.431027
-113.7 0.431887
-113.5 0.432734
-113.3 0.433579
-113.1 0.434441
-112.9 0.435269
-112.7 0.436096
-112.5 0.436936
-112.3 0.437767
-112.1 0.438611
-111.9 0.439458
-111.7 0.440313
-111.5 0.441156
-111.3 0.441997
-111.1 0.442853
-110.9 0.4437
-110.7 0.444548
-110.5 0.445402
-110.3 0.446243
-110.1 0.447095
-109.9 0.447931
-109.7 0.448789
-109.5 0.449614
-109.3 0.450463
-109.1 0.451313
-108.9 0.452139
-108.7 0.452987
-108.5 0.453818
-108.3 0.454676
-108.1 0.455531
-107.9 0.456368
-107.7 0.457198
-107.5 0.458015
-107.3 0.458853
-107.1 0.459684
-106.9 0.460509
-106.7 0.461329
-106.5 0.462156
-106.3 0.462976
-106.1 0.463808
-105.9 0.464635
-105.7 0.465467
-105.5 0.466265
-105.3 0.467083
-105.1 0.46793
-104.9 0.468753
-104.7 0.469572
-104.5 0.470392
-104.3 0.471229
-104.1 0.472023
-103.9 0.472849
-103.7 0.473664
-103.5 0.474508
-103.3 0.475317
-103.1 0.476134
-102.9 0.476953
-102.7 0.477766
-102.5 0.478597
-102.3 0.479416
-102.1 0.480223
-101.9 0.481042
-101.7 0.481857
-101.5 0.482663
-101.3 0.483494
-101.1 0.484336
-100.9 0.48516
-100.7 0.485976
-100.5 0.486796
-100.3 0.48762
-100.1 0.488451
-99.9 0.489299
-99.7 0.490131
-99.5 0.490959
-99.3 0.491802
-99.1 0.4926
-98.9 0.493438
-98.7 0.494256
-98.5 0.495076
-98.3 0.495887
-98.1 0.49672
-97.9 0.497557
-97.7 0.498399
-97.5 0.499248
-97.3 0.500078
-97.1 0.500922
-96.9 0.501717
-96.7 0.50254
-96.5 0.503363
-96.3 0.504172
-96.1 0.504975
-95.9 0.505804
-95.7 0.506635
-95.5 0.507452
-95.3 0.508258
-95.1 0.509081
-94.9 0.509896
-94.7 0.510693
-94.5 0.511518
-94.3 0.512336
-94.1 0.513152
-93.9 0.513953
-93.7 0.514759
-93.5 0.515578
-93.3 0.516399
-93.1 0.517237
-92.9 0.518016
-92.7 0.518842
-92.5 0.519652
-92.3 0.520468
-92.1 0.521279
-91.9 0.522095
-91.7 0.522902
-91.5 0.523712
-91.3 0.52452
-91.1 0.525328
-90.9 0.526127
-90.7 0.526909
-90.5 0.527712
-90.3 0.528532
-90.1 0.529335
-89.9 0.530172
-89.7 0.530963
-89.5 0.531807
-89.3 0.532604
-89.1 0.533415
-88.9 0.534196
-88.7 0.534988
-88.5 0.535807
-88.3 0.536612
-88.1 0.537416
-87.9 0.538233
-87.7 0.539031
-87.5 0.539822
-87.3 0.54062
-87.1 0.541416
-86.9 0.542233
-86.7 0.543047
-86.5 0.543831
-86.3 0.544605
-86.1 0.545417
-85.9 0.546213
-85.7 0.547025
-85.5 0.547836
-85.3 0.548636
-85.1 0.549445
-84.9 0.550254
-84.7 0.551059
-84.5 0.551891
-84.3 0.552715
-84.1 0.553525
-83.9 0.554332
-83.7 0.555146
-83.5 0.555951
-83.3 0.556758
-83.1 0.557578
-82.9 0.558375
-82.7 0.55918
-82.5 0.560003
-82.3 0.560804
-82.1 0.561623
-81.9 0.56242
-81.7 0.56324
-81.5 0.564046
-81.3 0.564845
-81.1 0.565642
-80.9 0.566437
-80.7 0.567242
-80.5 0.568044
-80.3 0.568853
-80.1 0.569648
-79.9 0.57045
-79.7 0.571248
-79.5 0.572062
-79.3 0.572867
-79.1 0.573663
-78.9 0.574463
-78.7 0.575266
-78.5 0.576081
-78.3 0.576897
-78.1 0.577687
-77.9 0.578515
-77.7 0.579321
-77.5 0.58013
-77.3 0.580955
-77.1 0.581743
-76.9 0.582536
-76.7 0.583353
-76.5 0.584154
-76.3 0.584962
-76.1 0.585763
-75.9 0.586576
-75.7 0.587379
-75.5 0.588206
-75.3 0.589026
-75.1 0.589839
-74.9 0.590652
-74.7 0.591443
-74.5 0.592271
-74.3 0.593078
-74.1 0.593899
-73.9 0.594721
-73.7 0.595547
-73.5 0.596367
-73.3 0.597184
-73.1 0.597998
-72.9 0.598822
-72.7 0.599646
-72.5 0.600461
-72.3 0.601296
-72.1 0.602103
-71.9 0.602918
-71.7 0.603745
-71.5 0.604574
-71.3 0.605406
-71.1 0.606242
-70.9 0.607044
-70.7 0.60786
-70.5 0.608696
-70.3 0.609526
-70.1 0.610344
-69.9 0.611165
-69.7 0.61199
-69.5 0.612815
-69.3 0.613664
-69.1 0.614495
-68.9 0.615308
-68.7 0.616161
-68.5 0.617004
-68.3 0.617844
-68.1 0.618681
-67.9 0.619516
-67.7 0.620355
-67.5 0.621221
-67.3 0.622082
-67.1 0.62292
-66.9 0.623761
-66.7 0.624603
-66.5 0.62543
-66.3 0.626253
-66.1 0.627094
-65.9 0.627959
-65.7 0.628818
-65.5 0.629656
-65.3 0.630508
-65.1 0.63134
-64.9 0.632216
-64.7 0.633071
-64.5 0.633915
-64.3 0.634766
-64.1 0.635622
-63.9 0.636461
-63.7 0.637307
-63.5 0.638155
-63.3 0.639006
-63.1 0.63984
-62.9 0.640676
-62.7 0.641521
-62.5 0.642362
-62.3 0.643204
-62.1 0.644051
-61.9 0.644899
-61.7 0.645728
-61.5 0.646565
-61.3 0.647418
-61.1 0.648246
-60.9 0.649083
-60.7 0.649928
-60.5 0.650787
-60.3 0.651634
-60.1 0.652489
-59.9 0.653326
-59.7 0.654135
-59.5 0.654956
-59.3 0.65579
-59.1 0.656622
-58.9 0.657442
-58.7 0.658267
-58.5 0.659098
-58.3 0.659931
-58.1 0.660759
-57.9 0.661589
-57.7 0.662405
-57.5 0.663239
-57.3 0.664061
-57.1 0.664877
-56.9 0.665699
-56.7 0.666537
-56.5 0.667345
-56.3 0.668156
-56.1 0.668953
-55.9 0.669767
-55.7 0.670607
-55.5 0.671426
-55.3 0.672255
-55.1 0.673088
-54.9 0.673895
-54.7 0.674704
-54.5 0.675519
-54.3 0.676327
-54.1 0.677151
-53.9 0.677966
-53.7 0.678771
-53.5 0.679592
-53.3 0.680428
-53.1 0.681255
-52.9 0.682069
-52.7 0.682899
-52.5 0.683717
-52.3 0.684545
-52.1 0.685373
-51.9 0.686195
-51.7 0.68702
-51.5 0.687846
-51.3 0.688673
-51.1 0.689474
-50.9 0.690262
-50.7 0.691069
-50.5 0.691874
-50.3 0.69271
-50.1 0.693514
-49.9 0.694332
-49.7 0.695156
-49.5 0.695974
-49.3 0.69679
-49.1 0.697593
-48.9 0.698418
-48.7 0.699241
-48.5 0.700077
-48.3 0.700902
-48.1 0.701729
-47.9 0.702559
-47.7 0.703408
-47.5 0.704215
-47.3 0.705037
-47.1 0.705856
-46.9 0.706687
-46.7 0.707499
-46.5 0.708334
-46.3 0.70916
-46.1 0.709966
-45.9 0.710783
-45.7 0.711602
-45.5 0.712411
-45.3 0.713228
-45.1 0.714055
-44.9 0.714857
-44.7 0.715657
-44.5 0.716484
-44.3 0.717294
-44.1 0.718121
-43.9 0.718933
-43.7 0.719718
-43.5 0.720537
-43.3 0.721353
-43.1 0.722162
-42.9 0.722973
-42.7 0.723768
-42.5 0.72457
-42.3 0.725369
-42.1 0.726182
-41.9 0.727007
-41.7 0.727823
-41.5 0.728628
-41.3 0.729432
-41.1 0.730247
-40.9 0.731087
-40.7 0.731911
-40.5 0.732749
-40.3 0.733571
-40.1 0.734389
-39.9 0.735198
-39.7 0.736003
-39.5 0.73682
-39.3 0.737641
-39.1 0.738457
-38.9 0.739271
-38.7 0.740101
-38.5 0.740918
-38.3 0.741739
-38.1 0.742559
-37.9 0.74336
-37.7 0.744175
-37.5 0.744975
-37.3 0.745808
-37.1 0.746614
-36.9 0.747415
-36.7 0.748238
-36.5 0.749053
-36.3 0.749856
-36.1 0.750685
-35.9 0.751501
-35.7 0.752319
-35.5 0.753117
-35.3 0.753943
-35.1 0.754751
-34.9 0.755559
-34.7 0.756379
-34.5 0.757183
-34.3 0.758
-34.1 0.758807
-33.9 0.759624
-33.7 0.760456
-33.5 0.761261
-33.3 0.762063
-33.1 0.762874
-32.9 0.763676
-32.7 0.764496
-32.5 0.76531
-32.3 0.766127
-32.1 0.766944
-31.9 0.767773
-31.7 0.768608
-31.5 0.769437
-31.3 0.770258
-31.1 0.771078
-30.9 0.771905
-30.7 0.772749
-30.5 0.773575
-30.3 0.774389
-30.1 0.775218
-29.9 0.776026
-29.7 0.776854
-29.5 0.777676
-29.3 0.778466
-29.1 0.779291
-28.9 0.780109
-28.7 0.780924
-28.5 0.781743
-28.3 0.782567
-28.1 0.783397
-27.9 0.784207
-27.7 0.785029
-27.5 0.785835
-27.3 0.786646
-27.1 0.787474
-26.9 0.78827
-26.7 0.789067
-26.5 0.789899
-26.3 0.79071
-26.1 0.791529
-25.9 0.792353
-25.7 0.79318
-25.5 0.794029
-25.3 0.794847
-25.1 0.795655
-24.9 0.796486
-24.7 0.797328
-24.5 0.798165
-24.3 0.798977
-24.1 0.799788
-23.9 0.80063
-23.7 0.801449
-23.5 0.802276
-23.3 0.803097
-23.1 0.803908
-22.9 0.804751
-22.7 0.805556
-22.5 0.806372
-22.3 0.807202
-22.1 0.808034
-21.9 0.808849
-21.7 0.809654
-21.5 0.810469
-21.3 0.811287
-21.1 0.812104
-20.9 0.812918
-20.7 0.81376
-20.5 0.81458
-20.3 0.815391
-20.1 0.816218
-19.9 0.817039
-19.7 0.817849
-19.5 0.818684
-19.3 0.81951
-19.1 0.820316
-18.9 0.821157
-18.7 0.821978
-18.5 0.822799
-18.3 0.823605
-18.1 0.824409
-17.9 0.825226
-17.7 0.826036
-17.5 0.826842
-17.3 0.827666
-17.1 0.828489
-16.9 0.82929
-16.7 0.830104
-16.5 0.830922
-16.3 0.831749
-16.1 0.832556
-15.9 0.83336
-15.7 0.834198
-15.5 0.835023
-15.3 0.835811
-15.1 0.836632
-14.9 0.837419
-14.7 0.83821
-14.5 0.839007
-14.3 0.839801
-14.1 0.840607
-13.9 0.841428
-13.7 0.842214
-13.5 0.843007
-13.3 0.843821
-13.1 0.844634
-12.9 0.845439
-12.7 0.846233
-12.5 0.847037
-12.3 0.847818
-12.1 0.848623
-11.9 0.849433
-11.7 0.850237
-11.5 0.851025
-11.3 0.851818
-11.1 0.852622
-10.9 0.853418
-10.7 0.854185
-10.5 0.854972
-10.3 0.855766
-10.1 0.85656
-9.9 0.857357
-9.7 0.858164
-9.5 0.858964
-9.3 0.859761
-9.1 0.860548
-8.9 0.861358
-8.7 0.86216
-8.5 0.862975
-8.3 0.863774
-8.1 0.86457
-7.9 0.865349
-7.7 0.866161
-7.5 0.866946
-7.3 0.867736
-7.1 0.868543
-6.9 0.869332
-6.7 0.870131
-6.5 0.870926
-6.3 0.871738
-6.1 0.872533
-5.9 0.873331
-5.7 0.874117
-5.5 0.874933
-5.3 0.875727
-5.1 0.876537
-4.9 0.877335
-4.7 0.878108
-4.5 0.878906
-4.3 0.879704
-4.1 0.880498
-3.9 0.881295
-3.7 0.882096
-3.5 0.882873
-3.3 0.883682
-3.1 0.884468
-2.9 0.885291
-2.7 0.88608
-2.5 0.88689
-2.3 0.887687
-2.1 0.888495
-1.9 0.889306
-1.7 0.890093
-1.5 0.89089
-1.3 0.891686
-1.1 0.892491
-0.899999 0.893308
-0.699999 0.894112
-0.499999 0.894927
-0.299999 0.895767
-0.0999994 0.896579
0.100001 0.897407
0.300001 0.898205
0.500001 0.899001
0.700001 0.899813
0.900001 0.900613
1.1 0.901408
1.3 0.902239
1.5 0.903058
1.7 0.903862
1.9 0.904666
2.1 0.905461
2.3 0.906246
2.5 0.907055
2.7 0.907872
2.9 0.908684
3.1 0.90951
3.3 0.910334
3.5 0.911142
3.7 0.911951
3.9 0.91278
4.1 0.91361
4.3 0.914409
4.5 0.915217
4.7 0.916012
4.9 0.916817
5.1 0.917631
5.3 0.91845
5.5 0.919279
5.7 0.920097
5.9 0.920902
6.1 0.92172
6.3 0.922525
6.5 0.923339
6.7 0.924134
6.9 0.924961
7.1 0.925791
7.3 0.926584
7.5 0.927377
7.7 0.928185
7.9 0.929001
8.1 0.929811
8.3 0.930637
8.5 0.931438
8.7 0.93226
8.9 0.933057
9.1 0.933839
9.3 0.93466
9.5 0.935465
9.7 0.936267
9.9 0.937087
10.1 0.937908
10.3 0.938722
10.5 0.939545
10.7 0.940352
10.9 0.941142
11.1 0.941925
11.3 0.942711
11.5 0.943515
11.7 0.944308
11.9 0.945101
12.1 0.945897
12.3 0.946703
12.5 0.947509
12.7 0.948299
12.9 0.949083
13.1 0.949863
13.3 0.950655
13.5 0.951425
13.7 0.952196
13.9 0.952962
14.1 0.953754
14.3 0.954501
14.5 0.955274
14.7 0.956021
14.9 0.956779
15.1 0.957543
15.3 0.958292
15.5 0.959037
15.7 0.959767
15.9 0.960511
16.1 0.961249
16.3 0.961972
16.5 0.962686
16.7 0.963399
16.9 0.964123
17.1 0.964826
17.3 0.965548
17.5 0.96624
17.7 0.966944
17.9 0.967642
18.1 0.968343
18.3 0.969005
18.5 0.96967
18.7 0.970339
18.9 0.970987
19.1 0.971636
19.3 0.97228
19.5 0.972915
19.7 0.97354
19.9 0.974154
20.1 0.974744
20.3 0.975338
20.5 0.975944
20.7 0.976528
20.9 0.977091
21.1 0.977661
21.3 0.978213
21.5 0.978762
21.7 0.979316
21.9 0.979846
22.1 0.980382
22.3 0.980926
22.5 0.981444
22.7 0.981952
22.9 0.982446
23.1 0.982931
23.3 0.98341
23.5 0.983867
23.7 0.984325
23.9 0.984782
24.1 0.985241
24.3 0.985677
24.5 0.986116
24.7 0.986531
24.9 0.986958
25.1 0.987366
25.3 0.98777
25.5 0.988155
25.7 0.988549
25.9 0.988919
26.1 0.98929
26.3 0.989646
26.5 0.99
26.7 0.99035
26.9 0.99068
27.1 0.991016
27.3 0.991349
27.5 0.991652
27.7 0.99195
27.9 0.992249
28.1 0.992549
28.3 0.992835
28.5 0.993107
28.7 0.993384
28.9 0.993663
29.1 0.993917
29.3 0.994152
29.5 0.994401
29.7 0.994631
29.9 0.994856
30.1 0.995086
30.3 0.995301
30.5 0.995503
30.7 0.995709
30.9 0.995912
31.1 0.996103
31.3 0.996292
31.5 0.996456
31.7 0.996625
31.9 0.996781
32.1 0.99694
32.3 0.99709
32.5 0.997229
32.7 0.997361
32.9 0.997498
33.1 0.997624
33.3 0.997748
33.5 0.997866
33.7 0.997984
33.9 0.998092
34.1 0.998192
34.3 0.998286
34.5 0.998374
34.7 0.998456
34.9 0.998542
35.1 0.998627
35.3 0.998701
35.5 0.99877
35.7 0.998843
35.9 0.998908
36.1 0.998972
36.3 0.999029
36.5 0.999085
36.7 0.999138
36.9 0.999188
37.1 0.999239
37.3 0.999286
37.5 0.99933
37.7 0.999372
37.9 0.999412
38.1 0.999447
38.3 0.99948
38.5 0.999514
38.7 0.999545
38.9 0.999572
39.1 0.9996
39.3 0.999624
39.5 0.999649
39.7 0.999671
39.9 0.99969
40.1 0.999711
40.3 0.999729
40.5 0.999748
40.7 0.999768
40.9 0.999783
41.1 0.999798
41.3 0.999812
41.5 0.999825
41.7 0.999835
41.9 0.999843
42.1 0.999854
42.3 0.999864
42.5 0.999873
42.7 0.999882
42.9 0.99989
43.1 0.999897
43.3 0.999904
43.5 0.999909
43.7 0.999914
43.9 0.999919
44.1 0.999924
44.3 0.99993
44.5 0.999936
44.7 0.99994
44.9 0.999946
45.1 0.999949
45.3 0.999952
45.5 0.999955
45.7 0.999957
45.9 0.99996
46.1 0.999963
46.3 0.999966
46.5 0.999967
46.7 0.999971
46.9 0.999975
47.1 0.999978
47.3 0.999981
47.5 0.999983
47.7 0.999985
47.9 0.999986
48.1 0.999988
48.3 0.99999
48.5 0.999991
48.7 0.999992
48.9 0.999994
49.1 0.999995
49.3 0.999996
49.5 0.999997
49.7 0.999998
49.9 0.999999
50.1 1
