1300
-209.7 3.70139e-07
-209.5 1.11042e-06
-209.3 1.66562e-06
-209.1 2.77604e-06
-208.9 3.51632e-06
-208.7 3.88645e-06
-208.5 4.07152e-06
-208.3 4.99687e-06
-208.1 4.99687e-06
-207.9 5.55208e-06
-207.7 6.47742e-06
-207.5 7.2177e-06
-207.3 7.58784e-06
-207.1 7.77291e-06
-206.9 8.32812e-06
-206.7 9.25346e-06
-206.5 1.01788e-05
-206.3 1.12892e-05
-206.1 1.14743e-05
-205.9 1.25847e-05
-205.7 1.38802e-05
-205.5 1.46205e-05
-205.3 1.48055e-05
-205.1 1.51757e-05
-204.9 1.64712e-05
-204.7 1.68413e-05
-204.5 1.75816e-05
-204.3 1.81368e-05
-204.1 1.92472e-05
-203.9 2.01726e-05
-203.7 2.1283e-05
-203.5 2.18382e-05
-203.3 2.22083e-05
-203.1 2.29486e-05
-202.9 2.38739e-05
-202.7 2.47993e-05
-202.5 2.51694e-05
-202.3 2.59097e-05
-202.1 2.64649e-05
-201.9 2.70201e-05
-201.7 2.75753e-05
-201.5 2.75753e-05
-201.3 2.75753e-05
-201.1 2.86857e-05
-200.9 2.96111e-05
-200.7 3.05364e-05
-200.5 3.14618e-05
-200.3 3.29423e-05
-200.1 3.51632e-05
-199.9 4.016e-05
-199.7 4.66375e-05
-199.5 5.49656e-05
-199.3 6.9586e-05
-199.1 9.23496e-05
-198.9 0.000126402
-198.7 0.000178962
-198.5 0.000248178
-198.3 0.000345894
-198.1 0.000471186
-197.9 0.000640155
-197.7 0.000852429
-197.5 0.00112578
-197.3 0.00147537
-197.1 0.00189752
-196.9 0.00241238
-196.7 0.00301589
-196.5 0.0037247
-196.3 0.00454604
-196.1 0.00548231
-195.9 0.00654386
-195.7 0.00769981
-195.5 0.00894699
-195.3 0.0102839
-195.1 0.0117099
-194.9 0.0132469
-194.7 0.0148198
-194.5 0.0164151
-194.3 0.0180646
-194.1 0.0197547
-193.9 0.0214131
-193.7 0.0231438
-193.5 0.0248381
-193.3 0.0265341
-193.1 0.028279
-192.9 0.0300003
-192.7 0.0317096
-192.5 0.0334387
-192.3 0.0351478
-192.1 0.0368232
-191.9 0.0385279
-191.7 0.040171
-191.5 0.0418358
-191.3 0.0435061
-191.1 0.0451462
-190.9 0.0467474
-190.7 0.0483375
-190.5 0.0499267
-190.3 0.0514659
-190.1 0.0529927
-189.9 0.0545012
-189.7 0.0560177
-189.5 0.0575236
-189.3 0.059024
-189.1 0.0605075
-188.9 0.0619823
-188.7 0.0634477
-188.5 0.0649345
-188.3 0.0663673
-188.1 0.0677992
-187.9 0.069227
-187.7 0.0706417
-187.5 0.0720523
-187.3 0.0734784
-187.1 0.0748576
-186.9 0.0762863
-186.7 0.0776947
-186.5 0.0790544
-186.3 0.0804505
-186.1 0.0818175
-185.9 0.0831718
-185.7 0.0844839
-185.5 0.0858427
-185.3 0.0872078
-185.1 0.0885366
-184.9 0.0898643
-184.7 0.0911546
-184.5 0.0924582
-184.3 0.0937578
-184.1 0.0950514
-183.9 0.0963254
-183.7 0.097592
-183.5 0.0988492
-183.3 0.100085
-183.1 0.10132
-182.9 0.102573
-182.7 0.103805
-182.5 0.105007
-182.3 0.106221
-182.1 0.10743
-181.9 0.108611
-181.7 0.109777
-181.5 0.110968
-181.3 0.112111
-181.1 0.113264
-180.9 0.114393
-180.7 0.115545
-180.5 0.116656
-180.3 0.117755
-180.1 0.118858
-179.9 0.119974
-179.7 0.1211
-179.5 0.122176
-179.3 0.123284
-179.1 0.124367
-178.9 0.125424
-178.7 0.126499
-178.5 0.127564
-178.3 0.128601
-178.1 0.129653
-177.9 0.130693
-177.7 0.131739
-177.5 0.132796
-177.3 0.133801
-177.1 0.13484
-176.9 0.135867
-176.7 0.136876
-176.5 0.137893
-176.3 0.138896
-176.1 0.139897
-175.9 0.140905
-175.7 0.141889
-175.5 0.142871
-175.3 0.143855
-175.1 0.144815
-174.9 0.145803
-174.7 0.146772
-174.5 0.147733
-174.3 0.148714
-174.1 0.149677
-173.9 0.150653
-173.7 0.151602
-173.5 0.152563
-173.3 0.15351
-173.1 0.154476
-172.9 0.155429
-172.7 0.15638
-172.5 0.157322
-172.3 0.158252
-172.1 0.159205
-171.9 0.160144
-171.7 0.161082
-171.5 0.162021
-171.3 0.162966
-171.1 0.163882
-170.9 0.164828
-170.7 0.165782
-170.5 0.166707
-170.3 0.167647
-170.1 0.168561
-169.9 0.169478
-169.7 0.170403
-169.5 0.171328
-169.3 0.172269
-169.1 0.173176
-168.9 0.174102
-168.7 0.175032
-168.5 0.175953
-168.3 0.176861
-168.1 0.177783
-167.9 0.178685
-167.7 0.179585
-167.5 0.180517
-167.3 0.181404
-167.1 0.182292
-166.9 0.183182
-166.7 0.184082
-166.5 0.184982
-166.3 0.185875
-166.1 0.186769
-165.9 0.187669
-165.7 0.18856
-165.5 0.189435
-165.3 0.190338
-165.1 0.191232
-164.9 0.192112
-164.7 0.192989
-164.5 0.193889
-164.3 0.194761
-164.1 0.195642
-163.9 0.196515
-163.7 0.197402
-163.5 0.198262
-163.3 0.199154
-163.1 0.200042
-162.9 0.200935
-162.7 0.201841
-162.5 0.202737
-162.3 0.203641
-162.1 0.204522
-161.9 0.205424
-161.7 0.206294
-161.5 0.207182
-161.3 0.208058
-161.1 0.208927
-160.9 0.209786
-160.7 0.210685
-160.5 0.211553
-160.3 0.21244
-160.1 0.213316
-159.9 0.214214
-159.7 0.215062
-159.5 0.215937
-159.3 0.216798
-159.1 0.217694
-158.9 0.218593
-158.7 0.219456
-158.5 0.220341
-158.3 0.221212
-158.1 0.222088
-157.9 0.22296
-157.7 0.223848
-157.5 0.224736
-157.3 0.225605
-157.1 0.226499
-156.9 0.227394
-156.7 0.228271
-156.5 0.229153
-156.3 0.230025
-156.1 0.230911
-155.9 0.231796
-155.7 0.232661
-155.5 0.23354
-155.3 0.234387
-155.1 0.235272
-154.9 0.236143
-154.7 0.237035
-154.5 0.237913
-154.3 0.238781
-154.1 0.239672
-153.9 0.240533
-153.7 0.241413
-153.5 0.242269
-153.3 0.243151
-153.1 0.244042
-152.9 0.244914
-152.7 0.245812
-152.5 0.246684
-152.3 0.24755
-152.1 0.248435
-151.9 0.249319
-151.7 0.250203
-151.5 0.251068
-151.3 0.251939
-151.1 0.252799
-150.9 0.25365
-150.7 0.25453
-150.5 0.25541
-150.3 0.25627
-150.1 0.257118
-149.9 0.25799
-149.7 0.258851
-149.5 0.259698
-149.3 0.260549
-149.1 0.261408
-148.9 0.262274
-148.7 0.26314
-148.5 0.263995
-148.3 0.264853
-148.1 0.265711
-147.9 0.266563
-147.7 0.267412
-147.5 0.268275
-147.3 0.269129
-147.1 0.269991
-146.9 0.270831
-146.7 0.271692
-146.5 0.272535
-146.3 0.273413
-146.1 0.274271
-145.9 0.275134
-145.7 0.275971
-145.5 0.276804
-145.3 0.277658
-145.1 0.278501
-144.9 0.279366
-144.7 0.280209
-144.5 0.281067
-144.3 0.281908
-144.1 0.282771
-143.9 0.283602
-143.7 0.284427
-143.5 0.285279
-143.3 0.286125
-143.1 0.28695
-142.9 0.2878
-142.7 0.288633
-142.5 0.289464
-142.3 0.290277
-142.1 0.291113
-141.9 0.291948
-141.7 0.292769
-141.5 0.293616
-141.3 0.294472
-141.1 0.295309
-140.9 0.296147
-140.7 0.296971
-140.5 0.297807
-140.3 0.298649
-140.1 0.299504
-139.9 0.300352
-139.7 0.301183
-139.5 0.302015
-139.3 0.302864
-139.1 0.303693
-138.9 0.304543
-138.7 0.305386
-138.5 0.30623
-138.3 0.3071
-138.1 0.307963
-137.9 0.308817
-137.7 0.309672
-137.5 0.310523
-137.3 0.311391
-137.1 0.312271
-136.9 0.313107
-136.7 0.313966
-136.5 0.314865
-136.3 0.315734
-136.1 0.31661
-135.9 0.317482
-135.7 0.318372
-135.5 0.319243
-135.3 0.320137
-135.1 0.320986
-134.9 0.321849
-134.7 0.322733
-134.5 0.323599
-134.3 0.324462
-134.1 0.325337
-133.9 0.326213
-133.7 0.327113
-133.5 0.32799
-133.3 0.328881
-133.1 0.329772
-132.9 0.330656
-132.7 0.331552
-132.5 0.332446
-132.3 0.333326
-132.1 0.334215
-131.9 0.335091
-131.7 0.335966
-131.5 0.336849
-131.3 0.33774
-131.1 0.338634
-130.9 0.339552
-130.7 0.340438
-130.5 0.341303
-130.3 0.342196
-130.1 0.343081
-129.9 0.343987
-129.7 0.344876
-129.5 0.345751
-129.3 0.34663
-129.1 0.347534
-128.9 0.348419
-128.7 0.349283
-128.5 0.350147
-128.3 0.351018
-128.1 0.351901
-127.9 0.352794
-127.7 0.353659
-127.5 0.354553
-127.3 0.355444
-127.1 0.356354
-126.9 0.357242
-126.7 0.358106
-126.5 0.358975
-126.3 0.359859
-126.1 0.360744
-125.9 0.361642
-125.7 0.362507
-125.5 0.363372
-125.3 0.36427
-125.1 0.365158
-124.9 0.366047
-124.7 0.366911
-124.5 0.367797
-124.3 0.36868
-124.1 0.36958
-123.9 0.370446
-123.7 0.371336
-123.5 0.372199
-123.3 0.373077
-123.1 0.373949
-122.9 0.374833
-122.7 0.375719
-122.5 0.376588
-122.3 0.37743
-122.1 0.378283
-121.9 0.379146
-121.7 0.379997
-121.5 0.380856
-121.3 0.381712
-121.1 0.38258
-120.9 0.383439
-120.7 0.384333
-120.5 0.385214
-120.3 0.38607
-120.1 0.386924
-119.9 0.387796
-119.7 0.388664
-119.5 0.389511
-119.3 0.390368
-119.1 0.391211
-118.9 0.392074
-118.7 0.392905
-118.5 0.393774
-118.3 0.394622
-118.1 0.395477
-117.9 0.39635
-117.7 0.397218
-117.5 0.398074
-117.3 0.398918
-117.1 0.399779
-116.9 0.400606
-116.7 0.401463
-116.5 0.402333
-116.3 0.403201
-116.1 0.404053
-115.9 0.404904
-115.7 0.405762
-115.5 0.406606
-115.3 0.407468
-115.1 0.408331
-114.9 0.40916
-114.7 0.41002
-114.5 0.410843
-114.3 0.411714
-114.1 0.412571
-113.9 0.413418
-113.7 0.414275
-113.5 0.415141
-113.3 0.415995
-113.1 0.416838
-112.9 0.417708
-112.7 0.418558
-112.5 0.419422
-112.3 0.420305
-112.1 0.42116
-111.9 0.422015
-111.7 0.42287
-111.5 0.423728
-111.3 0.424575
-111.1 0.425429
-110.9 0.426251
-110.7 0.427115
-110.5 0.427985
-110.3 0.428841
-110.1 0.429702
-109.9 0.430548
-109.7 0.431408
-109.5 0.432259
-109.3 0.433117
-109.1 0.433975
-108.9 0.434825
-108.7 0.435675
-108.5 0.436533
-108.3 0.437376
-108.1 0.438221
-107.9 0.439073
-107.7 0.439923
-107.5 0.440792
-107.3 0.441658
-107.1 0.442513
-106.9 0.443372
-106.7 0.444219
-106.5 0.445058
-106.3 0.445904
-106.1 0.446743
-105.9 0.447583
-105.7 0.448426
-105.5 0.449297
-105.3 0.450136
-105.1 0.450988
-104.9 0.451831
-104.7 0.452704
-104.5 0.453556
-104.3 0.454393
-104.1 0.455249
-103.9 0.456118
-103.7 0.456979
-103.5 0.457817
-103.3 0.458656
-103.1 0.459519
-102.9 0.46036
-102.7 0.461205
-102.5 0.46206
-102.3 0.462928
-102.1 0.463763
-101.9 0.464633
-101.7 0.465488
-101.5 0.466322
-101.3 0.467175
-101.1 0.468036
-100.9 0.468893
-100.7 0.469764
-100.5 0.470626
-100.3 0.471475
-100.1 0.472349
-99.9 0.473198
-99.7 0.474044
-99.5 0.474913
-99.3 0.475769
-99.1 0.476611
-98.9 0.477464
-98.7 0.478284
-98.5 0.479139
-98.3 0.479998
-98.1 0.480866
-97.9 0.481711
-97.7 0.482545
-97.5 0.483418
-97.3 0.484265
-97.1 0.485109
-96.9 0.485954
-96.7 0.48681
-96.5 0.487666
-96.3 0.488513
-96.1 0.489371
-95.9 0.490226
-95.7 0.4911
-95.5 0.491948
-95.3 0.492804
-95.1 0.493671
-94.9 0.494508
-94.7 0.495349
-94.5 0.496202
-94.3 0.497066
-94.1 0.49792
-93.9 0.498776
-93.7 0.499615
-93.5 0.50047
-93.3 0.501326
-93.1 0.502174
-92.9 0.50303
-92.7 0.503873
-92.5 0.504719
-92.3 0.505579
-92.1 0.506429
-91.9 0.507274
-91.7 0.50811
-91.5 0.50896
-91.3 0.509809
-91.1 0.510677
-90.9 0.511534
-90.7 0.512383
-90.5 0.513219
-90.3 0.514086
-90.1 0.514928
-89.9 0.515793
-89.7 0.51663
-89.5 0.517481
-89.3 0.518306
-89.1 0.519155
-88.9 0.520022
-88.7 0.520861
-88.5 0.521706
-88.3 0.522539
-88.1 0.52339
-87.9 0.524254
-87.7 0.525103
-87.5 0.525955
-87.3 0.526807
-87.1 0.527651
-86.9 0.528496
-86.7 0.52934
-86.5 0.530192
-86.3 0.531045
-86.1 0.531874
-85.9 0.532707
-85.7 0.533572
-85.5 0.534436
-85.3 0.535292
-85.1 0.536149
-84.9 0.537001
-84.7 0.537832
-84.5 0.538673
-84.3 0.539538
-84.1 0.540395
-83.9 0.54124
-83.7 0.542086
-83.5 0.542929
-83.3 0.543775
-83.1 0.544631
-82.9 0.545488
-82.7 0.546336
-82.5 0.547179
-82.3 0.548035
-82.1 0.548871
-81.9 0.549704
-81.7 0.550549
-81.5 0.551368
-81.3 0.552191
-81.1 0.553035
-80.9 0.553878
-80.7 0.554698
-80.5 0.555523
-80.3 0.556362
-80.1 0.557215
-79.9 0.558031
-79.7 0.558871
-79.5 0.559689
-79.3 0.560555
-79.1 0.561406
-78.9 0.562248
-78.7 0.563108
-78.5 0.563942
-78.3 0.564788
-78.1 0.565623
-77.9 0.566473
-77.7 0.567302
-77.5 0.568158
-77.3 0.568998
-77.1 0.56986
-76.9 0.57069
-76.7 0.571535
-76.5 0.572386
-76.3 0.57323
-76.1 0.574084
-75.9 0.574917
-75.7 0.575757
-75.5 0.576589
-75.3 0.577433
-75.1 0.578274
-74.9 0.57913
-74.7 0.57998
-74.5 0.580817
-74.3 0.581666
-74.1 0.582537
-73.9 0.583394
-73.7 0.584251
-73.5 0.585096
-73.3 0.585934
-73.1 0.586793
-72.9 0.587643
-72.7 0.588489
-72.5 0.589325
-72.3 0.590176
-72.1 0.591038
-71.9 0.591876
-71.7 0.592747
-71.5 0.593615
-71.3 0.594481
-71.1 0.595331
-70.9 0.596188
-70.7 0.597033
-70.5 0.597886
-70.3 0.598717
-70.1 0.59954
-69.9 0.600403
-69.7 0.601248
-69.5 0.602091
-69.3 0.602939
-69.1 0.603781
-68.9 0.604621
-68.7 0.605442
-68.5 0.60628
-68.3 0.607105
-68.1 0.607976
-67.9 0.608837
-67.7 0.609697
-67.5 0.610549
-67.3 0.611394
-67.1 0.612245
-66.9 0.613088
-66.7 0.613956
-66.5 0.614798
-66.3 0.61566
-66.1 0.616517
-65.9 0.617383
-65.7 0.618243
-65.5 0.61911
-65.3 0.619977
-65.1 0.62081
-64.9 0.621664
-64.7 0.622534
-64.5 0.623407
-64.3 0.62427
-64.1 0.625121
-63.9 0.625974
-63.7 0.626842
-63.5 0.627712
-63.3 0.62854
-63.1 0.629382
-62.9 0.630216
-62.7 0.631068
-62.5 0.631962
-62.3 0.632823
-62.1 0.633691
-61.9 0.634574
-61.7 0.635439
-61.5 0.636286
-61.3 0.63714
-61.1 0.638
-60.9 0.638847
-60.7 0.639706
-60.5 0.640573
-60.3 0.641432
-60.1 0.642293
-59.9 0.643149
-59.7 0.643989
-59.5 0.644851
-59.3 0.645702
-59.1 0.646561
-58.9 0.647437
-58.7 0.648291
-58.5 0.649185
-58.3 0.650023
-58.1 0.650858
-57.9 0.65171
-57.7 0.652567
-57.5 0.653425
-57.3 0.654274
-57.1 0.655126
-56.9 0.655992
-56.7 0.656844
-56.5 0.65771
-56.3 0.658567
-56.1 0.659402
-55.9 0.660263
-55.7 0.661129
-55.5 0.661979
-55.3 0.66282
-55.1 0.663664
-54.9 0.664514
-54.7 0.665379
-54.5 0.666217
-54.3 0.667071
-54.1 0.66793
-53.9 0.668773
-53.7 0.669631
-53.5 0.670468
-53.3 0.67132
-53.1 0.672176
-52.9 0.673009
-52.7 0.673853
-52.5 0.674701
-52.3 0.675535
-52.1 0.676385
-51.9 0.677234
-51.7 0.678093
-51.5 0.678971
-51.3 0.679837
-51.1 0.680703
-50.9 0.68155
-50.7 0.682415
-50.5 0.68327
-50.3 0.684124
-50.1 0.684985
-49.9 0.685839
-49.7 0.686681
-49.5 0.68753
-49.3 0.688388
-49.1 0.689231
-48.9 0.690085
-48.7 0.690922
-48.5 0.691765
-48.3 0.692615
-48.1 0.693472
-47.9 0.694337
-47.7 0.695178
-47.5 0.696015
-47.3 0.696866
-47.1 0.697712
-46.9 0.698564
-46.7 0.699425
-46.5 0.70027
-46.3 0.701133
-46.1 0.701984
-45.9 0.70282
-45.7 0.70366
-45.5 0.704524
-45.3 0.705387
-45.1 0.706255
-44.9 0.707114
-44.7 0.707973
-44.5 0.708831
-44.3 0.709679
-44.1 0.710524
-43.9 0.711365
-43.7 0.712215
-43.5 0.713045
-43.3 0.713889
-43.1 0.714735
-42.9 0.715577
-42.7 0.716439
-42.5 0.717272
-42.3 0.718129
-42.1 0.718991
-41.9 0.719857
-41.7 0.720692
-41.5 0.721531
-41.3 0.722388
-41.1 0.723246
-40.9 0.724089
-40.7 0.724953
-40.5 0.725797
-40.3 0.726644
-40.1 0.727495
-39.9 0.728345
-39.7 0.729202
-39.5 0.730042
-39.3 0.730888
-39.1 0.731718
-38.9 0.732578
-38.7 0.73344
-38.5 0.734292
-38.3 0.73516
-38.1 0.736007
-37.9 0.736858
-37.7 0.737701
-37.5 0.738531
-37.3 0.739366
-37.1 0.740199
-36.9 0.741053
-36.7 0.741903
-36.5 0.742742
-36.3 0.74361
-36.1 0.744461
-35.9 0.745329
-35.7 0.746194
-35.5 0.747029
-35.3 0.74788
-35.1 0.748738
-34.9 0.749598
-34.7 0.750458
-34.5 0.751299
-34.3 0.752162
-34.1 0.753041
-33.9 0.753905
-33.7 0.754781
-33.5 0.755636
-33.3 0.756478
-33.1 0.757325
-32.9 0.758159
-32.7 0.759016
-32.5 0.759859
-32.3 0.760684
-32.1 0.761531
-31.9 0.762355
-31.7 0.76322
-31.5 0.764063
-31.3 0.764915
-31.1 0.765747
-30.9 0.7666
-30.7 0.767418
-30.5 0.76826
-30.3 0.769129
-30.1 0.769972
-29.9 0.770827
-29.7 0.771677
-29.5 0.772522
-29.3 0.773352
-29.1 0.774208
-28.9 0.775058
-28.7 0.775908
-28.5 0.776755
-28.3 0.777599
-28.1 0.778455
-27.9 0.779301
-27.7 0.780153
-27.5 0.780997
-27.3 0.78183
-27.1 0.782685
-26.9 0.783519
-26.7 0.784347
-26.5 0.785174
-26.3 0.786011
-26.1 0.786853
-25.9 0.787719
-25.7 0.788571
-25.5 0.789413
-25.3 0.790267
-25.1 0.791111
-24.9 0.791971
-24.7 0.792828
-24.5 0.793669
-24.3 0.794526
-24.1 0.795363
-23.9 0.796207
-23.7 0.797057
-23.5 0.797917
-23.3 0.798757
-23.1 0.799602
-22.9 0.800434
-22.7 0.801285
-22.5 0.802098
-22.3 0.802945
-22.1 0.803804
-21.9 0.804668
-21.7 0.805507
-21.5 0.806351
-21.3 0.80722
-21.1 0.808046
-20.9 0.808923
-20.7 0.80977
-20.5 0.810609
-20.3 0.811429
-20.1 0.812278
-19.9 0.813115
-19.7 0.813977
-19.5 0.814829
-19.3 0.81568
-19.1 0.816547
-18.9 0.817392
-18.7 0.818223
-18.5 0.819067
-18.3 0.819909
-18.1 0.820749
-17.9 0.821588
-17.7 0.822419
-17.5 0.823258
-17.3 0.824101
-17.1 0.824932
-16.9 0.82579
-16.7 0.826618
-16.5 0.827477
-16.3 0.828327
-16.1 0.829187
-15.9 0.830031
-15.7 0.830873
-15.5 0.831699
-15.3 0.832535
-15.1 0.833372
-14.9 0.834208
-14.7 0.835071
-14.5 0.835917
-14.3 0.836762
-14.1 0.837619
-13.9 0.838485
-13.7 0.839325
-13.5 0.840181
-13.3 0.841012
-13.1 0.841844
-12.9 0.842686
-12.7 0.843547
-12.5 0.844393
-12.3 0.845231
-12.1 0.846067
-11.9 0.846902
-11.7 0.847758
-11.5 0.848604
-11.3 0.849461
-11.1 0.850309
-10.9 0.851161
-10.7 0.851971
-10.5 0.852823
-10.3 0.853659
-10.1 0.854508
-9.9 0.855367
-9.7 0.856232
-9.5 0.857064
-9.3 0.857906
-9.1 0.858794
-8.9 0.859643
-8.7 0.860493
-8.5 0.86134
-8.3 0.862194
-8.1 0.863049
-7.9 0.863904
-7.7 0.864748
-7.5 0.865597
-7.3 0.866434
-7.1 0.867273
-6.9 0.868145
-6.7 0.868981
-6.5 0.869831
-6.3 0.870679
-6.1 0.871541
-5.9 0.872373
-5.7 0.873229
-5.5 0.874068
-5.3 0.874925
-5.1 0.875773
-4.9 0.876619
-4.7 0.877457
-4.5 0.878318
-4.3 0.879161
-4.1 0.880012
-3.9 0.880857
-3.7 0.881712
-3.5 0.88258
-3.3 0.883432
-3.1 0.884267
-2.9 0.885119
-2.7 0.88596
-2.5 0.886813
-2.3 0.887655
-2.1 0.888492
-1.9 0.889354
-1.7 0.890196
-1.5 0.891041
-1.3 0.891875
-1.1 0.892702
-0.899999 0.893532
-0.699999 0.894382
-0.499999 0.895207
-0.299999 0.896039
-0.0999994 0.896869
0.100001 0.897709
0.300001 0.898541
0.500001 0.899382
0.700001 0.900223
0.900001 0.901077
1.1 0.901906
1.3 0.902747
1.5 0.903618
1.7 0.904472
1.9 0.905309
2.1 0.906167
2.3 0.907015
2.5 0.907871
2.7 0.908709
2.9 0.909543
3.1 0.910361
3.3 0.911202
3.5 0.912031
3.7 0.912888
3.9 0.913712
4.1 0.914567
4.3 0.915402
4.5 0.916233
4.7 0.91708
4.9 0.917902
5.1 0.918738
5.3 0.919597
5.5 0.920449
5.7 0.921262
5.9 0.922121
6.1 0.922977
6.3 0.923809
6.5 0.924659
6.7 0.925506
6.9 0.926336
7.1 0.927191
7.3 0.928019
7.5 0.92886
7.7 0.929687
7.9 0.930511
8.1 0.931363
8.3 0.932202
8.5 0.933027
8.7 0.933859
8.9 0.934698
9.1 0.935528
9.3 0.936364
9.5 0.937211
9.7 0.938051
9.9 0.938889
10.1 0.93973
10.3 0.940582
10.5 0.941424
10.7 0.942251
10.9 0.943078
11.1 0.943934
11.3 0.94476
11.5 0.945588
11.7 0.946404
11.9 0.947224
12.1 0.948062
12.3 0.948866
12.5 0.949714
12.7 0.950528
12.9 0.951356
13.1 0.95217
13.3 0.952998
13.5 0.953789
13.7 0.954584
13.9 0.955379
14.1 0.956179
14.3 0.956968
14.5 0.957752
14.7 0.958543
14.9 0.959334
15.1 0.960135
15.3 0.960906
15.5 0.961662
15.7 0.962408
15.9 0.963168
16.1 0.963926
16.3 0.964668
16.5 0.965391
16.7 0.966116
16.9 0.966849
17.1 0.967566
17.3 0.968272
17.5 0.96898
17.7 0.96968
17.9 0.970371
18.1 0.97104
18.3 0.971717
18.5 0.97238
18.7 0.973049
18.9 0.973705
19.1 0.974351
19.3 0.974976
19.5 0.975596
19.7 0.976221
19.9 0.976826
20.1 0.977427
20.3 0.978018
20.5 0.978606
20.7 0.979205
20.9 0.979773
21.1 0.980318
21.3 0.980863
21.5 0.981419
21.7 0.981947
21.9 0.982479
22.1 0.982993
22.3 0.9835
22.5 0.983988
22.7 0.984482
22.9 0.984961
23.1 0.985441
23.3 0.985905
23.5 0.986348
23.7 0.98678
23.9 0.987214
24.1 0.987626
24.3 0.988025
24.5 0.988436
24.7 0.988829
24.9 0.98923
25.1 0.989602
25.3 0.989959
25.5 0.990327
25.7 0.99067
25.9 0.991009
26.1 0.991348
26.3 0.991675
26.5 0.99199
26.7 0.992309
26.9 0.992606
27.1 0.992912
27.3 0.993198
27.5 0.993457
27.7 0.993718
27.9 0.993979
28.1 0.994221
28.3 0.994466
28.5 0.994697
28.7 0.994921
28.9 0.995148
29.1 0.995371
29.3 0.99558
29.5 0.995788
29.7 0.995988
29.9 0.996191
30.1 0.996382
30.3 0.996563
30.5 0.99673
30.7 0.996889
30.9 0.997056
31.1 0.997202
31.3 0.997349
31.5 0.997483
31.7 0.997615
31.9 0.99774
32.1 0.997859
32.3 0.997977
32.5 0.99809
32.7 0.998202
32.9 0.998302
33.1 0.9984
33.3 0.998488
33.5 0.998574
33.7 0.998661
33.9 0.998741
34.1 0.998815
34.3 0.998893
34.5 0.998959
34.7 0.999022
34.9 0.999086
35.1 0.999145
35.3 0.999201
35.5 0.999253
35.7 0.999303
35.9 0.999352
36.1 0.999395
36.3 0.999438
36.5 0.999476
36.7 0.999515
36.9 0.999552
37.1 0.999584
37.3 0.999613
37.5 0.999645
37.7 0.999667
37.9 0.999688
38.1 0.999712
38.3 0.99973
38.5 0.999746
38.7 0.999765
38.9 0.999783
39.1 0.999799
39.3 0.999815
39.5 0.999827
39.7 0.999837
39.9 0.999848
40.1 0.999859
40.3 0.999869
40.5 0.999879
40.7 0.999888
40.9 0.999894
41.1 0.999901
41.3 0.999908
41.5 0.999914
41.7 0.99992
41.9 0.999926
42.1 0.99993
42.3 0.999933
42.5 0.999937
42.7 0.999941
42.9 0.999945
43.1 0.999949
43.3 0.99995
43.5 0.999953
43.7 0.999958
43.9 0.99996
44.1 0.999962
44.3 0.999964
44.5 0.999964
44.7 0.999967
44.9 0.999967
45.1 0.999969
45.3 0.999971
45.5 0.999973
45.7 0.999975
45.9 0.999976
46.1 0.999977
46.3 0.999979
46.5 0.99998
46.7 0.999981
46.9 0.999982
47.1 0.999983
47.3 0.999984
47.5 0.999985
47.7 0.999986
47.9 0.999987
48.1 0.999989
48.3 0.999991
48.5 0.999991
48.7 0.999992
48.9 0.999993
49.1 0.999995
49.3 0.999995
49.5 0.999996
49.7 0.999997
49.9 0.999999
50.1 1
