1300
-209.7 1.89704e-07
-209.5 3.79407e-07
-209.3 5.69111e-07
-209.1 5.69111e-07
-208.9 7.58814e-07
-208.7 7.58814e-07
-208.5 7.58814e-07
-208.3 9.48518e-07
-208.1 9.48518e-07
-207.9 9.48518e-07
-207.7 1.32792e-06
-207.5 1.32792e-06
-207.3 1.51763e-06
-207.1 1.70733e-06
-206.9 1.89704e-06
-206.7 2.08674e-06
-206.5 2.08674e-06
-206.3 2.27644e-06
-206.1 2.65585e-06
-205.9 3.03526e-06
-205.7 3.60437e-06
-205.5 3.79407e-06
-205.3 3.79407e-06
-205.1 3.98377e-06
-204.9 3.98377e-06
-204.7 3.98377e-06
-204.5 4.17348e-06
-204.3 4.36318e-06
-204.1 4.36318e-06
-203.9 4.74259e-06
-203.7 4.74259e-06
-203.5 4.74259e-06
-203.3 5.5014e-06
-203.1 5.88081e-06
-202.9 6.07051e-06
-202.7 6.44992e-06
-202.5 6.63962e-06
-202.3 7.20873e-06
-202.1 7.58814e-06
-201.9 7.96755e-06
-201.7 8.15725e-06
-201.5 8.34695e-06
-201.3 8.34695e-06
-201.1 8.72636e-06
-200.9 9.29547e-06
-200.7 9.29547e-06
-200.5 9.67488e-06
-200.3 9.86458e-06
-200.1 1.00543e-05
-199.9 1.0244e-05
-199.7 1.04337e-05
-199.5 1.10028e-05
-199.3 1.10028e-05
-199.1 1.11925e-05
-198.9 1.13822e-05
-198.7 1.19513e-05
-198.5 1.34689e-05
-198.3 1.78321e-05
-198.1 2.69379e-05
-197.9 4.21142e-05
-197.7 6.35507e-05
-197.5 9.99737e-05
-197.3 0.00015385
-197.1 0.000231438
-196.9 0.000339
-196.7 0.000489245
-196.5 0.000672878
-196.3 0.00092746
-196.1 0.0012657
-195.9 0.00168381
-195.7 0.00223072
-195.5 0.00291176
-195.3 0.00367038
-195.1 0.00461302
-194.9 0.00571178
-194.7 0.00694941
-194.5 0.00827657
-194.3 0.00975228
-194.1 0.0113257
-193.9 0.0129567
-193.7 0.0146709
-193.5 0.0164524
-193.3 0.0182694
-193.1 0.0200864
-192.9 0.0219094
-192.7 0.0237437
-192.5 0.0255739
-192.3 0.0273955
-192.1 0.0291925
-191.9 0.0309628
-191.7 0.0327373
-191.5 0.0344871
-191.3 0.036225
-191.1 0.0379305
-190.9 0.0396186
-190.7 0.0413214
-190.5 0.0429513
-190.3 0.0445947
-190.1 0.046241
-189.9 0.0478079
-189.7 0.0493811
-189.5 0.0509555
-189.3 0.0525088
-189.1 0.0540467
-188.9 0.0555818
-188.7 0.0570674
-188.5 0.0585662
-188.3 0.0600072
-188.1 0.0614829
-187.9 0.0629685
-187.7 0.0644079
-187.5 0.0658533
-187.3 0.067306
-187.1 0.0687199
-186.9 0.0701376
-186.7 0.0715782
-186.5 0.072996
-186.3 0.0744019
-186.1 0.0757911
-185.9 0.0771668
-185.7 0.0785773
-185.5 0.079949
-185.3 0.0813084
-185.1 0.0826515
-184.9 0.0839941
-184.7 0.0853668
-184.5 0.0867013
-184.3 0.0880188
-184.1 0.0893024
-183.9 0.0906377
-183.7 0.0919339
-183.5 0.0932436
-183.3 0.0945279
-183.1 0.095813
-182.9 0.0970878
-182.7 0.0983869
-182.5 0.0996761
-182.3 0.100929
-182.1 0.102168
-181.9 0.103397
-181.7 0.104629
-181.5 0.105857
-181.3 0.107064
-181.1 0.108272
-180.9 0.109447
-180.7 0.110637
-180.5 0.111846
-180.3 0.113028
-180.1 0.114195
-179.9 0.115371
-179.7 0.116522
-179.5 0.117673
-179.3 0.118808
-179.1 0.119955
-178.9 0.121064
-178.7 0.122182
-178.5 0.123293
-178.3 0.124386
-178.1 0.125464
-177.9 0.126562
-177.7 0.127635
-177.5 0.128719
-177.3 0.129787
-177.1 0.130827
-176.9 0.131876
-176.7 0.132936
-176.5 0.133973
-176.3 0.135026
-176.1 0.136074
-175.9 0.137104
-175.7 0.138136
-175.5 0.139121
-175.3 0.140152
-175.1 0.141156
-174.9 0.142154
-174.7 0.14317
-174.5 0.144165
-174.3 0.145166
-174.1 0.146167
-173.9 0.147169
-173.7 0.14812
-173.5 0.149129
-173.3 0.150136
-173.1 0.15113
-172.9 0.152094
-172.7 0.153073
-172.5 0.154009
-172.3 0.154956
-172.1 0.155955
-171.9 0.156943
-171.7 0.157894
-171.5 0.158863
-171.3 0.159823
-171.1 0.160773
-170.9 0.161705
-170.7 0.162658
-170.5 0.16359
-170.3 0.164542
-170.1 0.165481
-169.9 0.166449
-169.7 0.167389
-169.5 0.168339
-169.3 0.169283
-169.1 0.170217
-168.9 0.171145
-168.7 0.172066
-168.5 0.173005
-168.3 0.173938
-168.1 0.174865
-167.9 0.175782
-167.7 0.176721
-167.5 0.177638
-167.3 0.178532
-167.1 0.179449
-166.9 0.180348
-166.7 0.181246
-166.5 0.182166
-166.3 0.183082
-166.1 0.183984
-165.9 0.184882
-165.7 0.185799
-165.5 0.186717
-165.3 0.187625
-165.1 0.18855
-164.9 0.189436
-164.7 0.190356
-164.5 0.191254
-164.3 0.192164
-164.1 0.193053
-163.9 0.193942
-163.7 0.194854
-163.5 0.195777
-163.3 0.196655
-163.1 0.197546
-162.9 0.198452
-162.7 0.199333
-162.5 0.200235
-162.3 0.201138
-162.1 0.20204
-161.9 0.202958
-161.7 0.203845
-161.5 0.204745
-161.3 0.205631
-161.1 0.206523
-160.9 0.207415
-160.7 0.208279
-160.5 0.209156
-160.3 0.210056
-160.1 0.210951
-159.9 0.211835
-159.7 0.212728
-159.5 0.213601
-159.3 0.214501
-159.1 0.215407
-158.9 0.216298
-158.7 0.217183
-158.5 0.218085
-158.3 0.218966
-158.1 0.219851
-157.9 0.220736
-157.7 0.221625
-157.5 0.222508
-157.3 0.223377
-157.1 0.224276
-156.9 0.225163
-156.7 0.22605
-156.5 0.226928
-156.3 0.227811
-156.1 0.22871
-155.9 0.229569
-155.7 0.230425
-155.5 0.231287
-155.3 0.232168
-155.1 0.23306
-154.9 0.233943
-154.7 0.234836
-154.5 0.23574
-154.3 0.236628
-154.1 0.237502
-153.9 0.23838
-153.7 0.239251
-153.5 0.240142
-153.3 0.24101
-153.1 0.241899
-152.9 0.242793
-152.7 0.243676
-152.5 0.244561
-152.3 0.245436
-152.1 0.246344
-151.9 0.247234
-151.7 0.248094
-151.5 0.249011
-151.3 0.249884
-151.1 0.250782
-150.9 0.251668
-150.7 0.252566
-150.5 0.253424
-150.3 0.254309
-150.1 0.255181
-149.9 0.256061
-149.7 0.256932
-149.5 0.257825
-149.3 0.258699
-149.1 0.259582
-148.9 0.260478
-148.7 0.261341
-148.5 0.262214
-148.3 0.263112
-148.1 0.263989
-147.9 0.26485
-147.7 0.265717
-147.5 0.266605
-147.3 0.267487
-147.1 0.268334
-146.9 0.269203
-146.7 0.270064
-146.5 0.270937
-146.3 0.271801
-146.1 0.27268
-145.9 0.273544
-145.7 0.274394
-145.5 0.275274
-145.3 0.276135
-145.1 0.276979
-144.9 0.277822
-144.7 0.278693
-144.5 0.279535
-144.3 0.28042
-144.1 0.281266
-143.9 0.282107
-143.7 0.282953
-143.5 0.283792
-143.3 0.284646
-143.1 0.285497
-142.9 0.286345
-142.7 0.287203
-142.5 0.288028
-142.3 0.288884
-142.1 0.289748
-141.9 0.290608
-141.7 0.291444
-141.5 0.292281
-141.3 0.293125
-141.1 0.293957
-140.9 0.294808
-140.7 0.295649
-140.5 0.296478
-140.3 0.297321
-140.1 0.298177
-139.9 0.299024
-139.7 0.299879
-139.5 0.300704
-139.3 0.301546
-139.1 0.302367
-138.9 0.303209
-138.7 0.304048
-138.5 0.304891
-138.3 0.305715
-138.1 0.306578
-137.9 0.307445
-137.7 0.308299
-137.5 0.309151
-137.3 0.310005
-137.1 0.310854
-136.9 0.3117
-136.7 0.312577
-136.5 0.313441
-136.3 0.314301
-136.1 0.31515
-135.9 0.316015
-135.7 0.316875
-135.5 0.317752
-135.3 0.318605
-135.1 0.319492
-134.9 0.320349
-134.7 0.321225
-134.5 0.322099
-134.3 0.322969
-134.1 0.323868
-133.9 0.324753
-133.7 0.325638
-133.5 0.32652
-133.3 0.327395
-133.1 0.328278
-132.9 0.329151
-132.7 0.330037
-132.5 0.330906
-132.3 0.331809
-132.1 0.332685
-131.9 0.333553
-131.7 0.334462
-131.5 0.335375
-131.3 0.336266
-131.1 0.337135
-130.9 0.338008
-130.7 0.338913
-130.5 0.339814
-130.3 0.340699
-130.1 0.3416
-129.9 0.342488
-129.7 0.343377
-129.5 0.344277
-129.3 0.345176
-129.1 0.346092
-128.9 0.347009
-128.7 0.347905
-128.5 0.348786
-128.3 0.349686
-128.1 0.350575
-127.9 0.351481
-127.7 0.352374
-127.5 0.353263
-127.3 0.354141
-127.1 0.355035
-126.9 0.355922
-126.7 0.356788
-126.5 0.357675
-126.3 0.35859
-126.1 0.359474
-125.9 0.360367
-125.7 0.361251
-125.5 0.36215
-125.3 0.363028
-125.1 0.363925
-124.9 0.364805
-124.7 0.365689
-124.5 0.36659
-124.3 0.367492
-124.1 0.368367
-123.9 0.369252
-123.7 0.370139
-123.5 0.371018
-123.3 0.371911
-123.1 0.372797
-122.9 0.373699
-122.7 0.374563
-122.5 0.375424
-122.3 0.376297
-122.1 0.377168
-121.9 0.378057
-121.7 0.378921
-121.5 0.379813
-121.3 0.380708
-121.1 0.381605
-120.9 0.382473
-120.7 0.383347
-120.5 0.38423
-120.3 0.385114
-120.1 0.385992
-119.9 0.386891
-119.7 0.38777
-119.5 0.388662
-119.3 0.389544
-119.1 0.390424
-118.9 0.391313
-118.7 0.392162
-118.5 0.393048
-118.3 0.393943
-118.1 0.394797
-117.9 0.39566
-117.7 0.396524
-117.5 0.397379
-117.3 0.39824
-117.1 0.399098
-116.9 0.399974
-116.7 0.400822
-116.5 0.401711
-116.3 0.402583
-116.1 0.403455
-115.9 0.404324
-115.7 0.405208
-115.5 0.40607
-115.3 0.406931
-115.1 0.407789
-114.9 0.408662
-114.7 0.409533
-114.5 0.410422
-114.3 0.411297
-114.1 0.412157
-113.9 0.413022
-113.7 0.413873
-113.5 0.414743
-113.3 0.415609
-113.1 0.416463
-112.9 0.417316
-112.7 0.418177
-112.5 0.419051
-112.3 0.419927
-112.1 0.420759
-111.9 0.421615
-111.7 0.422476
-111.5 0.423354
-111.3 0.424228
-111.1 0.425083
-110.9 0.425937
-110.7 0.426793
-110.5 0.427671
-110.3 0.428533
-110.1 0.429414
-109.9 0.4303
-109.7 0.431152
-109.5 0.43201
-109.3 0.432863
-109.1 0.433705
-108.9 0.43454
-108.7 0.435401
-108.5 0.436251
-108.3 0.437111
-108.1 0.437946
-107.9 0.43879
-107.7 0.439639
-107.5 0.440501
-107.3 0.441361
-107.1 0.44224
-106.9 0.443094
-106.7 0.443951
-106.5 0.444824
-106.3 0.445665
-106.1 0.446517
-105.9 0.447373
-105.7 0.448229
-105.5 0.449086
-105.3 0.449929
-105.1 0.45076
-104.9 0.45162
-104.7 0.452472
-104.5 0.453334
-104.3 0.454187
-104.1 0.455052
-103.9 0.455881
-103.7 0.456776
-103.5 0.457607
-103.3 0.458466
-103.1 0.459296
-102.9 0.460123
-102.7 0.460967
-102.5 0.461829
-102.3 0.462699
-102.1 0.463544
-101.9 0.464389
-101.7 0.465246
-101.5 0.466092
-101.3 0.466925
-101.1 0.467793
-100.9 0.468653
-100.7 0.46951
-100.5 0.470373
-100.3 0.471229
-100.1 0.472059
-99.9 0.472915
-99.7 0.473768
-99.5 0.474627
-99.3 0.475461
-99.1 0.476291
-98.9 0.477145
-98.7 0.478008
-98.5 0.478872
-98.3 0.479752
-98.1 0.480623
-97.9 0.481473
-97.7 0.482356
-97.5 0.483221
-97.3 0.484084
-97.1 0.484954
-96.9 0.485834
-96.7 0.486684
-96.5 0.487533
-96.3 0.488393
-96.1 0.489238
-95.9 0.490124
-95.7 0.49099
-95.5 0.491849
-95.3 0.49272
-95.1 0.493572
-94.9 0.494426
-94.7 0.495303
-94.5 0.496198
-94.3 0.497069
-94.1 0.497944
-93.9 0.498824
-93.7 0.499695
-93.5 0.500572
-93.3 0.501462
-93.1 0.502333
-92.9 0.503203
-92.7 0.504089
-92.5 0.504947
-92.3 0.505796
-92.1 0.506655
-91.9 0.507521
-91.7 0.508384
-91.5 0.509269
-91.3 0.510143
-91.1 0.511004
-90.9 0.511863
-90.7 0.512735
-90.5 0.513604
-90.3 0.514475
-90.1 0.515355
-89.9 0.516233
-89.7 0.517105
-89.5 0.517966
-89.3 0.518826
-89.1 0.519685
-88.9 0.520536
-88.7 0.521381
-88.5 0.522249
-88.3 0.523109
-88.1 0.523958
-87.9 0.524826
-87.7 0.525681
-87.5 0.52653
-87.3 0.527412
-87.1 0.528286
-86.9 0.529167
-86.7 0.530051
-86.5 0.530928
-86.3 0.531784
-86.1 0.532638
-85.9 0.533497
-85.7 0.534365
-85.5 0.535209
-85.3 0.536102
-85.1 0.536949
-84.9 0.537783
-84.7 0.538631
-84.5 0.539485
-84.3 0.540325
-84.1 0.541181
-83.9 0.542024
-83.7 0.542888
-83.5 0.543744
-83.3 0.54461
-83.1 0.54546
-82.9 0.546309
-82.7 0.547156
-82.5 0.548006
-82.3 0.548872
-82.1 0.549726
-81.9 0.550587
-81.7 0.551443
-81.5 0.552293
-81.3 0.553146
-81.1 0.554018
-80.9 0.554871
-80.7 0.555711
-80.5 0.556568
-80.3 0.557417
-80.1 0.558302
-79.9 0.559166
-79.7 0.560033
-79.5 0.560881
-79.3 0.561752
-79.1 0.562615
-78.9 0.563462
-78.7 0.564305
-78.5 0.565152
-78.3 0.566011
-78.1 0.566864
-77.9 0.567722
-77.7 0.568566
-77.5 0.569405
-77.3 0.570256
-77.1 0.571115
-76.9 0.571958
-76.7 0.572787
-76.5 0.573644
-76.3 0.574492
-76.1 0.575346
-75.9 0.576193
-75.7 0.577055
-75.5 0.577923
-75.3 0.57878
-75.1 0.579603
-74.9 0.580466
-74.7 0.581312
-74.5 0.582166
-74.3 0.583022
-74.1 0.583879
-73.9 0.584737
-73.7 0.585576
-73.5 0.58644
-73.3 0.587289
-73.1 0.588151
-72.9 0.589001
-72.7 0.58986
-72.5 0.590732
-72.3 0.591584
-72.1 0.59245
-71.9 0.5933
-71.7 0.594136
-71.5 0.595002
-71.3 0.595872
-71.1 0.596725
-70.9 0.597599
-70.7 0.598462
-70.5 0.599302
-70.3 0.600149
-70.1 0.601026
-69.9 0.601897
-69.7 0.602746
-69.5 0.603584
-69.3 0.604437
-69.1 0.605301
-68.9 0.606179
-68.7 0.607048
-68.5 0.607926
-68.3 0.608792
-68.1 0.609629
-67.9 0.610462
-67.7 0.611344
-67.5 0.612203
-67.3 0.61307
-67.1 0.613911
-66.9 0.614758
-66.7 0.615608
-66.5 0.616467
-66.3 0.617333
-66.1 0.618194
-65.9 0.619054
-65.7 0.619936
-65.5 0.620806
-65.3 0.621666
-65.1 0.622533
-64.9 0.623375
-64.7 0.624253
-64.5 0.625094
-64.3 0.625945
-64.1 0.626797
-63.9 0.627643
-63.7 0.628493
-63.5 0.629335
-63.3 0.630184
-63.1 0.631065
-62.9 0.631903
-62.7 0.632758
-62.5 0.633605
-62.3 0.634464
-62.1 0.635305
-61.9 0.636149
-61.7 0.637007
-61.5 0.637873
-61.3 0.63873
-61.1 0.639587
-60.9 0.64045
-60.7 0.641318
-60.5 0.642171
-60.3 0.643038
-60.1 0.643901
-59.9 0.644772
-59.7 0.645633
-59.5 0.646484
-59.3 0.647337
-59.1 0.648204
-58.9 0.649082
-58.7 0.649933
-58.5 0.650822
-58.3 0.65168
-58.1 0.65254
-57.9 0.6534
-57.7 0.654261
-57.5 0.655129
-57.3 0.655989
-57.1 0.656829
-56.9 0.657683
-56.7 0.658551
-56.5 0.659418
-56.3 0.660289
-56.1 0.661147
-55.9 0.662018
-55.7 0.662869
-55.5 0.66373
-55.3 0.664603
-55.1 0.665456
-54.9 0.666326
-54.7 0.667185
-54.5 0.668053
-54.3 0.668918
-54.1 0.669768
-53.9 0.670623
-53.7 0.671477
-53.5 0.672358
-53.3 0.673218
-53.1 0.674065
-52.9 0.674905
-52.7 0.675764
-52.5 0.676628
-52.3 0.677481
-52.1 0.678316
-51.9 0.679157
-51.7 0.680017
-51.5 0.68086
-51.3 0.681715
-51.1 0.682604
-50.9 0.683464
-50.7 0.684346
-50.5 0.685214
-50.3 0.686075
-50.1 0.686923
-49.9 0.687758
-49.7 0.68863
-49.5 0.689488
-49.3 0.690349
-49.1 0.691221
-48.9 0.692069
-48.7 0.692907
-48.5 0.693768
-48.3 0.694607
-48.1 0.695489
-47.9 0.696374
-47.7 0.697214
-47.5 0.698084
-47.3 0.698954
-47.1 0.699812
-46.9 0.700705
-46.7 0.701579
-46.5 0.702445
-46.3 0.703299
-46.1 0.704136
-45.9 0.704993
-45.7 0.705865
-45.5 0.706706
-45.3 0.707573
-45.1 0.708457
-44.9 0.709314
-44.7 0.71018
-44.5 0.711068
-44.3 0.711915
-44.1 0.712769
-43.9 0.71363
-43.7 0.714503
-43.5 0.715368
-43.3 0.716234
-43.1 0.717083
-42.9 0.717941
-42.7 0.718795
-42.5 0.719658
-42.3 0.720518
-42.1 0.721367
-41.9 0.722203
-41.7 0.723059
-41.5 0.72392
-41.3 0.724785
-41.1 0.725649
-40.9 0.726515
-40.7 0.727402
-40.5 0.728273
-40.3 0.72913
-40.1 0.730011
-39.9 0.730858
-39.7 0.731725
-39.5 0.732579
-39.3 0.733427
-39.1 0.734277
-38.9 0.735132
-38.7 0.735981
-38.5 0.73686
-38.3 0.737727
-38.1 0.738583
-37.9 0.739436
-37.7 0.740291
-37.5 0.741159
-37.3 0.742022
-37.1 0.742895
-36.9 0.74375
-36.7 0.744593
-36.5 0.745447
-36.3 0.746308
-36.1 0.747172
-35.9 0.748038
-35.7 0.748887
-35.5 0.749745
-35.3 0.750586
-35.1 0.751451
-34.9 0.752304
-34.7 0.753163
-34.5 0.754017
-34.3 0.754894
-34.1 0.755753
-33.9 0.756622
-33.7 0.757481
-33.5 0.758341
-33.3 0.759178
-33.1 0.760039
-32.9 0.760912
-32.7 0.761755
-32.5 0.762601
-32.3 0.763461
-32.1 0.7643
-31.9 0.765174
-31.7 0.766029
-31.5 0.766912
-31.3 0.767767
-31.1 0.768641
-30.9 0.769481
-30.7 0.77033
-30.5 0.77119
-30.3 0.772013
-30.1 0.772859
-29.9 0.773699
-29.7 0.774543
-29.5 0.775393
-29.3 0.776225
-29.1 0.777111
-28.9 0.777938
-28.7 0.778795
-28.5 0.779626
-28.3 0.780482
-28.1 0.781338
-27.9 0.782185
-27.7 0.783039
-27.5 0.783877
-27.3 0.784741
-27.1 0.78558
-26.9 0.786421
-26.7 0.787284
-26.5 0.788109
-26.3 0.788948
-26.1 0.789789
-25.9 0.790634
-25.7 0.791469
-25.5 0.792319
-25.3 0.793162
-25.1 0.794016
-24.9 0.794847
-24.7 0.795682
-24.5 0.796517
-24.3 0.797368
-24.1 0.798197
-23.9 0.799044
-23.7 0.799887
-23.5 0.800738
-23.3 0.801576
-23.1 0.802425
-22.9 0.803277
-22.7 0.804126
-22.5 0.804981
-22.3 0.805818
-22.1 0.806667
-21.9 0.807495
-21.7 0.808376
-21.5 0.809211
-21.3 0.810058
-21.1 0.810904
-20.9 0.811744
-20.7 0.812577
-20.5 0.813403
-20.3 0.814221
-20.1 0.815058
-19.9 0.815907
-19.7 0.816735
-19.5 0.817573
-19.3 0.818413
-19.1 0.819265
-18.9 0.820128
-18.7 0.820975
-18.5 0.82184
-18.3 0.822661
-18.1 0.823523
-17.9 0.824358
-17.7 0.825194
-17.5 0.826051
-17.3 0.826922
-17.1 0.827782
-16.9 0.828624
-16.7 0.829504
-16.5 0.83034
-16.3 0.831183
-16.1 0.832034
-15.9 0.832883
-15.7 0.833741
-15.5 0.834607
-15.3 0.835468
-15.1 0.836303
-14.9 0.837134
-14.7 0.837987
-14.5 0.838835
-14.3 0.839697
-14.1 0.840527
-13.9 0.841365
-13.7 0.842225
-13.5 0.843089
-13.3 0.843951
-13.1 0.844812
-12.9 0.845657
-12.7 0.846509
-12.5 0.847342
-12.3 0.848211
-12.1 0.849059
-11.9 0.849945
-11.7 0.850815
-11.5 0.851661
-11.3 0.8525
-11.1 0.853354
-10.9 0.854205
-10.7 0.855067
-10.5 0.855924
-10.3 0.856801
-10.1 0.857649
-9.9 0.858487
-9.7 0.859332
-9.5 0.860172
-9.3 0.861042
-9.1 0.861895
-8.9 0.862749
-8.7 0.863615
-8.5 0.864483
-8.3 0.865352
-8.1 0.866216
-7.9 0.867078
-7.7 0.867942
-7.5 0.868804
-7.3 0.869641
-7.1 0.870506
-6.9 0.871371
-6.7 0.87223
-6.5 0.873086
-6.3 0.87395
-6.1 0.8748
-5.9 0.875676
-5.7 0.876527
-5.5 0.87738
-5.3 0.878249
-5.1 0.879093
-4.9 0.879952
-4.7 0.880796
-4.5 0.881634
-4.3 0.882489
-4.1 0.883337
-3.9 0.884191
-3.7 0.885051
-3.5 0.88592
-3.3 0.886767
-3.1 0.887629
-2.9 0.888489
-2.7 0.889355
-2.5 0.890203
-2.3 0.891065
-2.1 0.891935
-1.9 0.892786
-1.7 0.893635
-1.5 0.894478
-1.3 0.895333
-1.1 0.896178
-0.899999 0.897029
-0.699999 0.897864
-0.499999 0.898717
-0.299999 0.899568
-0.0999994 0.900429
0.100001 0.901284
0.300001 0.902143
0.500001 0.903001
0.700001 0.903864
0.900001 0.904702
1.1 0.905538
1.3 0.906379
1.5 0.907231
1.7 0.908079
1.9 0.908924
2.1 0.909773
2.3 0.910605
2.5 0.911448
2.7 0.912314
2.9 0.91316
3.1 0.914015
3.3 0.914862
3.5 0.915714
3.7 0.916559
3.9 0.917404
4.1 0.91825
4.3 0.919107
4.5 0.919951
4.7 0.920788
4.9 0.921621
5.1 0.922468
5.3 0.923321
5.5 0.924176
5.7 0.925022
5.9 0.925889
6.1 0.926733
6.3 0.927583
6.5 0.928429
6.7 0.92929
6.9 0.930136
7.1 0.930978
7.3 0.931832
7.5 0.932675
7.7 0.933505
7.9 0.934318
8.1 0.935138
8.3 0.935981
8.5 0.936808
8.7 0.937639
8.9 0.938489
9.1 0.9393
9.3 0.940137
9.5 0.940972
9.7 0.941798
9.9 0.942618
10.1 0.943435
10.3 0.944257
10.5 0.945091
10.7 0.94591
10.9 0.946728
11.1 0.947535
11.3 0.948352
11.5 0.949166
11.7 0.949992
11.9 0.950783
12.1 0.951579
12.3 0.952388
12.5 0.953174
12.7 0.953962
12.9 0.95477
13.1 0.955563
13.3 0.95634
13.5 0.957147
13.7 0.957908
13.9 0.958675
14.1 0.959439
14.3 0.96018
14.5 0.960945
14.7 0.9617
14.9 0.962439
15.1 0.963182
15.3 0.963927
15.5 0.964658
15.7 0.965379
15.9 0.9661
16.1 0.966809
16.3 0.967505
16.5 0.968192
16.7 0.968865
16.9 0.969553
17.1 0.970214
17.3 0.970885
17.5 0.971538
17.7 0.972193
17.9 0.972824
18.1 0.973458
18.3 0.974078
18.5 0.974701
18.7 0.975312
18.9 0.975917
19.1 0.976514
19.3 0.977087
19.5 0.977644
19.7 0.978198
19.9 0.978765
20.1 0.979326
20.3 0.979862
20.5 0.980391
20.7 0.980926
20.9 0.981426
21.1 0.981929
21.3 0.982427
21.5 0.982915
21.7 0.983396
21.9 0.983854
22.1 0.984323
22.3 0.984784
22.5 0.985238
22.7 0.985677
22.9 0.986119
23.1 0.986546
23.3 0.986947
23.5 0.987354
23.7 0.987763
23.9 0.988139
24.1 0.98851
24.3 0.98889
24.5 0.989248
24.7 0.98961
24.9 0.989963
25.1 0.990313
25.3 0.990665
25.5 0.99099
25.7 0.991314
25.9 0.99164
26.1 0.991932
26.3 0.992224
26.5 0.992515
26.7 0.992801
26.9 0.993076
27.1 0.993347
27.3 0.993598
27.5 0.993843
27.7 0.994088
27.9 0.994344
28.1 0.99457
28.3 0.994808
28.5 0.995022
28.7 0.995253
28.9 0.995456
29.1 0.995654
29.3 0.995847
29.5 0.996041
29.7 0.996227
29.9 0.996407
30.1 0.996572
30.3 0.996733
30.5 0.996896
30.7 0.997044
30.9 0.997196
31.1 0.997334
31.3 0.997466
31.5 0.9976
31.7 0.997727
31.9 0.997837
32.1 0.997953
32.3 0.998071
32.5 0.998177
32.7 0.998285
32.9 0.998373
33.1 0.998466
33.3 0.998561
33.5 0.998641
33.7 0.998722
33.9 0.998795
34.1 0.998863
34.3 0.998927
34.5 0.998998
34.7 0.999065
34.9 0.999126
35.1 0.99918
35.3 0.999235
35.5 0.999291
35.7 0.999338
35.9 0.999381
36.1 0.999418
36.3 0.999461
36.5 0.9995
36.7 0.999534
36.9 0.999567
37.1 0.9996
37.3 0.999632
37.5 0.99966
37.7 0.999685
37.9 0.999705
38.1 0.999724
38.3 0.999744
38.5 0.999762
38.7 0.999777
38.9 0.999793
39.1 0.999809
39.3 0.999825
39.5 0.999837
39.7 0.999851
39.9 0.999861
40.1 0.999871
40.3 0.99988
40.5 0.999892
40.7 0.999899
40.9 0.999905
41.1 0.999912
41.3 0.999921
41.5 0.999928
41.7 0.999936
41.9 0.999943
42.1 0.999946
42.3 0.999949
42.5 0.999952
42.7 0.999955
42.9 0.999958
43.1 0.99996
43.3 0.999964
43.5 0.999965
43.7 0.999968
43.9 0.99997
44.1 0.999972
44.3 0.999974
44.5 0.999976
44.7 0.999977
44.9 0.999979
45.1 0.999981
45.3 0.999983
45.5 0.999984
45.7 0.999986
45.9 0.999987
46.1 0.999987
46.3 0.999988
46.5 0.999989
46.7 0.999991
46.9 0.999991
47.1 0.999992
47.3 0.999993
47.5 0.999993
47.7 0.999994
47.9 0.999995
48.1 0.999995
48.3 0.999995
48.5 0.999996
48.7 0.999996
48.9 0.999996
49.1 0.999997
49.3 0.999997
49.5 0.999998
49.7 0.999998
49.9 0.999999
50.1 1
