#a: 55.8454
xa: -0.759803
xxa: -0.0018998
xxxa: -3.44343e-06
aa: 4961.35
xaa: 10.6923
xxaa: 0.0571528
xxxaa: 6.80713e-05
aaa: -55980.1
xaaa: -324.572
xxaaa: -0.491897
aaaa: 1.04633e+06
xaaaa: 1986.22
#iterration
#a: 55.8454(orig)-11.6129(itr) = 44.2325
xa: -0.0873577
xxa: -0.000307226
aa: 250.439
xaa: 3.72124
aaa: -14608.2
xaaa: -8.09811
xxaaa: -0.0994765
xxxaaa: 7.55944e-05
xxxxaaa: 4.39101e-07