1298
-209.3 1.96334e-07
-209.1 1.96334e-07
-208.9 5.89003e-07
-208.7 7.85337e-07
-208.5 9.81672e-07
-208.3 1.17801e-06
-208.1 1.57067e-06
-207.9 1.76701e-06
-207.7 1.76701e-06
-207.5 1.76701e-06
-207.3 1.76701e-06
-207.1 1.96334e-06
-206.9 2.15968e-06
-206.7 2.35601e-06
-206.5 2.55235e-06
-206.3 2.74868e-06
-206.1 2.94502e-06
-205.9 2.94502e-06
-205.7 3.14135e-06
-205.5 3.53402e-06
-205.3 3.73035e-06
-205.1 3.92669e-06
-204.9 4.12302e-06
-204.7 4.51569e-06
-204.5 4.71202e-06
-204.3 4.90836e-06
-204.1 5.10469e-06
-203.9 5.30103e-06
-203.7 5.49736e-06
-203.5 5.6937e-06
-203.3 6.2827e-06
-203.1 6.47903e-06
-202.9 6.67537e-06
-202.7 6.8717e-06
-202.5 6.8717e-06
-202.3 6.8717e-06
-202.1 7.26437e-06
-201.9 8.83505e-06
-201.7 1.00131e-05
-201.5 1.11911e-05
-201.3 1.43324e-05
-201.1 1.72774e-05
-200.9 2.25785e-05
-200.7 3.02355e-05
-200.5 4.18192e-05
-200.3 5.41883e-05
-200.1 7.32327e-05
-199.9 9.99342e-05
-199.7 0.000152159
-199.5 0.000214986
-199.3 0.000301373
-199.1 0.00040975
-198.9 0.000562302
-198.7 0.000746071
-198.5 0.000984224
-198.3 0.00127774
-198.1 0.00163664
-197.9 0.0021049
-197.7 0.00268075
-197.5 0.00338225
-197.3 0.00424298
-197.1 0.00528473
-196.9 0.00650691
-196.7 0.00793466
-196.5 0.00954283
-196.3 0.0113326
-196.1 0.0132698
-195.9 0.0153318
-195.7 0.0174903
-195.5 0.0197039
-195.3 0.0219657
-195.1 0.0242826
-194.9 0.0266259
-194.7 0.0289958
-194.5 0.0313283
-194.3 0.0335747
-194.1 0.0358446
-193.9 0.0380514
-193.7 0.0402228
-193.5 0.0423776
-193.3 0.044499
-193.1 0.0465521
-192.9 0.0486012
-192.7 0.0506191
-192.5 0.0525929
-192.3 0.0545258
-192.1 0.0564251
-191.9 0.058327
-191.7 0.0601482
-191.5 0.0620097
-191.3 0.0638232
-191.1 0.0656149
-190.9 0.0674016
-190.7 0.0691521
-190.5 0.0709329
-190.3 0.0727177
-190.1 0.0744598
-189.9 0.0762031
-189.7 0.0779316
-189.5 0.079636
-189.3 0.0813506
-189.1 0.0830541
-188.9 0.0847271
-188.7 0.0863991
-188.5 0.088066
-188.3 0.0896997
-188.1 0.0913359
-187.9 0.0930001
-187.7 0.0946361
-187.5 0.0962771
-187.3 0.0979017
-187.1 0.0995111
-186.9 0.101088
-186.7 0.102683
-186.5 0.104286
-186.3 0.105878
-186.1 0.107471
-185.9 0.109042
-185.7 0.110612
-185.5 0.112169
-185.3 0.113709
-185.1 0.115248
-184.9 0.116745
-184.7 0.118255
-184.5 0.1198
-184.3 0.121308
-184.1 0.122823
-183.9 0.124293
-183.7 0.125749
-183.5 0.127185
-183.3 0.128638
-183.1 0.130099
-182.9 0.131503
-182.7 0.132874
-182.5 0.134279
-182.3 0.135656
-182.1 0.13701
-181.9 0.138331
-181.7 0.139637
-181.5 0.140946
-181.3 0.142213
-181.1 0.143473
-180.9 0.144733
-180.7 0.14599
-180.5 0.147216
-180.3 0.148424
-180.1 0.149629
-179.9 0.150807
-179.7 0.151972
-179.5 0.153111
-179.3 0.154232
-179.1 0.155366
-178.9 0.156477
-178.7 0.157579
-178.5 0.158689
-178.3 0.159773
-178.1 0.160855
-177.9 0.161936
-177.7 0.162994
-177.5 0.164043
-177.3 0.165088
-177.1 0.166117
-176.9 0.167158
-176.7 0.168179
-176.5 0.169197
-176.3 0.170218
-176.1 0.171231
-175.9 0.172256
-175.7 0.173239
-175.5 0.174221
-175.3 0.175211
-175.1 0.176191
-174.9 0.17718
-174.7 0.178145
-174.5 0.179154
-174.3 0.18015
-174.1 0.181094
-173.9 0.18203
-173.7 0.183004
-173.5 0.183944
-173.3 0.184902
-173.1 0.185842
-172.9 0.186773
-172.7 0.187686
-172.5 0.188612
-172.3 0.189552
-172.1 0.190462
-171.9 0.191391
-171.7 0.192299
-171.5 0.193215
-171.3 0.194133
-171.1 0.195047
-170.9 0.195971
-170.7 0.196845
-170.5 0.197741
-170.3 0.198649
-170.1 0.199554
-169.9 0.200481
-169.7 0.20139
-169.5 0.202292
-169.3 0.203173
-169.1 0.20407
-168.9 0.204981
-168.7 0.205865
-168.5 0.206754
-168.3 0.207641
-168.1 0.208536
-167.9 0.209417
-167.7 0.210304
-167.5 0.211193
-167.3 0.212074
-167.1 0.212938
-166.9 0.213843
-166.7 0.214707
-166.5 0.215593
-166.3 0.216481
-166.1 0.217341
-165.9 0.218234
-165.7 0.219121
-165.5 0.220004
-165.3 0.220889
-165.1 0.22176
-164.9 0.222638
-164.7 0.223494
-164.5 0.224365
-164.3 0.225234
-164.1 0.226077
-163.9 0.226966
-163.7 0.227829
-163.5 0.22868
-163.3 0.229538
-163.1 0.23041
-162.9 0.231274
-162.7 0.23215
-162.5 0.233006
-162.3 0.233874
-162.1 0.234751
-161.9 0.235619
-161.7 0.236505
-161.5 0.237348
-161.3 0.238194
-161.1 0.239072
-160.9 0.239915
-160.7 0.240772
-160.5 0.241665
-160.3 0.242529
-160.1 0.243385
-159.9 0.244231
-159.7 0.245065
-159.5 0.24592
-159.3 0.246783
-159.1 0.247635
-158.9 0.248502
-158.7 0.249342
-158.5 0.250178
-158.3 0.251016
-158.1 0.251863
-157.9 0.252684
-157.7 0.253532
-157.5 0.254363
-157.3 0.255219
-157.1 0.256036
-156.9 0.256861
-156.7 0.2577
-156.5 0.258509
-156.3 0.259308
-156.1 0.260121
-155.9 0.260922
-155.7 0.261755
-155.5 0.262569
-155.3 0.263382
-155.1 0.264217
-154.9 0.265005
-154.7 0.265794
-154.5 0.266591
-154.3 0.267372
-154.1 0.268149
-153.9 0.268937
-153.7 0.269725
-153.5 0.2705
-153.3 0.271282
-153.1 0.272069
-152.9 0.27282
-152.7 0.273589
-152.5 0.27434
-152.3 0.275107
-152.1 0.275878
-151.9 0.276624
-151.7 0.277399
-151.5 0.278186
-151.3 0.27895
-151.1 0.279712
-150.9 0.280492
-150.7 0.281252
-150.5 0.282002
-150.3 0.28277
-150.1 0.283537
-149.9 0.284303
-149.7 0.285077
-149.5 0.285849
-149.3 0.28661
-149.1 0.287383
-148.9 0.288133
-148.7 0.288892
-148.5 0.289662
-148.3 0.29043
-148.1 0.291217
-147.9 0.291998
-147.7 0.292748
-147.5 0.293539
-147.3 0.294348
-147.1 0.295135
-146.9 0.295921
-146.7 0.296731
-146.5 0.297518
-146.3 0.298303
-146.1 0.29911
-145.9 0.299919
-145.7 0.300727
-145.5 0.301538
-145.3 0.302322
-145.1 0.303161
-144.9 0.30398
-144.7 0.304815
-144.5 0.305642
-144.3 0.30647
-144.1 0.307292
-143.9 0.308132
-143.7 0.308976
-143.5 0.309824
-143.3 0.310647
-143.1 0.311501
-142.9 0.31234
-142.7 0.313192
-142.5 0.314043
-142.3 0.314909
-142.1 0.315777
-141.9 0.316642
-141.7 0.317496
-141.5 0.31835
-141.3 0.319229
-141.1 0.32008
-140.9 0.320928
-140.7 0.321792
-140.5 0.322648
-140.3 0.323514
-140.1 0.324382
-139.9 0.32528
-139.7 0.326139
-139.5 0.327016
-139.3 0.327889
-139.1 0.328761
-138.9 0.329661
-138.7 0.330579
-138.5 0.331464
-138.3 0.332379
-138.1 0.333278
-137.9 0.334152
-137.7 0.335045
-137.5 0.335925
-137.3 0.336812
-137.1 0.337714
-136.9 0.338585
-136.7 0.33947
-136.5 0.340373
-136.3 0.341257
-136.1 0.342155
-135.9 0.343071
-135.7 0.343932
-135.5 0.34482
-135.3 0.345692
-135.1 0.346581
-134.9 0.347449
-134.7 0.348316
-134.5 0.349225
-134.3 0.350113
-134.1 0.350997
-133.9 0.351872
-133.7 0.352751
-133.5 0.353638
-133.3 0.354544
-133.1 0.355411
-132.9 0.356325
-132.7 0.357209
-132.5 0.358084
-132.3 0.358975
-132.1 0.359848
-131.9 0.36075
-131.7 0.361636
-131.5 0.362518
-131.3 0.363401
-131.1 0.364294
-130.9 0.365155
-130.7 0.366038
-130.5 0.366898
-130.3 0.367779
-130.1 0.368667
-129.9 0.369533
-129.7 0.370423
-129.5 0.3713
-129.3 0.372178
-129.1 0.373056
-128.9 0.373933
-128.7 0.374815
-128.5 0.375687
-128.3 0.376545
-128.1 0.377425
-127.9 0.378321
-127.7 0.37918
-127.5 0.380045
-127.3 0.380911
-127.1 0.381789
-126.9 0.38263
-126.7 0.383492
-126.5 0.384356
-126.3 0.385218
-126.1 0.386097
-125.9 0.386939
-125.7 0.387779
-125.5 0.388649
-125.3 0.38953
-125.1 0.39039
-124.9 0.391252
-124.7 0.392115
-124.5 0.392984
-124.3 0.39383
-124.1 0.394706
-123.9 0.395551
-123.7 0.396384
-123.5 0.397249
-123.3 0.398117
-123.1 0.398966
-122.9 0.399801
-122.7 0.400633
-122.5 0.401477
-122.3 0.40231
-122.1 0.403151
-121.9 0.403991
-121.7 0.404845
-121.5 0.405688
-121.3 0.40653
-121.1 0.40737
-120.9 0.408187
-120.7 0.409012
-120.5 0.409836
-120.3 0.410673
-120.1 0.411515
-119.9 0.412374
-119.7 0.413226
-119.5 0.414064
-119.3 0.414912
-119.1 0.415767
-118.9 0.416627
-118.7 0.41747
-118.5 0.418303
-118.3 0.41915
-118.1 0.419996
-117.9 0.420845
-117.7 0.4217
-117.5 0.422535
-117.3 0.42337
-117.1 0.424222
-116.9 0.425056
-116.7 0.425897
-116.5 0.426711
-116.3 0.427534
-116.1 0.428383
-115.9 0.429222
-115.7 0.430057
-115.5 0.430876
-115.3 0.43168
-115.1 0.432523
-114.9 0.433363
-114.7 0.434213
-114.5 0.435051
-114.3 0.435871
-114.1 0.436701
-113.9 0.437526
-113.7 0.438381
-113.5 0.43921
-113.3 0.440045
-113.1 0.440866
-112.9 0.441701
-112.7 0.442551
-112.5 0.443395
-112.3 0.444222
-112.1 0.445058
-111.9 0.445875
-111.7 0.446723
-111.5 0.447555
-111.3 0.448384
-111.1 0.449214
-110.9 0.450059
-110.7 0.45089
-110.5 0.451722
-110.3 0.452553
-110.1 0.453394
-109.9 0.454223
-109.7 0.455048
-109.5 0.455877
-109.3 0.45671
-109.1 0.457542
-108.9 0.458368
-108.7 0.459185
-108.5 0.459997
-108.3 0.460827
-108.1 0.461671
-107.9 0.462509
-107.7 0.463335
-107.5 0.464176
-107.3 0.464989
-107.1 0.465809
-106.9 0.466651
-106.7 0.467477
-106.5 0.468297
-106.3 0.469125
-106.1 0.469958
-105.9 0.470774
-105.7 0.471604
-105.5 0.472438
-105.3 0.473236
-105.1 0.474065
-104.9 0.474881
-104.7 0.475704
-104.5 0.476518
-104.3 0.477315
-104.1 0.478136
-103.9 0.478945
-103.7 0.479775
-103.5 0.480597
-103.3 0.481402
-103.1 0.482221
-102.9 0.483071
-102.7 0.483873
-102.5 0.484712
-102.3 0.485539
-102.1 0.48636
-101.9 0.487196
-101.7 0.488012
-101.5 0.488831
-101.3 0.489631
-101.1 0.49046
-100.9 0.49126
-100.7 0.492074
-100.5 0.492879
-100.3 0.493696
-100.1 0.494513
-99.9 0.495311
-99.7 0.496126
-99.5 0.496922
-99.3 0.49773
-99.1 0.498531
-98.9 0.499325
-98.7 0.500125
-98.5 0.500912
-98.3 0.501708
-98.1 0.502522
-97.9 0.503328
-97.7 0.504125
-97.5 0.504914
-97.3 0.505722
-97.1 0.506535
-96.9 0.507361
-96.7 0.508175
-96.5 0.508982
-96.3 0.509787
-96.1 0.510582
-95.9 0.511392
-95.7 0.512193
-95.5 0.512995
-95.3 0.513828
-95.1 0.514646
-94.9 0.515444
-94.7 0.516238
-94.5 0.51702
-94.3 0.517828
-94.1 0.518617
-93.9 0.519425
-93.7 0.520226
-93.5 0.521022
-93.3 0.521812
-93.1 0.522614
-92.9 0.523386
-92.7 0.524201
-92.5 0.524997
-92.3 0.525792
-92.1 0.526565
-91.9 0.527329
-91.7 0.528105
-91.5 0.528889
-91.3 0.529673
-91.1 0.530472
-90.9 0.531259
-90.7 0.53206
-90.5 0.532842
-90.3 0.533607
-90.1 0.534388
-89.9 0.535165
-89.7 0.535951
-89.5 0.536762
-89.3 0.537572
-89.1 0.538373
-88.9 0.539155
-88.7 0.539936
-88.5 0.540723
-88.3 0.541516
-88.1 0.542299
-87.9 0.543109
-87.7 0.543925
-87.5 0.544725
-87.3 0.545531
-87.1 0.546328
-86.9 0.547136
-86.7 0.547935
-86.5 0.548714
-86.3 0.549513
-86.1 0.550319
-85.9 0.551099
-85.7 0.551895
-85.5 0.552695
-85.3 0.553528
-85.1 0.554319
-84.9 0.555113
-84.7 0.555901
-84.5 0.55668
-84.3 0.557496
-84.1 0.558309
-83.9 0.559099
-83.7 0.559903
-83.5 0.560717
-83.3 0.561522
-83.1 0.562339
-82.9 0.563168
-82.7 0.56397
-82.5 0.564815
-82.3 0.56561
-82.1 0.566443
-81.9 0.567278
-81.7 0.568124
-81.5 0.568935
-81.3 0.569753
-81.1 0.570587
-80.9 0.571415
-80.7 0.572233
-80.5 0.573034
-80.3 0.573858
-80.1 0.574692
-79.9 0.575496
-79.7 0.576319
-79.5 0.577163
-79.3 0.577969
-79.1 0.5788
-78.9 0.579617
-78.7 0.580439
-78.5 0.581275
-78.3 0.582123
-78.1 0.582957
-77.9 0.583778
-77.7 0.584598
-77.5 0.585438
-77.3 0.58626
-77.1 0.587083
-76.9 0.587921
-76.7 0.588744
-76.5 0.589584
-76.3 0.59041
-76.1 0.59126
-75.9 0.592085
-75.7 0.592915
-75.5 0.593748
-75.3 0.594596
-75.1 0.595423
-74.9 0.596264
-74.7 0.597084
-74.5 0.597942
-74.3 0.598798
-74.1 0.599652
-73.9 0.600489
-73.7 0.601348
-73.5 0.602194
-73.3 0.603024
-73.1 0.603868
-72.9 0.604708
-72.7 0.605551
-72.5 0.606384
-72.3 0.607192
-72.1 0.608012
-71.9 0.608839
-71.7 0.609655
-71.5 0.610472
-71.3 0.611309
-71.1 0.612149
-70.9 0.612955
-70.7 0.613776
-70.5 0.614599
-70.3 0.61542
-70.1 0.616236
-69.9 0.617083
-69.7 0.617929
-69.5 0.618758
-69.3 0.619587
-69.1 0.620421
-68.9 0.62125
-68.7 0.622078
-68.5 0.622897
-68.3 0.623722
-68.1 0.624552
-67.9 0.625372
-67.7 0.626208
-67.5 0.627048
-67.3 0.62787
-67.1 0.62871
-66.9 0.629558
-66.7 0.630402
-66.5 0.63124
-66.3 0.632051
-66.1 0.632908
-65.9 0.633747
-65.7 0.634577
-65.5 0.635413
-65.3 0.636252
-65.1 0.637075
-64.9 0.637898
-64.7 0.638708
-64.5 0.639539
-64.3 0.640372
-64.1 0.641212
-63.9 0.642032
-63.7 0.642874
-63.5 0.643675
-63.3 0.644506
-63.1 0.64535
-62.9 0.646178
-62.7 0.647014
-62.5 0.647832
-62.3 0.648652
-62.1 0.649453
-61.9 0.650278
-61.7 0.651098
-61.5 0.651915
-61.3 0.65273
-61.1 0.653552
-60.9 0.654374
-60.7 0.655218
-60.5 0.656049
-60.3 0.656854
-60.1 0.657671
-59.9 0.658472
-59.7 0.659303
-59.5 0.66014
-59.3 0.660991
-59.1 0.661814
-58.9 0.662638
-58.7 0.663448
-58.5 0.664268
-58.3 0.665104
-58.1 0.66594
-57.9 0.666777
-57.7 0.667599
-57.5 0.668428
-57.3 0.669257
-57.1 0.670069
-56.9 0.670883
-56.7 0.6717
-56.5 0.672504
-56.3 0.673318
-56.1 0.674126
-55.9 0.674951
-55.7 0.675761
-55.5 0.67657
-55.3 0.67737
-55.1 0.678195
-54.9 0.679003
-54.7 0.679805
-54.5 0.680621
-54.3 0.681441
-54.1 0.682251
-53.9 0.683068
-53.7 0.683892
-53.5 0.684714
-53.3 0.685529
-53.1 0.68633
-52.9 0.687143
-52.7 0.687959
-52.5 0.688767
-52.3 0.68961
-52.1 0.690424
-51.9 0.691245
-51.7 0.692073
-51.5 0.692909
-51.3 0.693729
-51.1 0.694569
-50.9 0.695381
-50.7 0.69618
-50.5 0.697026
-50.3 0.697856
-50.1 0.698689
-49.9 0.699472
-49.7 0.700279
-49.5 0.70111
-49.3 0.701936
-49.1 0.702744
-48.9 0.703579
-48.7 0.704386
-48.5 0.705238
-48.3 0.706076
-48.1 0.706902
-47.9 0.707711
-47.7 0.708521
-47.5 0.70936
-47.3 0.71019
-47.1 0.711028
-46.9 0.711851
-46.7 0.712669
-46.5 0.713493
-46.3 0.714306
-46.1 0.71511
-45.9 0.715914
-45.7 0.716727
-45.5 0.717536
-45.3 0.718336
-45.1 0.71915
-44.9 0.719975
-44.7 0.720802
-44.5 0.721617
-44.3 0.722419
-44.1 0.723243
-43.9 0.724062
-43.7 0.724872
-43.5 0.725688
-43.3 0.726495
-43.1 0.727297
-42.9 0.728136
-42.7 0.728973
-42.5 0.729783
-42.3 0.730592
-42.1 0.731409
-41.9 0.732235
-41.7 0.733079
-41.5 0.733914
-41.3 0.734734
-41.1 0.735552
-40.9 0.736365
-40.7 0.737179
-40.5 0.737978
-40.3 0.73878
-40.1 0.739579
-39.9 0.740375
-39.7 0.741171
-39.5 0.741986
-39.3 0.742804
-39.1 0.743613
-38.9 0.744423
-38.7 0.745226
-38.5 0.746022
-38.3 0.746834
-38.1 0.747587
-37.9 0.74839
-37.7 0.749208
-37.5 0.749991
-37.3 0.750801
-37.1 0.751612
-36.9 0.752425
-36.7 0.753223
-36.5 0.754037
-36.3 0.754851
-36.1 0.755658
-35.9 0.756474
-35.7 0.757276
-35.5 0.758089
-35.3 0.758888
-35.1 0.759684
-34.9 0.760488
-34.7 0.761284
-34.5 0.762097
-34.3 0.762907
-34.1 0.763728
-33.9 0.764527
-33.7 0.765331
-33.5 0.766155
-33.3 0.766967
-33.1 0.767782
-32.9 0.768597
-32.7 0.769405
-32.5 0.770214
-32.3 0.771039
-32.1 0.77186
-31.9 0.772678
-31.7 0.773498
-31.5 0.774313
-31.3 0.775103
-31.1 0.775922
-30.9 0.776735
-30.7 0.777557
-30.5 0.778382
-30.3 0.77922
-30.1 0.780047
-29.9 0.780847
-29.7 0.781647
-29.5 0.782468
-29.3 0.783293
-29.1 0.784118
-28.9 0.784913
-28.7 0.785735
-28.5 0.786553
-28.3 0.787375
-28.1 0.788208
-27.9 0.789028
-27.7 0.789845
-27.5 0.790648
-27.3 0.791469
-27.1 0.792291
-26.9 0.793107
-26.7 0.793941
-26.5 0.794755
-26.3 0.795579
-26.1 0.796392
-25.9 0.797207
-25.7 0.798029
-25.5 0.798851
-25.3 0.799657
-25.1 0.800484
-24.9 0.801328
-24.7 0.802134
-24.5 0.802941
-24.3 0.803748
-24.1 0.804538
-23.9 0.805356
-23.7 0.806179
-23.5 0.807012
-23.3 0.807807
-23.1 0.808626
-22.9 0.809409
-22.7 0.810221
-22.5 0.811024
-22.3 0.811835
-22.1 0.812632
-21.9 0.813434
-21.7 0.814236
-21.5 0.815039
-21.3 0.815818
-21.1 0.816618
-20.9 0.817416
-20.7 0.818213
-20.5 0.819019
-20.3 0.819831
-20.1 0.820648
-19.9 0.821465
-19.7 0.822285
-19.5 0.82309
-19.3 0.823881
-19.1 0.824675
-18.9 0.825486
-18.7 0.826305
-18.5 0.827112
-18.3 0.827898
-18.1 0.828734
-17.9 0.829541
-17.7 0.830355
-17.5 0.831158
-17.3 0.831959
-17.1 0.832761
-16.9 0.83355
-16.7 0.834353
-16.5 0.83517
-16.3 0.835965
-16.1 0.836765
-15.9 0.837559
-15.7 0.838364
-15.5 0.839162
-15.3 0.839948
-15.1 0.84075
-14.9 0.84153
-14.7 0.842333
-14.5 0.843113
-14.3 0.843941
-14.1 0.844742
-13.9 0.845537
-13.7 0.846346
-13.5 0.847152
-13.3 0.84795
-13.1 0.848781
-12.9 0.849545
-12.7 0.850343
-12.5 0.85114
-12.3 0.851943
-12.1 0.852762
-11.9 0.853581
-11.7 0.854385
-11.5 0.855184
-11.3 0.855984
-11.1 0.856806
-10.9 0.857587
-10.7 0.858401
-10.5 0.859186
-10.3 0.859972
-10.1 0.860777
-9.9 0.861581
-9.7 0.862378
-9.5 0.863162
-9.3 0.863986
-9.1 0.864785
-8.9 0.865575
-8.7 0.866377
-8.5 0.867194
-8.3 0.868007
-8.1 0.868825
-7.9 0.869653
-7.7 0.870442
-7.5 0.871218
-7.3 0.872027
-7.1 0.872843
-6.9 0.873656
-6.7 0.87448
-6.5 0.875267
-6.3 0.876086
-6.1 0.876916
-5.9 0.877736
-5.7 0.878544
-5.5 0.879356
-5.3 0.880166
-5.1 0.880958
-4.9 0.881771
-4.7 0.882563
-4.5 0.883361
-4.3 0.884167
-4.1 0.884957
-3.9 0.885758
-3.7 0.886566
-3.5 0.887377
-3.3 0.888171
-3.1 0.889001
-2.9 0.889808
-2.7 0.890624
-2.5 0.891441
-2.3 0.892261
-2.1 0.893087
-1.9 0.893919
-1.7 0.89475
-1.5 0.895553
-1.3 0.89636
-1.1 0.897146
-0.899999 0.897965
-0.699999 0.898775
-0.499999 0.899596
-0.299999 0.90042
-0.0999994 0.90125
0.100001 0.902073
0.300001 0.902883
0.500001 0.903685
0.700001 0.904494
0.900001 0.905291
1.1 0.9061
1.3 0.906906
1.5 0.907729
1.7 0.908563
1.9 0.909384
2.1 0.910194
2.3 0.910998
2.5 0.91181
2.7 0.912622
2.9 0.91343
3.1 0.914236
3.3 0.91506
3.5 0.915863
3.7 0.916642
3.9 0.917451
4.1 0.918263
4.3 0.919095
4.5 0.919921
4.7 0.92071
4.9 0.921511
5.1 0.922338
5.3 0.923127
5.5 0.923926
5.7 0.924748
5.9 0.925556
6.1 0.926361
6.3 0.927173
6.5 0.927979
6.7 0.928776
6.9 0.929562
7.1 0.930338
7.3 0.931154
7.5 0.931965
7.7 0.93275
7.9 0.933527
8.1 0.934319
8.3 0.935108
8.5 0.935902
8.7 0.936696
8.9 0.937473
9.1 0.938273
9.3 0.939077
9.5 0.939902
9.7 0.940676
9.9 0.941471
10.1 0.94225
10.3 0.943024
10.5 0.943817
10.7 0.944597
10.9 0.945395
11.1 0.946191
11.3 0.946956
11.5 0.947735
11.7 0.948496
11.9 0.949256
12.1 0.950033
12.3 0.950793
12.5 0.951553
12.7 0.952318
12.9 0.953089
13.1 0.953852
13.3 0.954615
13.5 0.955389
13.7 0.956121
13.9 0.956893
14.1 0.957645
14.3 0.95839
14.5 0.959125
14.7 0.959808
14.9 0.960553
15.1 0.961268
15.3 0.961998
15.5 0.962716
15.7 0.96343
15.9 0.96414
16.1 0.964846
16.3 0.965559
16.5 0.96623
16.7 0.966895
16.9 0.967572
17.1 0.968236
17.3 0.968908
17.5 0.969556
17.7 0.970204
17.9 0.970842
18.1 0.971497
18.3 0.972146
18.5 0.972763
18.7 0.973388
18.9 0.974003
19.1 0.974622
19.3 0.975219
19.5 0.975813
19.7 0.976419
19.9 0.977
20.1 0.977585
20.3 0.978155
20.5 0.978729
20.7 0.979297
20.9 0.979858
21.1 0.980408
21.3 0.980938
21.5 0.981476
21.7 0.982017
21.9 0.982525
22.1 0.983024
22.3 0.983512
22.5 0.983997
22.7 0.984487
22.9 0.984959
23.1 0.985434
23.3 0.985877
23.5 0.986319
23.7 0.986753
23.9 0.987199
24.1 0.987616
24.3 0.988017
24.5 0.988411
24.7 0.98881
24.9 0.9892
25.1 0.989571
25.3 0.989925
25.5 0.990298
25.7 0.990636
25.9 0.990975
26.1 0.991302
26.3 0.991628
26.5 0.991957
26.7 0.992268
26.9 0.992579
27.1 0.992882
27.3 0.993171
27.5 0.993446
27.7 0.993724
27.9 0.993992
28.1 0.994239
28.3 0.994485
28.5 0.99472
28.7 0.994943
28.9 0.995163
29.1 0.995382
29.3 0.995585
29.5 0.995789
29.7 0.995975
29.9 0.996167
30.1 0.99634
30.3 0.996519
30.5 0.9967
30.7 0.996868
30.9 0.997018
31.1 0.997159
31.3 0.997301
31.5 0.997436
31.7 0.99757
31.9 0.997706
32.1 0.997831
32.3 0.997949
32.5 0.99807
32.7 0.998179
32.9 0.998276
33.1 0.998364
33.3 0.998459
33.5 0.998548
33.7 0.998632
33.9 0.99871
34.1 0.998784
34.3 0.998858
34.5 0.998926
34.7 0.998991
34.9 0.999053
35.1 0.99912
35.3 0.999177
35.5 0.999229
35.7 0.999281
35.9 0.999327
36.1 0.999371
36.3 0.99941
36.5 0.999456
36.7 0.999496
36.9 0.999531
37.1 0.999562
37.3 0.999589
37.5 0.999619
37.7 0.999642
37.9 0.999663
38.1 0.999692
38.3 0.999711
38.5 0.999731
38.7 0.999752
38.9 0.999769
39.1 0.999786
39.3 0.9998
39.5 0.999814
39.7 0.999827
39.9 0.999842
40.1 0.999852
40.3 0.999861
40.5 0.999872
40.7 0.999881
40.9 0.999891
41.1 0.9999
41.3 0.999908
41.5 0.999915
41.7 0.99992
41.9 0.999925
42.1 0.999931
42.3 0.999937
42.5 0.999941
42.7 0.999945
42.9 0.999948
43.1 0.999952
43.3 0.999955
43.5 0.999958
43.7 0.99996
43.9 0.999963
44.1 0.999965
44.3 0.999968
44.5 0.999971
44.7 0.999973
44.9 0.999974
45.1 0.999976
45.3 0.999978
45.5 0.999979
45.7 0.99998
45.9 0.999982
46.1 0.999983
46.3 0.999984
46.5 0.999985
46.7 0.999985
46.9 0.999987
47.1 0.999987
47.3 0.999988
47.5 0.999988
47.7 0.999989
47.9 0.999991
48.1 0.999991
48.3 0.999993
48.5 0.999994
48.7 0.999995
48.9 0.999996
49.1 0.999996
49.3 0.999997
49.5 0.999998
49.7 0.999999
49.9 1
50.1 1
