1300
-209.7 5.95409e-07
-209.5 1.38929e-06
-209.3 1.58776e-06
-209.1 1.78623e-06
-208.9 1.78623e-06
-208.7 1.9847e-06
-208.5 2.38164e-06
-208.3 2.97704e-06
-208.1 3.17551e-06
-207.9 3.17551e-06
-207.7 3.57245e-06
-207.5 3.96939e-06
-207.3 3.96939e-06
-207.1 4.36633e-06
-206.9 4.36633e-06
-206.7 4.36633e-06
-206.5 4.5648e-06
-206.3 4.96174e-06
-206.1 4.96174e-06
-205.9 5.16021e-06
-205.7 5.35868e-06
-205.5 5.35868e-06
-205.3 5.75562e-06
-205.1 5.95409e-06
-204.9 5.95409e-06
-204.7 6.35103e-06
-204.5 6.94644e-06
-204.3 7.14491e-06
-204.1 7.74032e-06
-203.9 7.74032e-06
-203.7 7.93879e-06
-203.5 7.93879e-06
-203.3 8.13726e-06
-203.1 8.13726e-06
-202.9 8.53419e-06
-202.7 9.1296e-06
-202.5 9.32807e-06
-202.3 9.32807e-06
-202.1 9.52654e-06
-201.9 9.52654e-06
-201.7 9.92348e-06
-201.5 1.03204e-05
-201.3 1.07174e-05
-201.1 1.07174e-05
-200.9 1.11143e-05
-200.7 1.15112e-05
-200.5 1.19082e-05
-200.3 1.25036e-05
-200.1 1.29005e-05
-199.9 1.29005e-05
-199.7 1.3099e-05
-199.5 1.32975e-05
-199.3 1.32975e-05
-199.1 1.34959e-05
-198.9 1.38929e-05
-198.7 1.42898e-05
-198.5 1.46868e-05
-198.3 1.56791e-05
-198.1 1.90531e-05
-197.9 2.44118e-05
-197.7 3.39383e-05
-197.5 5.02128e-05
-197.3 7.34338e-05
-197.1 0.00012067
-196.9 0.00018934
-196.7 0.000277064
-196.5 0.000409443
-196.3 0.000594218
-196.1 0.000844488
-195.9 0.00117216
-195.7 0.00160899
-195.5 0.0021784
-195.3 0.00292425
-195.1 0.00381399
-194.9 0.00488354
-194.7 0.00616963
-194.5 0.00765339
-194.3 0.00930704
-194.1 0.0111185
-193.9 0.0130885
-193.7 0.0151718
-193.5 0.0173397
-193.3 0.0195491
-193.1 0.0218162
-192.9 0.0240988
-192.7 0.0263971
-192.5 0.0286658
-192.3 0.0309154
-192.1 0.033125
-191.9 0.0353337
-191.7 0.0374919
-191.5 0.0396094
-191.3 0.0417193
-191.1 0.0437939
-190.9 0.0458534
-190.7 0.0478729
-190.5 0.0498595
-190.3 0.051845
-190.1 0.0538146
-189.9 0.055739
-189.7 0.0576584
-189.5 0.0595361
-189.3 0.0613738
-189.1 0.0632062
-188.9 0.0650361
-188.7 0.0668521
-188.5 0.0686223
-188.3 0.0703811
-188.1 0.0721399
-187.9 0.0738537
-187.7 0.0756084
-187.5 0.0773238
-187.3 0.0790737
-187.1 0.0807654
-186.9 0.0824663
-186.7 0.0841571
-186.5 0.0858492
-186.3 0.0875186
-186.1 0.0891815
-185.9 0.0908451
-185.7 0.0925011
-185.5 0.0941131
-185.3 0.0957386
-185.1 0.0973579
-184.9 0.0989867
-184.7 0.100617
-184.5 0.102241
-184.3 0.103828
-184.1 0.105439
-183.9 0.107009
-183.7 0.108624
-183.5 0.110232
-183.3 0.11177
-183.1 0.113317
-182.9 0.114887
-182.7 0.116442
-182.5 0.117984
-182.3 0.11951
-182.1 0.121031
-181.9 0.122524
-181.7 0.124027
-181.5 0.1255
-181.3 0.126985
-181.1 0.128466
-180.9 0.129913
-180.7 0.131342
-180.5 0.13277
-180.3 0.134176
-180.1 0.135574
-179.9 0.136953
-179.7 0.138338
-179.5 0.139696
-179.3 0.141016
-179.1 0.1423
-178.9 0.143576
-178.7 0.144845
-178.5 0.146108
-178.3 0.147349
-178.1 0.148578
-177.9 0.149819
-177.7 0.151025
-177.5 0.15219
-177.3 0.153364
-177.1 0.154524
-176.9 0.155723
-176.7 0.156876
-176.5 0.157995
-176.3 0.15911
-176.1 0.160226
-175.9 0.161314
-175.7 0.162435
-175.5 0.163508
-175.3 0.164589
-175.1 0.165651
-174.9 0.16671
-174.7 0.167746
-174.5 0.168789
-174.3 0.169839
-174.1 0.170876
-173.9 0.171904
-173.7 0.172916
-173.5 0.173954
-173.3 0.174965
-173.1 0.175947
-172.9 0.176924
-172.7 0.177926
-172.5 0.17889
-172.3 0.179887
-172.1 0.180863
-171.9 0.181823
-171.7 0.182804
-171.5 0.183768
-171.3 0.184749
-171.1 0.185686
-170.9 0.186663
-170.7 0.187612
-170.5 0.188563
-170.3 0.189507
-170.1 0.190432
-169.9 0.19138
-169.7 0.192321
-169.5 0.193234
-169.3 0.194168
-169.1 0.195091
-168.9 0.19601
-168.7 0.19693
-168.5 0.197861
-168.3 0.198774
-168.1 0.199707
-167.9 0.200622
-167.7 0.201546
-167.5 0.202458
-167.3 0.20341
-167.1 0.204334
-166.9 0.205243
-166.7 0.206129
-166.5 0.207058
-166.3 0.207959
-166.1 0.208846
-165.9 0.209752
-165.7 0.210652
-165.5 0.211536
-165.3 0.21243
-165.1 0.213321
-164.9 0.214211
-164.7 0.215107
-164.5 0.215988
-164.3 0.216847
-164.1 0.217732
-163.9 0.218576
-163.7 0.219458
-163.5 0.220347
-163.3 0.221239
-163.1 0.222116
-162.9 0.222997
-162.7 0.22388
-162.5 0.224752
-162.3 0.225633
-162.1 0.226515
-161.9 0.227425
-161.7 0.2283
-161.5 0.229173
-161.3 0.23002
-161.1 0.230875
-160.9 0.23175
-160.7 0.232642
-160.5 0.233516
-160.3 0.234414
-160.1 0.235289
-159.9 0.236178
-159.7 0.237044
-159.5 0.237927
-159.3 0.238797
-159.1 0.239674
-158.9 0.240544
-158.7 0.241397
-158.5 0.242262
-158.3 0.243118
-158.1 0.243963
-157.9 0.244833
-157.7 0.245703
-157.5 0.24656
-157.3 0.247434
-157.1 0.248288
-156.9 0.249168
-156.7 0.250018
-156.5 0.250905
-156.3 0.251765
-156.1 0.252611
-155.9 0.253485
-155.7 0.254315
-155.5 0.255167
-155.3 0.256008
-155.1 0.256841
-154.9 0.257691
-154.7 0.258511
-154.5 0.259339
-154.3 0.260175
-154.1 0.260983
-153.9 0.261808
-153.7 0.262614
-153.5 0.263452
-153.3 0.264263
-153.1 0.265087
-152.9 0.265882
-152.7 0.266702
-152.5 0.267521
-152.3 0.268347
-152.1 0.269151
-151.9 0.269952
-151.7 0.270739
-151.5 0.271514
-151.3 0.272297
-151.1 0.273077
-150.9 0.273859
-150.7 0.274634
-150.5 0.275437
-150.3 0.276242
-150.1 0.27705
-149.9 0.277813
-149.7 0.278587
-149.5 0.279364
-149.3 0.280129
-149.1 0.280905
-148.9 0.281675
-148.7 0.282451
-148.5 0.283236
-148.3 0.283977
-148.1 0.284757
-147.9 0.285517
-147.7 0.286296
-147.5 0.28705
-147.3 0.2878
-147.1 0.28857
-146.9 0.289349
-146.7 0.290131
-146.5 0.290923
-146.3 0.291704
-146.1 0.2925
-145.9 0.293297
-145.7 0.294089
-145.5 0.294873
-145.3 0.295681
-145.1 0.296505
-144.9 0.297298
-144.7 0.298115
-144.5 0.298913
-144.3 0.299723
-144.1 0.300542
-143.9 0.301343
-143.7 0.302164
-143.5 0.302986
-143.3 0.303792
-143.1 0.304613
-142.9 0.305436
-142.7 0.306242
-142.5 0.307051
-142.3 0.307891
-142.1 0.308733
-141.9 0.309563
-141.7 0.310375
-141.5 0.311211
-141.3 0.312044
-141.1 0.312868
-140.9 0.313713
-140.7 0.314565
-140.5 0.31541
-140.3 0.316274
-140.1 0.317133
-139.9 0.318007
-139.7 0.318862
-139.5 0.319703
-139.3 0.32056
-139.1 0.321443
-138.9 0.3223
-138.7 0.323178
-138.5 0.324045
-138.3 0.324931
-138.1 0.32581
-137.9 0.32669
-137.7 0.327557
-137.5 0.328424
-137.3 0.329299
-137.1 0.330171
-136.9 0.331052
-136.7 0.331924
-136.5 0.332793
-136.3 0.333668
-136.1 0.334547
-135.9 0.33543
-135.7 0.336322
-135.5 0.337227
-135.3 0.338102
-135.1 0.338953
-134.9 0.339841
-134.7 0.340728
-134.5 0.341603
-134.3 0.342493
-134.1 0.343381
-133.9 0.344262
-133.7 0.345152
-133.5 0.346021
-133.3 0.346919
-133.1 0.34781
-132.9 0.348698
-132.7 0.349608
-132.5 0.35049
-132.3 0.351395
-132.1 0.352269
-131.9 0.353149
-131.7 0.354024
-131.5 0.354898
-131.3 0.355785
-131.1 0.356682
-130.9 0.357569
-130.7 0.358457
-130.5 0.359345
-130.3 0.360222
-130.1 0.3611
-129.9 0.361973
-129.7 0.362864
-129.5 0.363733
-129.3 0.364594
-129.1 0.36549
-128.9 0.366364
-128.7 0.367259
-128.5 0.368138
-128.3 0.369018
-128.1 0.36992
-127.9 0.370785
-127.7 0.37165
-127.5 0.372515
-127.3 0.373421
-127.1 0.374276
-126.9 0.375164
-126.7 0.376057
-126.5 0.376925
-126.3 0.377804
-126.1 0.378711
-125.9 0.379557
-125.7 0.380437
-125.5 0.381346
-125.3 0.382217
-125.1 0.383103
-124.9 0.383984
-124.7 0.384843
-124.5 0.385719
-124.3 0.386575
-124.1 0.387449
-123.9 0.388323
-123.7 0.389173
-123.5 0.390068
-123.3 0.390915
-123.1 0.391782
-122.9 0.392656
-122.7 0.393518
-122.5 0.394399
-122.3 0.395262
-122.1 0.39614
-121.9 0.396981
-121.7 0.397849
-121.5 0.398698
-121.3 0.399561
-121.1 0.400398
-120.9 0.40123
-120.7 0.402101
-120.5 0.402962
-120.3 0.403808
-120.1 0.404675
-119.9 0.405494
-119.7 0.406339
-119.5 0.40719
-119.3 0.408055
-119.1 0.408924
-118.9 0.409773
-118.7 0.410644
-118.5 0.411495
-118.3 0.412343
-118.1 0.413197
-117.9 0.41406
-117.7 0.414896
-117.5 0.41576
-117.3 0.416606
-117.1 0.417474
-116.9 0.418338
-116.7 0.419199
-116.5 0.420053
-116.3 0.420896
-116.1 0.42175
-115.9 0.422592
-115.7 0.423445
-115.5 0.424302
-115.3 0.425155
-115.1 0.42602
-114.9 0.426877
-114.7 0.42772
-114.5 0.428557
-114.3 0.429399
-114.1 0.430246
-113.9 0.431091
-113.7 0.431939
-113.5 0.432779
-113.3 0.43364
-113.1 0.434482
-112.9 0.43532
-112.7 0.436171
-112.5 0.437006
-112.3 0.437859
-112.1 0.43873
-111.9 0.439587
-111.7 0.440443
-111.5 0.441268
-111.3 0.442106
-111.1 0.44295
-110.9 0.44379
-110.7 0.444628
-110.5 0.445441
-110.3 0.446282
-110.1 0.447119
-109.9 0.447939
-109.7 0.448778
-109.5 0.449641
-109.3 0.450497
-109.1 0.45133
-108.9 0.452165
-108.7 0.453
-108.5 0.453835
-108.3 0.454675
-108.1 0.455549
-107.9 0.456406
-107.7 0.457237
-107.5 0.458101
-107.3 0.458934
-107.1 0.459787
-106.9 0.460627
-106.7 0.461436
-106.5 0.462256
-106.3 0.463064
-106.1 0.463916
-105.9 0.464752
-105.7 0.465571
-105.5 0.466404
-105.3 0.467208
-105.1 0.468044
-104.9 0.468863
-104.7 0.469727
-104.5 0.47056
-104.3 0.471416
-104.1 0.47225
-103.9 0.47306
-103.7 0.473891
-103.5 0.474715
-103.3 0.475554
-103.1 0.476389
-102.9 0.477214
-102.7 0.478013
-102.5 0.478843
-102.3 0.479663
-102.1 0.480461
-101.9 0.481314
-101.7 0.48214
-101.5 0.482995
-101.3 0.483821
-101.1 0.484646
-100.9 0.485491
-100.7 0.486315
-100.5 0.487128
-100.3 0.487941
-100.1 0.488766
-99.9 0.489592
-99.7 0.490442
-99.5 0.491288
-99.3 0.4921
-99.1 0.492938
-98.9 0.493767
-98.7 0.494605
-98.5 0.495426
-98.3 0.496244
-98.1 0.497089
-97.9 0.497924
-97.7 0.498742
-97.5 0.499574
-97.3 0.500382
-97.1 0.501193
-96.9 0.502014
-96.7 0.502856
-96.5 0.50366
-96.3 0.504494
-96.1 0.505317
-95.9 0.506115
-95.7 0.506947
-95.5 0.507751
-95.3 0.508563
-95.1 0.509382
-94.9 0.510198
-94.7 0.510999
-94.5 0.511808
-94.3 0.512602
-94.1 0.513397
-93.9 0.514204
-93.7 0.515003
-93.5 0.515822
-93.3 0.516634
-93.1 0.517459
-92.9 0.518246
-92.7 0.519056
-92.5 0.519873
-92.3 0.520678
-92.1 0.521501
-91.9 0.522302
-91.7 0.523111
-91.5 0.523927
-91.3 0.524718
-91.1 0.525522
-90.9 0.526309
-90.7 0.527128
-90.5 0.527935
-90.3 0.528771
-90.1 0.529573
-89.9 0.530377
-89.7 0.531185
-89.5 0.532017
-89.3 0.532836
-89.1 0.533636
-88.9 0.534429
-88.7 0.535237
-88.5 0.53604
-88.3 0.536836
-88.1 0.537642
-87.9 0.538425
-87.7 0.539237
-87.5 0.54003
-87.3 0.540826
-87.1 0.541628
-86.9 0.542434
-86.7 0.543231
-86.5 0.544026
-86.3 0.544833
-86.1 0.545624
-85.9 0.546412
-85.7 0.547209
-85.5 0.54801
-85.3 0.548796
-85.1 0.549626
-84.9 0.550444
-84.7 0.551262
-84.5 0.552089
-84.3 0.552881
-84.1 0.553683
-83.9 0.554493
-83.7 0.555308
-83.5 0.556097
-83.3 0.55688
-83.1 0.557698
-82.9 0.558488
-82.7 0.559295
-82.5 0.560115
-82.3 0.560905
-82.1 0.561712
-81.9 0.562521
-81.7 0.563325
-81.5 0.564126
-81.3 0.564943
-81.1 0.565761
-80.9 0.566573
-80.7 0.56737
-80.5 0.568172
-80.3 0.56901
-80.1 0.56982
-79.9 0.570616
-79.7 0.571416
-79.5 0.57222
-79.3 0.573026
-79.1 0.573822
-78.9 0.574638
-78.7 0.575442
-78.5 0.576251
-78.3 0.57708
-78.1 0.577882
-77.9 0.578709
-77.7 0.579523
-77.5 0.580334
-77.3 0.581135
-77.1 0.581961
-76.9 0.582765
-76.7 0.583584
-76.5 0.584409
-76.3 0.58521
-76.1 0.586042
-75.9 0.586872
-75.7 0.587694
-75.5 0.588524
-75.3 0.589335
-75.1 0.590157
-74.9 0.590976
-74.7 0.591784
-74.5 0.592596
-74.3 0.593419
-74.1 0.594245
-73.9 0.59507
-73.7 0.595925
-73.5 0.596751
-73.3 0.597561
-73.1 0.59838
-72.9 0.599206
-72.7 0.600032
-72.5 0.600846
-72.3 0.601692
-72.1 0.602519
-71.9 0.603361
-71.7 0.604179
-71.5 0.605014
-71.3 0.605849
-71.1 0.606675
-70.9 0.607514
-70.7 0.608347
-70.5 0.609181
-70.3 0.610027
-70.1 0.61086
-69.9 0.61166
-69.7 0.612495
-69.5 0.613321
-69.3 0.614162
-69.1 0.614981
-68.9 0.615817
-68.7 0.616647
-68.5 0.617508
-68.3 0.618352
-68.1 0.619184
-67.9 0.620032
-67.7 0.620879
-67.5 0.621733
-67.3 0.622579
-67.1 0.62343
-66.9 0.624259
-66.7 0.62509
-66.5 0.625933
-66.3 0.626756
-66.1 0.627594
-65.9 0.628447
-65.7 0.629296
-65.5 0.63015
-65.3 0.630987
-65.1 0.631827
-64.9 0.632672
-64.7 0.633528
-64.5 0.634344
-64.3 0.635176
-64.1 0.635995
-63.9 0.636851
-63.7 0.637709
-63.5 0.638541
-63.3 0.639376
-63.1 0.640235
-62.9 0.641084
-62.7 0.641921
-62.5 0.642782
-62.3 0.643643
-62.1 0.644498
-61.9 0.645331
-61.7 0.646163
-61.5 0.646995
-61.3 0.647825
-61.1 0.648677
-60.9 0.649517
-60.7 0.650369
-60.5 0.651199
-60.3 0.652018
-60.1 0.652836
-59.9 0.653678
-59.7 0.654522
-59.5 0.655355
-59.3 0.656192
-59.1 0.657008
-58.9 0.65782
-58.7 0.658649
-58.5 0.659467
-58.3 0.660292
-58.1 0.661116
-57.9 0.661925
-57.7 0.662736
-57.5 0.663564
-57.3 0.664396
-57.1 0.665207
-56.9 0.666035
-56.7 0.666856
-56.5 0.667671
-56.3 0.66849
-56.1 0.66932
-55.9 0.670147
-55.7 0.670963
-55.5 0.671761
-55.3 0.672599
-55.1 0.673431
-54.9 0.674253
-54.7 0.67509
-54.5 0.675915
-54.3 0.676744
-54.1 0.677571
-53.9 0.678409
-53.7 0.679226
-53.5 0.680066
-53.3 0.680878
-53.1 0.681707
-52.9 0.682519
-52.7 0.683339
-52.5 0.684162
-52.3 0.684968
-52.1 0.685768
-51.9 0.686576
-51.7 0.687405
-51.5 0.688232
-51.3 0.68903
-51.1 0.689875
-50.9 0.690692
-50.7 0.691497
-50.5 0.692336
-50.3 0.693145
-50.1 0.693962
-49.9 0.694788
-49.7 0.6956
-49.5 0.696416
-49.3 0.697213
-49.1 0.698022
-48.9 0.698822
-48.7 0.699651
-48.5 0.700476
-48.3 0.701304
-48.1 0.702123
-47.9 0.702953
-47.7 0.703767
-47.5 0.704562
-47.3 0.705381
-47.1 0.706227
-46.9 0.707049
-46.7 0.707859
-46.5 0.708672
-46.3 0.709468
-46.1 0.710282
-45.9 0.711091
-45.7 0.71189
-45.5 0.712708
-45.3 0.713528
-45.1 0.714328
-44.9 0.715122
-44.7 0.715919
-44.5 0.716738
-44.3 0.717544
-44.1 0.718357
-43.9 0.719169
-43.7 0.719981
-43.5 0.720787
-43.3 0.7216
-43.1 0.722418
-42.9 0.723201
-42.7 0.724012
-42.5 0.724829
-42.3 0.725623
-42.1 0.726435
-41.9 0.727253
-41.7 0.728068
-41.5 0.728879
-41.3 0.729713
-41.1 0.730535
-40.9 0.731352
-40.7 0.732156
-40.5 0.732958
-40.3 0.73379
-40.1 0.734605
-39.9 0.735415
-39.7 0.736234
-39.5 0.737037
-39.3 0.737861
-39.1 0.738649
-38.9 0.739432
-38.7 0.740254
-38.5 0.741074
-38.3 0.741886
-38.1 0.7427
-37.9 0.743522
-37.7 0.744346
-37.5 0.745154
-37.3 0.74598
-37.1 0.746822
-36.9 0.747658
-36.7 0.748464
-36.5 0.74927
-36.3 0.750099
-36.1 0.750912
-35.9 0.751718
-35.7 0.752538
-35.5 0.75334
-35.3 0.754145
-35.1 0.75494
-34.9 0.755745
-34.7 0.75656
-34.5 0.757357
-34.3 0.758144
-34.1 0.758976
-33.9 0.759785
-33.7 0.7606
-33.5 0.761402
-33.3 0.76223
-33.1 0.763047
-32.9 0.763888
-32.7 0.764723
-32.5 0.765563
-32.3 0.76638
-32.1 0.767185
-31.9 0.767998
-31.7 0.768813
-31.5 0.76961
-31.3 0.770443
-31.1 0.771275
-30.9 0.7721
-30.7 0.772934
-30.5 0.773762
-30.3 0.774583
-30.1 0.775382
-29.9 0.776219
-29.7 0.777065
-29.5 0.777867
-29.3 0.778661
-29.1 0.779475
-28.9 0.780292
-28.7 0.781099
-28.5 0.781906
-28.3 0.782716
-28.1 0.783533
-27.9 0.784337
-27.7 0.785163
-27.5 0.785982
-27.3 0.786786
-27.1 0.787612
-26.9 0.788419
-26.7 0.789235
-26.5 0.790084
-26.3 0.790914
-26.1 0.791744
-25.9 0.792574
-25.7 0.79339
-25.5 0.794215
-25.3 0.79505
-25.1 0.795864
-24.9 0.796686
-24.7 0.797494
-24.5 0.798314
-24.3 0.799147
-24.1 0.799977
-23.9 0.800796
-23.7 0.801632
-23.5 0.802423
-23.3 0.803232
-23.1 0.804054
-22.9 0.804889
-22.7 0.805702
-22.5 0.806517
-22.3 0.807336
-22.1 0.808121
-21.9 0.808943
-21.7 0.80977
-21.5 0.810594
-21.3 0.811416
-21.1 0.812225
-20.9 0.813038
-20.7 0.813862
-20.5 0.814683
-20.3 0.815519
-20.1 0.816338
-19.9 0.81715
-19.7 0.817955
-19.5 0.818769
-19.3 0.819587
-19.1 0.82039
-18.9 0.821197
-18.7 0.822013
-18.5 0.822852
-18.3 0.823651
-18.1 0.824475
-17.9 0.825283
-17.7 0.826109
-17.5 0.826933
-17.3 0.827736
-17.1 0.828548
-16.9 0.829369
-16.7 0.8302
-16.5 0.831004
-16.3 0.831807
-16.1 0.832616
-15.9 0.833445
-15.7 0.834245
-15.5 0.835072
-15.3 0.835905
-15.1 0.836701
-14.9 0.83751
-14.7 0.838319
-14.5 0.83913
-14.3 0.839929
-14.1 0.840729
-13.9 0.841524
-13.7 0.842321
-13.5 0.843123
-13.3 0.84392
-13.1 0.844699
-12.9 0.845518
-12.7 0.84632
-12.5 0.847101
-12.3 0.847902
-12.1 0.848694
-11.9 0.849501
-11.7 0.850294
-11.5 0.851084
-11.3 0.85187
-11.1 0.852677
-10.9 0.853489
-10.7 0.854301
-10.5 0.855083
-10.3 0.855875
-10.1 0.856659
-9.9 0.857448
-9.7 0.858243
-9.5 0.859046
-9.3 0.859838
-9.1 0.860639
-8.9 0.861433
-8.7 0.862255
-8.5 0.863071
-8.3 0.86388
-8.1 0.86468
-7.9 0.865474
-7.7 0.866257
-7.5 0.867082
-7.3 0.86786
-7.1 0.868656
-6.9 0.869458
-6.7 0.870258
-6.5 0.871054
-6.3 0.871867
-6.1 0.872656
-5.9 0.873457
-5.7 0.874218
-5.5 0.875021
-5.3 0.875815
-5.1 0.8766
-4.9 0.877389
-4.7 0.878199
-4.5 0.878976
-4.3 0.879764
-4.1 0.880561
-3.9 0.88137
-3.7 0.882158
-3.5 0.882971
-3.3 0.88379
-3.1 0.88457
-2.9 0.885368
-2.7 0.886143
-2.5 0.88694
-2.3 0.887739
-2.1 0.888536
-1.9 0.889341
-1.7 0.890148
-1.5 0.890953
-1.3 0.891761
-1.1 0.892576
-0.899999 0.893352
-0.699999 0.89414
-0.499999 0.894966
-0.299999 0.895764
-0.0999994 0.896582
0.100001 0.897377
0.300001 0.898165
0.500001 0.898998
0.700001 0.899825
0.900001 0.900628
1.1 0.90143
1.3 0.902264
1.5 0.903083
1.7 0.903887
1.9 0.904689
2.1 0.905485
2.3 0.906257
2.5 0.907045
2.7 0.907856
2.9 0.908666
3.1 0.909452
3.3 0.910258
3.5 0.911082
3.7 0.911908
3.9 0.912703
4.1 0.9135
4.3 0.914318
4.5 0.91513
4.7 0.915945
4.9 0.916758
5.1 0.91756
5.3 0.918378
5.5 0.919206
5.7 0.920033
5.9 0.920852
6.1 0.921649
6.3 0.922482
6.5 0.923312
6.7 0.924148
6.9 0.924964
7.1 0.925785
7.3 0.926644
7.5 0.927474
7.7 0.928307
7.9 0.929144
8.1 0.929968
8.3 0.930793
8.5 0.931611
8.7 0.932437
8.9 0.93326
9.1 0.934088
9.3 0.934894
9.5 0.935713
9.7 0.936518
9.9 0.937353
10.1 0.938152
10.3 0.938967
10.5 0.939794
10.7 0.940607
10.9 0.941404
11.1 0.942207
11.3 0.943003
11.5 0.943809
11.7 0.944604
11.9 0.945371
12.1 0.946169
12.3 0.946979
12.5 0.947776
12.7 0.948567
12.9 0.949356
13.1 0.950143
13.3 0.950905
13.5 0.95169
13.7 0.952474
13.9 0.953247
14.1 0.954022
14.3 0.954802
14.5 0.955584
14.7 0.956346
14.9 0.957093
15.1 0.957841
15.3 0.958578
15.5 0.959327
15.7 0.960054
15.9 0.960795
16.1 0.961536
16.3 0.962272
16.5 0.962981
16.7 0.963697
16.9 0.964419
17.1 0.965112
17.3 0.965813
17.5 0.966541
17.7 0.967228
17.9 0.967906
18.1 0.968594
18.3 0.969272
18.5 0.969948
18.7 0.970617
18.9 0.971297
19.1 0.971965
19.3 0.972612
19.5 0.973253
19.7 0.973857
19.9 0.974472
20.1 0.975086
20.3 0.975687
20.5 0.976295
20.7 0.976875
20.9 0.977457
21.1 0.978029
21.3 0.978572
21.5 0.979131
21.7 0.979687
21.9 0.980234
22.1 0.980766
22.3 0.981314
22.5 0.981839
22.7 0.982344
22.9 0.982848
23.1 0.983348
23.3 0.983848
23.5 0.984324
23.7 0.984795
23.9 0.985248
24.1 0.985697
24.3 0.98612
24.5 0.986553
24.7 0.986988
24.9 0.987403
25.1 0.987805
25.3 0.988188
25.5 0.988572
25.7 0.988951
25.9 0.989313
26.1 0.989667
26.3 0.990026
26.5 0.99038
26.7 0.990716
26.9 0.991048
27.1 0.991377
27.3 0.99169
27.5 0.991993
27.7 0.992291
27.9 0.992573
28.1 0.992851
28.3 0.993134
28.5 0.993408
28.7 0.993671
28.9 0.993922
29.1 0.994181
29.3 0.994431
29.5 0.994654
29.7 0.994876
29.9 0.995091
30.1 0.995301
30.3 0.995504
30.5 0.995693
30.7 0.995887
30.9 0.996072
31.1 0.996253
31.3 0.996438
31.5 0.996604
31.7 0.996775
31.9 0.996937
32.1 0.997089
32.3 0.997226
32.5 0.997359
32.7 0.997495
32.9 0.997622
33.1 0.997752
33.3 0.997866
33.5 0.99798
33.7 0.998084
33.9 0.998185
34.1 0.998282
34.3 0.998381
34.5 0.998468
34.7 0.998555
34.9 0.998638
35.1 0.998718
35.3 0.99879
35.5 0.998855
35.7 0.998923
35.9 0.998991
36.1 0.999052
36.3 0.999106
36.5 0.999162
36.7 0.999215
36.9 0.999264
37.1 0.999311
37.3 0.999351
37.5 0.999392
37.7 0.999429
37.9 0.999466
38.1 0.9995
38.3 0.999533
38.5 0.999561
38.7 0.999592
38.9 0.999621
39.1 0.99965
39.3 0.99967
39.5 0.999693
39.7 0.999716
39.9 0.999734
40.1 0.99975
40.3 0.999764
40.5 0.999783
40.7 0.999798
40.9 0.999811
41.1 0.999824
41.3 0.999835
41.5 0.999846
41.7 0.999856
41.9 0.999866
42.1 0.999875
42.3 0.999887
42.5 0.999896
42.7 0.999902
42.9 0.999908
43.1 0.999913
43.3 0.999919
43.5 0.999924
43.7 0.999929
43.9 0.999934
44.1 0.999939
44.3 0.999943
44.5 0.999948
44.7 0.999952
44.9 0.999956
45.1 0.999958
45.3 0.999961
45.5 0.999965
45.7 0.999967
45.9 0.99997
46.1 0.999973
46.3 0.999974
46.5 0.999977
46.7 0.999979
46.9 0.99998
47.1 0.999982
47.3 0.999983
47.5 0.999985
47.7 0.999987
47.9 0.999988
48.1 0.999989
48.3 0.999991
48.5 0.999991
48.7 0.999992
48.9 0.999993
49.1 0.999994
49.3 0.999995
49.5 0.999996
49.7 0.999997
49.9 0.999998
50.1 1
