1300
-209.7 4.22056e-07
-209.5 1.05514e-06
-209.3 1.68822e-06
-209.1 2.74336e-06
-208.9 3.58748e-06
-208.7 4.00953e-06
-208.5 5.06467e-06
-208.3 6.11981e-06
-208.1 6.96393e-06
-207.9 6.96393e-06
-207.7 7.38598e-06
-207.5 7.80804e-06
-207.3 8.65215e-06
-207.1 9.07421e-06
-206.9 9.07421e-06
-206.7 9.28524e-06
-206.5 9.91832e-06
-206.3 9.91832e-06
-206.1 1.01293e-05
-205.9 1.03404e-05
-205.7 1.05514e-05
-205.5 1.20286e-05
-205.3 1.22396e-05
-205.1 1.32948e-05
-204.9 1.41389e-05
-204.7 1.43499e-05
-204.5 1.43499e-05
-204.3 1.45609e-05
-204.1 1.4983e-05
-203.9 1.60381e-05
-203.7 1.64602e-05
-203.5 1.66712e-05
-203.3 1.70933e-05
-203.1 1.83594e-05
-202.9 1.89925e-05
-202.7 2.00477e-05
-202.5 2.08918e-05
-202.3 2.15249e-05
-202.1 2.21579e-05
-201.9 2.2369e-05
-201.7 2.2369e-05
-201.5 2.2369e-05
-201.3 2.258e-05
-201.1 2.258e-05
-200.9 2.30021e-05
-200.7 2.30021e-05
-200.5 2.34241e-05
-200.3 2.44793e-05
-200.1 2.74336e-05
-199.9 3.29204e-05
-199.7 3.90402e-05
-199.5 5.2335e-05
-199.3 6.90062e-05
-199.1 9.32744e-05
-198.9 0.000130415
-198.7 0.000186127
-198.5 0.000255344
-198.3 0.000353683
-198.1 0.000481566
-197.9 0.000641525
-197.7 0.00085804
-197.5 0.00113364
-197.3 0.00147276
-197.1 0.00189925
-196.9 0.00242239
-196.7 0.00301411
-196.5 0.00373013
-196.3 0.00455631
-196.1 0.0054977
-195.9 0.00653195
-195.7 0.00768923
-195.5 0.00893683
-195.3 0.0102891
-195.1 0.0117264
-194.9 0.0132304
-194.7 0.0147513
-194.5 0.0163547
-194.3 0.0179796
-194.1 0.0196573
-193.9 0.0214031
-193.7 0.023142
-193.5 0.024895
-193.3 0.0266149
-193.1 0.028313
-192.9 0.0300365
-192.7 0.0317492
-192.5 0.0334686
-192.3 0.0351623
-192.1 0.0368495
-191.9 0.0385354
-191.7 0.040223
-191.5 0.0418732
-191.3 0.0435034
-191.1 0.0451146
-190.9 0.0467408
-190.7 0.0483434
-190.5 0.049959
-190.3 0.0515347
-190.1 0.0530795
-189.9 0.0546324
-189.7 0.0561556
-189.5 0.0576993
-189.3 0.0592029
-189.1 0.0606993
-188.9 0.0621915
-188.7 0.0636919
-188.5 0.0651636
-188.3 0.0666289
-188.1 0.0680884
-187.9 0.0695403
-187.7 0.0709622
-187.5 0.0723767
-187.3 0.0737659
-187.1 0.0751766
-186.9 0.0766061
-186.7 0.0780116
-186.5 0.0794012
-186.3 0.0807769
-186.1 0.0821638
-185.9 0.0835268
-185.7 0.0848814
-185.5 0.0862356
-185.3 0.0875758
-185.1 0.0888878
-184.9 0.0901696
-184.7 0.0914792
-184.5 0.0927935
-184.3 0.0940867
-184.1 0.095364
-183.9 0.096631
-183.7 0.097905
-183.5 0.0991661
-183.3 0.100411
-183.1 0.101664
-182.9 0.102905
-182.7 0.104105
-182.5 0.105337
-182.3 0.106545
-182.1 0.107736
-181.9 0.108888
-181.7 0.110094
-181.5 0.111259
-181.3 0.112441
-181.1 0.113601
-180.9 0.114743
-180.7 0.115837
-180.5 0.116963
-180.3 0.118071
-180.1 0.119195
-179.9 0.120311
-179.7 0.121418
-179.5 0.122517
-179.3 0.123628
-179.1 0.124707
-178.9 0.125778
-178.7 0.126847
-178.5 0.1279
-178.3 0.128944
-178.1 0.130001
-177.9 0.131031
-177.7 0.132088
-177.5 0.133126
-177.3 0.13413
-177.1 0.135138
-176.9 0.136131
-176.7 0.137152
-176.5 0.138145
-176.3 0.139143
-176.1 0.140163
-175.9 0.141163
-175.7 0.14215
-175.5 0.143132
-175.3 0.144101
-175.1 0.145079
-174.9 0.146043
-174.7 0.147039
-174.5 0.148005
-174.3 0.148954
-174.1 0.149913
-173.9 0.150874
-173.7 0.151834
-173.5 0.152753
-173.3 0.153692
-173.1 0.154651
-172.9 0.15558
-172.7 0.156524
-172.5 0.157479
-172.3 0.158423
-172.1 0.159348
-171.9 0.160272
-171.7 0.16119
-171.5 0.162113
-171.3 0.163081
-171.1 0.164024
-170.9 0.164951
-170.7 0.165852
-170.5 0.166735
-170.3 0.167671
-170.1 0.168577
-169.9 0.169484
-169.7 0.170399
-169.5 0.171345
-169.3 0.172275
-169.1 0.173202
-168.9 0.174087
-168.7 0.175018
-168.5 0.175946
-168.3 0.176862
-168.1 0.177765
-167.9 0.178673
-167.7 0.179582
-167.5 0.180495
-167.3 0.181399
-167.1 0.18232
-166.9 0.183205
-166.7 0.184126
-166.5 0.185001
-166.3 0.185897
-166.1 0.18678
-165.9 0.187669
-165.7 0.188555
-165.5 0.189462
-165.3 0.190355
-165.1 0.191256
-164.9 0.192152
-164.7 0.193059
-164.5 0.193943
-164.3 0.19482
-164.1 0.195703
-163.9 0.196588
-163.7 0.197475
-163.5 0.198374
-163.3 0.199266
-163.1 0.200141
-162.9 0.20101
-162.7 0.201902
-162.5 0.202788
-162.3 0.203691
-162.1 0.204574
-161.9 0.205434
-161.7 0.206297
-161.5 0.2072
-161.3 0.208098
-161.1 0.208993
-160.9 0.209882
-160.7 0.210777
-160.5 0.211676
-160.3 0.212557
-160.1 0.213449
-159.9 0.214327
-159.7 0.215198
-159.5 0.216072
-159.3 0.216955
-159.1 0.217818
-158.9 0.218677
-158.7 0.219566
-158.5 0.220446
-158.3 0.221341
-158.1 0.222217
-157.9 0.223076
-157.7 0.223986
-157.5 0.22486
-157.3 0.225728
-157.1 0.226589
-156.9 0.227459
-156.7 0.228347
-156.5 0.229199
-156.3 0.230056
-156.1 0.23094
-155.9 0.231797
-155.7 0.232661
-155.5 0.233518
-155.3 0.234382
-155.1 0.235252
-154.9 0.23611
-154.7 0.23696
-154.5 0.237826
-154.3 0.238697
-154.1 0.239574
-153.9 0.240448
-153.7 0.241328
-153.5 0.242192
-153.3 0.243083
-153.1 0.243962
-152.9 0.244837
-152.7 0.245702
-152.5 0.246595
-152.3 0.247459
-152.1 0.248335
-151.9 0.249194
-151.7 0.250062
-151.5 0.250914
-151.3 0.251794
-151.1 0.252644
-150.9 0.253513
-150.7 0.254386
-150.5 0.255232
-150.3 0.256085
-150.1 0.256927
-149.9 0.257776
-149.7 0.258634
-149.5 0.259489
-149.3 0.260354
-149.1 0.261202
-148.9 0.262072
-148.7 0.262918
-148.5 0.263777
-148.3 0.264629
-148.1 0.265494
-147.9 0.26635
-147.7 0.267198
-147.5 0.26804
-147.3 0.268891
-147.1 0.26974
-146.9 0.270585
-146.7 0.271446
-146.5 0.272273
-146.3 0.273131
-146.1 0.273969
-145.9 0.274811
-145.7 0.275665
-145.5 0.276531
-145.3 0.277376
-145.1 0.278219
-144.9 0.27909
-144.7 0.279916
-144.5 0.280764
-144.3 0.281605
-144.1 0.282425
-143.9 0.283263
-143.7 0.284097
-143.5 0.284941
-143.3 0.285777
-143.1 0.286616
-142.9 0.28746
-142.7 0.288283
-142.5 0.2891
-142.3 0.289939
-142.1 0.2908
-141.9 0.291631
-141.7 0.292467
-141.5 0.293315
-141.3 0.294165
-141.1 0.295038
-140.9 0.295848
-140.7 0.296677
-140.5 0.297518
-140.3 0.298349
-140.1 0.299202
-139.9 0.300042
-139.7 0.300885
-139.5 0.301719
-139.3 0.302578
-139.1 0.303416
-138.9 0.304236
-138.7 0.305078
-138.5 0.305928
-138.3 0.30679
-138.1 0.307635
-137.9 0.308478
-137.7 0.309318
-137.5 0.310165
-137.3 0.311027
-137.1 0.311895
-136.9 0.312762
-136.7 0.313625
-136.5 0.314478
-136.3 0.315352
-136.1 0.316217
-135.9 0.317095
-135.7 0.317946
-135.5 0.318824
-135.3 0.319698
-135.1 0.320582
-134.9 0.321455
-134.7 0.322344
-134.5 0.323226
-134.3 0.324099
-134.1 0.324992
-133.9 0.325881
-133.7 0.326761
-133.5 0.327639
-133.3 0.3285
-133.1 0.3294
-132.9 0.330291
-132.7 0.331147
-132.5 0.332031
-132.3 0.332913
-132.1 0.333786
-131.9 0.334646
-131.7 0.335553
-131.5 0.336426
-131.3 0.337322
-131.1 0.338214
-130.9 0.339082
-130.7 0.339963
-130.5 0.340838
-130.3 0.341749
-130.1 0.342673
-129.9 0.343588
-129.7 0.344493
-129.5 0.345386
-129.3 0.346271
-129.1 0.347163
-128.9 0.348046
-128.7 0.348944
-128.5 0.349843
-128.3 0.350751
-128.1 0.351621
-127.9 0.352514
-127.7 0.353427
-127.5 0.35431
-127.3 0.355186
-127.1 0.356066
-126.9 0.356925
-126.7 0.357805
-126.5 0.35868
-126.3 0.359572
-126.1 0.360457
-125.9 0.361348
-125.7 0.362226
-125.5 0.363109
-125.3 0.363979
-125.1 0.364851
-124.9 0.365746
-124.7 0.366592
-124.5 0.367464
-124.3 0.368335
-124.1 0.369199
-123.9 0.370058
-123.7 0.370926
-123.5 0.371791
-123.3 0.372665
-123.1 0.37354
-122.9 0.374385
-122.7 0.375259
-122.5 0.376126
-122.3 0.376973
-122.1 0.377852
-121.9 0.378708
-121.7 0.379563
-121.5 0.380411
-121.3 0.381302
-121.1 0.382163
-120.9 0.383076
-120.7 0.383945
-120.5 0.384825
-120.3 0.385684
-120.1 0.386554
-119.9 0.387387
-119.7 0.388276
-119.5 0.389147
-119.3 0.38999
-119.1 0.390844
-118.9 0.391722
-118.7 0.392578
-118.5 0.393427
-118.3 0.394283
-118.1 0.395129
-117.9 0.396008
-117.7 0.396866
-117.5 0.397711
-117.3 0.398566
-117.1 0.399431
-116.9 0.400299
-116.7 0.401149
-116.5 0.402005
-116.3 0.402855
-116.1 0.403713
-115.9 0.404566
-115.7 0.405406
-115.5 0.406248
-115.3 0.407094
-115.1 0.407948
-114.9 0.408796
-114.7 0.409643
-114.5 0.410488
-114.3 0.411353
-114.1 0.412221
-113.9 0.413065
-113.7 0.413908
-113.5 0.414746
-113.3 0.415602
-113.1 0.416454
-112.9 0.417283
-112.7 0.418127
-112.5 0.418981
-112.3 0.419815
-112.1 0.420646
-111.9 0.421503
-111.7 0.422378
-111.5 0.423237
-111.3 0.424092
-111.1 0.42495
-110.9 0.425834
-110.7 0.426655
-110.5 0.427501
-110.3 0.428351
-110.1 0.429196
-109.9 0.430043
-109.7 0.430887
-109.5 0.431732
-109.3 0.432574
-109.1 0.433447
-108.9 0.434304
-108.7 0.435162
-108.5 0.436009
-108.3 0.436872
-108.1 0.437738
-107.9 0.438573
-107.7 0.439429
-107.5 0.440299
-107.3 0.441157
-107.1 0.441992
-106.9 0.442851
-106.7 0.44368
-106.5 0.444551
-106.3 0.44542
-106.1 0.4463
-105.9 0.447158
-105.7 0.448031
-105.5 0.448908
-105.3 0.449772
-105.1 0.450606
-104.9 0.451452
-104.7 0.452306
-104.5 0.453158
-104.3 0.454006
-104.1 0.454859
-103.9 0.455716
-103.7 0.456558
-103.5 0.457413
-103.3 0.458261
-103.1 0.459109
-102.9 0.459953
-102.7 0.460813
-102.5 0.461648
-102.3 0.462477
-102.1 0.46332
-101.9 0.464164
-101.7 0.465
-101.5 0.465865
-101.3 0.466688
-101.1 0.467527
-100.9 0.468372
-100.7 0.469223
-100.5 0.470061
-100.3 0.470938
-100.1 0.47181
-99.9 0.472658
-99.7 0.473502
-99.5 0.474338
-99.3 0.475168
-99.1 0.476036
-98.9 0.476875
-98.7 0.47771
-98.5 0.478554
-98.3 0.479393
-98.1 0.480254
-97.9 0.481123
-97.7 0.481978
-97.5 0.482846
-97.3 0.483697
-97.1 0.484541
-96.9 0.485404
-96.7 0.486274
-96.5 0.48711
-96.3 0.487945
-96.1 0.488768
-95.9 0.489615
-95.7 0.490479
-95.5 0.491317
-95.3 0.492167
-95.1 0.493018
-94.9 0.49388
-94.7 0.494729
-94.5 0.495592
-94.3 0.49644
-94.1 0.497293
-93.9 0.498144
-93.7 0.49901
-93.5 0.499861
-93.3 0.500696
-93.1 0.501553
-92.9 0.502394
-92.7 0.503248
-92.5 0.504107
-92.3 0.504953
-92.1 0.50583
-91.9 0.506671
-91.7 0.507524
-91.5 0.508384
-91.3 0.509255
-91.1 0.510106
-90.9 0.510952
-90.7 0.51178
-90.5 0.512642
-90.3 0.513499
-90.1 0.51436
-89.9 0.515219
-89.7 0.516086
-89.5 0.516947
-89.3 0.517797
-89.1 0.518632
-88.9 0.519482
-88.7 0.520324
-88.5 0.521172
-88.3 0.522012
-88.1 0.52286
-87.9 0.523708
-87.7 0.524547
-87.5 0.525389
-87.3 0.526227
-87.1 0.527073
-86.9 0.527936
-86.7 0.528786
-86.5 0.529627
-86.3 0.530489
-86.1 0.531349
-85.9 0.532204
-85.7 0.533074
-85.5 0.533956
-85.3 0.534822
-85.1 0.535652
-84.9 0.536499
-84.7 0.537348
-84.5 0.53821
-84.3 0.539053
-84.1 0.539904
-83.9 0.540734
-83.7 0.541569
-83.5 0.542409
-83.3 0.543246
-83.1 0.544099
-82.9 0.544965
-82.7 0.545821
-82.5 0.546686
-82.3 0.547533
-82.1 0.548389
-81.9 0.549234
-81.7 0.550092
-81.5 0.550951
-81.3 0.551772
-81.1 0.552605
-80.9 0.553454
-80.7 0.554313
-80.5 0.555165
-80.3 0.55604
-80.1 0.556905
-79.9 0.557756
-79.7 0.558589
-79.5 0.559438
-79.3 0.56029
-79.1 0.56115
-78.9 0.562026
-78.7 0.562869
-78.5 0.563756
-78.3 0.564642
-78.1 0.565487
-77.9 0.566357
-77.7 0.567207
-77.5 0.568058
-77.3 0.568909
-77.1 0.569772
-76.9 0.570601
-76.7 0.571426
-76.5 0.572271
-76.3 0.573108
-76.1 0.573968
-75.9 0.574804
-75.7 0.575662
-75.5 0.576492
-75.3 0.577356
-75.1 0.578198
-74.9 0.579037
-74.7 0.57989
-74.5 0.580728
-74.3 0.581588
-74.1 0.58243
-73.9 0.583278
-73.7 0.584125
-73.5 0.584976
-73.3 0.585805
-73.1 0.586656
-72.9 0.587522
-72.7 0.588377
-72.5 0.589229
-72.3 0.59006
-72.1 0.590914
-71.9 0.591769
-71.7 0.592632
-71.5 0.593479
-71.3 0.594356
-71.1 0.595186
-70.9 0.596042
-70.7 0.5969
-70.5 0.59777
-70.3 0.598615
-70.1 0.599476
-69.9 0.600314
-69.7 0.601163
-69.5 0.602017
-69.3 0.602863
-69.1 0.603711
-68.9 0.604566
-68.7 0.605406
-68.5 0.60627
-68.3 0.607118
-68.1 0.607964
-67.9 0.608847
-67.7 0.609711
-67.5 0.610578
-67.3 0.61142
-67.1 0.612292
-66.9 0.613123
-66.7 0.613977
-66.5 0.614816
-66.3 0.615657
-66.1 0.616492
-65.9 0.617351
-65.7 0.618202
-65.5 0.61903
-65.3 0.619893
-65.1 0.620719
-64.9 0.621556
-64.7 0.622431
-64.5 0.623273
-64.3 0.624141
-64.1 0.625027
-63.9 0.625847
-63.7 0.626696
-63.5 0.627548
-63.3 0.628429
-63.1 0.629287
-62.9 0.630121
-62.7 0.63097
-62.5 0.631827
-62.3 0.632694
-62.1 0.633543
-61.9 0.634381
-61.7 0.635236
-61.5 0.636105
-61.3 0.636968
-61.1 0.637822
-60.9 0.638686
-60.7 0.639546
-60.5 0.640409
-60.3 0.641271
-60.1 0.642111
-59.9 0.642992
-59.7 0.643853
-59.5 0.64471
-59.3 0.645565
-59.1 0.646418
-58.9 0.647302
-58.7 0.64816
-58.5 0.64903
-58.3 0.649887
-58.1 0.650725
-57.9 0.651586
-57.7 0.652449
-57.5 0.653308
-57.3 0.654168
-57.1 0.655028
-56.9 0.655867
-56.7 0.656723
-56.5 0.657584
-56.3 0.658442
-56.1 0.659303
-55.9 0.660162
-55.7 0.660996
-55.5 0.661845
-55.3 0.662697
-55.1 0.66356
-54.9 0.664406
-54.7 0.665259
-54.5 0.666118
-54.3 0.666985
-54.1 0.667844
-53.9 0.668707
-53.7 0.669587
-53.5 0.670436
-53.3 0.671276
-53.1 0.672124
-52.9 0.672964
-52.7 0.673839
-52.5 0.674676
-52.3 0.67553
-52.1 0.676373
-51.9 0.677224
-51.7 0.678089
-51.5 0.678939
-51.3 0.679792
-51.1 0.680636
-50.9 0.681475
-50.7 0.682324
-50.5 0.683194
-50.3 0.684061
-50.1 0.684929
-49.9 0.685776
-49.7 0.686628
-49.5 0.687486
-49.3 0.688336
-49.1 0.689199
-48.9 0.690029
-48.7 0.690894
-48.5 0.691768
-48.3 0.692631
-48.1 0.693498
-47.9 0.694316
-47.7 0.695179
-47.5 0.69601
-47.3 0.696854
-47.1 0.697715
-46.9 0.698564
-46.7 0.699429
-46.5 0.700269
-46.3 0.701114
-46.1 0.701975
-45.9 0.702835
-45.7 0.703662
-45.5 0.704502
-45.3 0.705359
-45.1 0.706174
-44.9 0.707025
-44.7 0.707878
-44.5 0.708752
-44.3 0.709621
-44.1 0.710474
-43.9 0.711327
-43.7 0.712155
-43.5 0.713014
-43.3 0.713879
-43.1 0.714735
-42.9 0.715589
-42.7 0.716442
-42.5 0.717303
-42.3 0.71818
-42.1 0.719029
-41.9 0.719876
-41.7 0.72073
-41.5 0.721569
-41.3 0.722401
-41.1 0.723252
-40.9 0.724082
-40.7 0.724948
-40.5 0.725786
-40.3 0.72663
-40.1 0.727487
-39.9 0.728351
-39.7 0.729216
-39.5 0.730075
-39.3 0.730933
-39.1 0.731772
-38.9 0.732614
-38.7 0.733429
-38.5 0.734286
-38.3 0.735113
-38.1 0.735936
-37.9 0.73676
-37.7 0.737595
-37.5 0.738453
-37.3 0.739291
-37.1 0.740146
-36.9 0.741015
-36.7 0.741862
-36.5 0.742695
-36.3 0.743521
-36.1 0.744374
-35.9 0.745204
-35.7 0.746048
-35.5 0.746894
-35.3 0.747765
-35.1 0.748606
-34.9 0.749431
-34.7 0.750285
-34.5 0.751158
-34.3 0.752011
-34.1 0.752848
-33.9 0.753681
-33.7 0.754529
-33.5 0.75538
-33.3 0.756218
-33.1 0.757061
-32.9 0.757927
-32.7 0.758773
-32.5 0.759618
-32.3 0.76047
-32.1 0.761316
-31.9 0.762166
-31.7 0.762975
-31.5 0.763818
-31.3 0.764648
-31.1 0.765487
-30.9 0.766327
-30.7 0.767168
-30.5 0.767999
-30.3 0.768855
-30.1 0.769706
-29.9 0.770538
-29.7 0.771367
-29.5 0.772223
-29.3 0.773056
-29.1 0.773911
-28.9 0.774768
-28.7 0.775642
-28.5 0.776486
-28.3 0.777343
-28.1 0.778211
-27.9 0.779047
-27.7 0.779888
-27.5 0.78074
-27.3 0.781605
-27.1 0.782445
-26.9 0.783305
-26.7 0.784138
-26.5 0.784963
-26.3 0.785828
-26.1 0.786675
-25.9 0.787523
-25.7 0.788371
-25.5 0.789215
-25.3 0.790072
-25.1 0.790918
-24.9 0.791761
-24.7 0.792613
-24.5 0.793436
-24.3 0.794288
-24.1 0.795154
-23.9 0.795988
-23.7 0.796836
-23.5 0.797685
-23.3 0.798531
-23.1 0.799352
-22.9 0.800184
-22.7 0.801031
-22.5 0.801862
-22.3 0.802712
-22.1 0.803551
-21.9 0.80439
-21.7 0.805252
-21.5 0.806093
-21.3 0.806952
-21.1 0.807778
-20.9 0.808603
-20.7 0.809459
-20.5 0.810297
-20.3 0.811157
-20.1 0.812016
-19.9 0.812861
-19.7 0.813685
-19.5 0.814523
-19.3 0.815385
-19.1 0.816211
-18.9 0.81705
-18.7 0.817897
-18.5 0.818758
-18.3 0.819616
-18.1 0.820465
-17.9 0.821302
-17.7 0.822159
-17.5 0.822978
-17.3 0.823824
-17.1 0.824686
-16.9 0.825525
-16.7 0.826372
-16.5 0.827234
-16.3 0.828089
-16.1 0.82893
-15.9 0.829768
-15.7 0.83063
-15.5 0.831472
-15.3 0.83231
-15.1 0.833172
-14.9 0.834013
-14.7 0.834855
-14.5 0.835691
-14.3 0.83652
-14.1 0.837377
-13.9 0.838198
-13.7 0.839043
-13.5 0.839907
-13.3 0.84076
-13.1 0.8416
-12.9 0.842474
-12.7 0.843289
-12.5 0.844122
-12.3 0.844958
-12.1 0.845827
-11.9 0.846692
-11.7 0.847539
-11.5 0.848367
-11.3 0.849224
-11.1 0.850065
-10.9 0.850923
-10.7 0.851748
-10.5 0.852586
-10.3 0.853429
-10.1 0.854272
-9.9 0.855116
-9.7 0.855971
-9.5 0.856828
-9.3 0.857659
-9.1 0.8585
-8.9 0.859349
-8.7 0.860223
-8.5 0.86107
-8.3 0.86192
-8.1 0.862759
-7.9 0.863606
-7.7 0.864468
-7.5 0.865341
-7.3 0.866197
-7.1 0.86707
-6.9 0.867913
-6.7 0.86874
-6.5 0.869567
-6.3 0.87042
-6.1 0.871276
-5.9 0.872117
-5.7 0.872968
-5.5 0.873782
-5.3 0.874634
-5.1 0.875479
-4.9 0.876319
-4.7 0.877166
-4.5 0.878012
-4.3 0.878854
-4.1 0.879669
-3.9 0.880525
-3.7 0.881392
-3.5 0.882241
-3.3 0.883091
-3.1 0.883932
-2.9 0.884756
-2.7 0.885621
-2.5 0.886465
-2.3 0.887326
-2.1 0.888156
-1.9 0.888998
-1.7 0.889845
-1.5 0.890682
-1.3 0.891498
-1.1 0.892343
-0.899999 0.893209
-0.699999 0.894049
-0.499999 0.894874
-0.299999 0.895723
-0.0999994 0.896547
0.100001 0.897386
0.300001 0.898242
0.500001 0.899067
0.700001 0.899914
0.900001 0.90076
1.1 0.901602
1.3 0.902428
1.5 0.903233
1.7 0.904074
1.9 0.90493
2.1 0.905762
2.3 0.906613
2.5 0.907455
2.7 0.908312
2.9 0.909148
3.1 0.909979
3.3 0.910827
3.5 0.911678
3.7 0.912531
3.9 0.913391
4.1 0.914224
4.3 0.915072
4.5 0.915915
4.7 0.916776
4.9 0.917626
5.1 0.918486
5.3 0.919316
5.5 0.920166
5.7 0.920997
5.9 0.921831
6.1 0.922641
6.3 0.923482
6.5 0.924342
6.7 0.925195
6.9 0.92603
7.1 0.926885
7.3 0.92773
7.5 0.928576
7.7 0.929412
7.9 0.930243
8.1 0.931062
8.3 0.931913
8.5 0.932754
8.7 0.933574
8.9 0.934409
9.1 0.935226
9.3 0.93607
9.5 0.936903
9.7 0.937742
9.9 0.938583
10.1 0.939405
10.3 0.94024
10.5 0.941065
10.7 0.941888
10.9 0.942702
11.1 0.943532
11.3 0.94437
11.5 0.945227
11.7 0.946074
11.9 0.946927
12.1 0.947748
12.3 0.948557
12.5 0.949382
12.7 0.950171
12.9 0.950977
13.1 0.951787
13.3 0.952599
13.5 0.953404
13.7 0.954189
13.9 0.954982
14.1 0.955762
14.3 0.956565
14.5 0.95735
14.7 0.95814
14.9 0.958934
15.1 0.959728
15.3 0.960509
15.5 0.961281
15.7 0.962031
15.9 0.962788
16.1 0.963539
16.3 0.964268
16.5 0.965007
16.7 0.965736
16.9 0.966447
17.1 0.967174
17.3 0.967877
17.5 0.968592
17.7 0.969289
17.9 0.969974
18.1 0.970665
18.3 0.971355
18.5 0.972024
18.7 0.972695
18.9 0.973351
19.1 0.97398
19.3 0.974632
19.5 0.975263
19.7 0.975878
19.9 0.976515
20.1 0.977116
20.3 0.977727
20.5 0.978319
20.7 0.978902
20.9 0.979449
21.1 0.980016
21.3 0.980564
21.5 0.981098
21.7 0.981631
21.9 0.982169
22.1 0.982679
22.3 0.983176
22.5 0.983678
22.7 0.98417
22.9 0.984657
23.1 0.985145
23.3 0.985604
23.5 0.986052
23.7 0.986502
23.9 0.986941
24.1 0.987373
24.3 0.987799
24.5 0.988204
24.7 0.988605
24.9 0.988992
25.1 0.989368
25.3 0.98974
25.5 0.990097
25.7 0.990445
25.9 0.990788
26.1 0.991136
26.3 0.991453
26.5 0.991788
26.7 0.992098
26.9 0.9924
27.1 0.992695
27.3 0.992977
27.5 0.993272
27.7 0.993552
27.9 0.993808
28.1 0.994059
28.3 0.994314
28.5 0.994567
28.7 0.994797
28.9 0.995029
29.1 0.995256
29.3 0.995466
29.5 0.995673
29.7 0.995883
29.9 0.996073
30.1 0.996257
30.3 0.996436
30.5 0.996609
30.7 0.996781
30.9 0.996947
31.1 0.997096
31.3 0.997242
31.5 0.997391
31.7 0.997515
31.9 0.997653
32.1 0.997777
32.3 0.99789
32.5 0.998012
32.7 0.998116
32.9 0.998214
33.1 0.998316
33.3 0.998415
33.5 0.998503
33.7 0.998589
33.9 0.998672
34.1 0.99875
34.3 0.998823
34.5 0.998892
34.7 0.998961
34.9 0.999027
35.1 0.999091
35.3 0.999153
35.5 0.999212
35.7 0.999267
35.9 0.999315
36.1 0.999363
36.3 0.999402
36.5 0.999438
36.7 0.999479
36.9 0.999515
37.1 0.999549
37.3 0.999582
37.5 0.99961
37.7 0.999638
37.9 0.999662
38.1 0.999688
38.3 0.99971
38.5 0.999734
38.7 0.999752
38.9 0.999768
39.1 0.999785
39.3 0.999799
39.5 0.999813
39.7 0.999825
39.9 0.999837
40.1 0.999848
40.3 0.999858
40.5 0.999868
40.7 0.999876
40.9 0.999883
41.1 0.999891
41.3 0.999898
41.5 0.999905
41.7 0.999912
41.9 0.999917
42.1 0.999922
42.3 0.999927
42.5 0.99993
42.7 0.999934
42.9 0.999938
43.1 0.99994
43.3 0.999943
43.5 0.999947
43.7 0.99995
43.9 0.999951
44.1 0.999953
44.3 0.999956
44.5 0.99996
44.7 0.999962
44.9 0.999963
45.1 0.999966
45.3 0.999969
45.5 0.999971
45.7 0.999973
45.9 0.999975
46.1 0.999976
46.3 0.999977
46.5 0.999978
46.7 0.999979
46.9 0.999981
47.1 0.999983
47.3 0.999983
47.5 0.999984
47.7 0.999985
47.9 0.999986
48.1 0.999988
48.3 0.999989
48.5 0.999992
48.7 0.999992
48.9 0.999993
49.1 0.999994
49.3 0.999995
49.5 0.999996
49.7 0.999997
49.9 0.999999
50.1 1
