1300
-209.7 6.48691e-07
-209.5 1.08115e-06
-209.3 1.08115e-06
-209.1 1.08115e-06
-208.9 1.51361e-06
-208.7 1.72984e-06
-208.5 2.37853e-06
-208.3 2.37853e-06
-208.1 2.59476e-06
-207.9 2.59476e-06
-207.7 2.81099e-06
-207.5 3.24345e-06
-207.3 3.67591e-06
-207.1 3.89214e-06
-206.9 3.89214e-06
-206.7 4.10837e-06
-206.5 4.10837e-06
-206.3 4.10837e-06
-206.1 4.10837e-06
-205.9 4.3246e-06
-205.7 4.3246e-06
-205.5 4.3246e-06
-205.3 4.54083e-06
-205.1 4.97329e-06
-204.9 5.40575e-06
-204.7 5.62199e-06
-204.5 5.62199e-06
-204.3 5.62199e-06
-204.1 5.62199e-06
-203.9 6.48691e-06
-203.7 6.70314e-06
-203.5 6.70314e-06
-203.3 7.1356e-06
-203.1 7.56806e-06
-202.9 7.56806e-06
-202.7 8.21675e-06
-202.5 8.64921e-06
-202.3 8.64921e-06
-202.1 9.08167e-06
-201.9 9.2979e-06
-201.7 9.2979e-06
-201.5 9.2979e-06
-201.3 9.2979e-06
-201.1 9.2979e-06
-200.9 9.73036e-06
-200.7 9.73036e-06
-200.5 9.73036e-06
-200.3 9.94659e-06
-200.1 1.01628e-05
-199.9 1.0379e-05
-199.7 1.05953e-05
-199.5 1.05953e-05
-199.3 1.05953e-05
-199.1 1.05953e-05
-198.9 1.10277e-05
-198.7 1.14602e-05
-198.5 1.38387e-05
-198.3 1.64335e-05
-198.1 2.48665e-05
-197.9 4.38947e-05
-197.7 6.63827e-05
-197.5 0.000106169
-197.3 0.000164767
-197.1 0.000245421
-196.9 0.000358293
-196.7 0.000512682
-196.5 0.000705775
-196.3 0.000962224
-196.1 0.00129781
-195.9 0.00172725
-195.7 0.00227842
-195.5 0.00294592
-195.3 0.00373905
-195.1 0.00466495
-194.9 0.00575107
-194.7 0.00696888
-194.5 0.00832767
-194.3 0.0097948
-194.1 0.0113244
-193.9 0.0129598
-193.7 0.0146552
-193.5 0.0164151
-193.3 0.0181746
-193.1 0.0199903
-192.9 0.0218217
-192.7 0.0236255
-192.5 0.0254546
-192.3 0.0272634
-192.1 0.0290687
-191.9 0.0308647
-191.7 0.0326153
-191.5 0.0343704
-191.3 0.0361044
-191.1 0.0378327
-190.9 0.0395124
-190.7 0.0411622
-190.5 0.042846
-190.3 0.0445248
-190.1 0.0461643
-189.9 0.0477929
-189.7 0.0493461
-189.5 0.0509097
-189.3 0.0524737
-189.1 0.0540377
-188.9 0.0555815
-188.7 0.0570735
-188.5 0.0586021
-188.3 0.0600969
-188.1 0.0615945
-187.9 0.0630123
-187.7 0.0644714
-187.5 0.0658754
-187.3 0.0672911
-187.1 0.06874
-186.9 0.070168
-186.7 0.0715791
-186.5 0.0729766
-186.3 0.0744184
-186.1 0.0758023
-185.9 0.0772043
-185.7 0.0785499
-185.5 0.0799373
-185.3 0.0813216
-185.1 0.0826536
-184.9 0.0839972
-184.7 0.0852983
-184.5 0.0866411
-184.3 0.0879523
-184.1 0.0892819
-183.9 0.0906121
-183.7 0.0919039
-183.5 0.0931762
-183.3 0.0944506
-183.1 0.095732
-182.9 0.0969851
-182.7 0.0982498
-182.5 0.0995292
-182.3 0.100771
-182.1 0.102006
-181.9 0.103265
-181.7 0.104523
-181.5 0.105732
-181.3 0.106962
-181.1 0.108153
-180.9 0.10938
-180.7 0.110584
-180.5 0.11177
-180.3 0.112925
-180.1 0.114085
-179.9 0.115241
-179.7 0.11641
-179.5 0.117543
-179.3 0.118674
-179.1 0.119798
-178.9 0.120936
-178.7 0.122047
-178.5 0.123161
-178.3 0.124265
-178.1 0.125344
-177.9 0.126428
-177.7 0.127516
-177.5 0.128578
-177.3 0.129624
-177.1 0.130682
-176.9 0.131748
-176.7 0.132803
-176.5 0.133833
-176.3 0.134881
-176.1 0.135935
-175.9 0.136975
-175.7 0.138
-175.5 0.139009
-175.3 0.14004
-175.1 0.141025
-174.9 0.142025
-174.7 0.14303
-174.5 0.144041
-174.3 0.145045
-174.1 0.146032
-173.9 0.147029
-173.7 0.148026
-173.5 0.149034
-173.3 0.150029
-173.1 0.150988
-172.9 0.15198
-172.7 0.152942
-172.5 0.153921
-172.3 0.154878
-172.1 0.15582
-171.9 0.156772
-171.7 0.15773
-171.5 0.15869
-171.3 0.159631
-171.1 0.160552
-170.9 0.16148
-170.7 0.162422
-170.5 0.16339
-170.3 0.164331
-170.1 0.165263
-169.9 0.166196
-169.7 0.16715
-169.5 0.168067
-169.3 0.168995
-169.1 0.169939
-168.9 0.170859
-168.7 0.171787
-168.5 0.172704
-168.3 0.173648
-168.1 0.174592
-167.9 0.175521
-167.7 0.176447
-167.5 0.177412
-167.3 0.17832
-167.1 0.179255
-166.9 0.18018
-166.7 0.181104
-166.5 0.182032
-166.3 0.182921
-166.1 0.183821
-165.9 0.184753
-165.7 0.185671
-165.5 0.186587
-165.3 0.187492
-165.1 0.188396
-164.9 0.1893
-164.7 0.190235
-164.5 0.191134
-164.3 0.192057
-164.1 0.192951
-163.9 0.193864
-163.7 0.194782
-163.5 0.195677
-163.3 0.196582
-163.1 0.197485
-162.9 0.198394
-162.7 0.199299
-162.5 0.200197
-162.3 0.201109
-162.1 0.201993
-161.9 0.202897
-161.7 0.203793
-161.5 0.204662
-161.3 0.205573
-161.1 0.206444
-160.9 0.207331
-160.7 0.208234
-160.5 0.209149
-160.3 0.210052
-160.1 0.210945
-159.9 0.211823
-159.7 0.212739
-159.5 0.213624
-159.3 0.214522
-159.1 0.215409
-158.9 0.21634
-158.7 0.217198
-158.5 0.218078
-158.3 0.218979
-158.1 0.219878
-157.9 0.220747
-157.7 0.221638
-157.5 0.222534
-157.3 0.223408
-157.1 0.22429
-156.9 0.225172
-156.7 0.226052
-156.5 0.226952
-156.3 0.227857
-156.1 0.228734
-155.9 0.229628
-155.7 0.230515
-155.5 0.231397
-155.3 0.232274
-155.1 0.233156
-154.9 0.234038
-154.7 0.234942
-154.5 0.23581
-154.3 0.236686
-154.1 0.237583
-153.9 0.238465
-153.7 0.239337
-153.5 0.240249
-153.3 0.241122
-153.1 0.242016
-152.9 0.242889
-152.7 0.243753
-152.5 0.244652
-152.3 0.245524
-152.1 0.246388
-151.9 0.24727
-151.7 0.248155
-151.5 0.24903
-151.3 0.249885
-151.1 0.25079
-150.9 0.251674
-150.7 0.252537
-150.5 0.253412
-150.3 0.254288
-150.1 0.255145
-149.9 0.256012
-149.7 0.256873
-149.5 0.257744
-149.3 0.25866
-149.1 0.259548
-148.9 0.260432
-148.7 0.261313
-148.5 0.262191
-148.3 0.263071
-148.1 0.263941
-147.9 0.264808
-147.7 0.265661
-147.5 0.266527
-147.3 0.267384
-147.1 0.268261
-146.9 0.269105
-146.7 0.269959
-146.5 0.270843
-146.3 0.271708
-146.1 0.272592
-145.9 0.273432
-145.7 0.274278
-145.5 0.275147
-145.3 0.276018
-145.1 0.276892
-144.9 0.277754
-144.7 0.27861
-144.5 0.279447
-144.3 0.2803
-144.1 0.28115
-143.9 0.281995
-143.7 0.282832
-143.5 0.283675
-143.3 0.284541
-143.1 0.285371
-142.9 0.286243
-142.7 0.287115
-142.5 0.287954
-142.3 0.288797
-142.1 0.28964
-141.9 0.290465
-141.7 0.291294
-141.5 0.292113
-141.3 0.292968
-141.1 0.293828
-140.9 0.294662
-140.7 0.295508
-140.5 0.296352
-140.3 0.29719
-140.1 0.298014
-139.9 0.298847
-139.7 0.299709
-139.5 0.300539
-139.3 0.30138
-139.1 0.302204
-138.9 0.303039
-138.7 0.303907
-138.5 0.30473
-138.3 0.305565
-138.1 0.306427
-137.9 0.307254
-137.7 0.308103
-137.5 0.308951
-137.3 0.309804
-137.1 0.310692
-136.9 0.311551
-136.7 0.312435
-136.5 0.313312
-136.3 0.314191
-136.1 0.315066
-135.9 0.315957
-135.7 0.316812
-135.5 0.317689
-135.3 0.318551
-135.1 0.319424
-134.9 0.320294
-134.7 0.321167
-134.5 0.322047
-134.3 0.322923
-134.1 0.32382
-133.9 0.324724
-133.7 0.325636
-133.5 0.326529
-133.3 0.327391
-133.1 0.328306
-132.9 0.329199
-132.7 0.330078
-132.5 0.330949
-132.3 0.331852
-132.1 0.332724
-131.9 0.333611
-131.7 0.334507
-131.5 0.3354
-131.3 0.336286
-131.1 0.337158
-130.9 0.338061
-130.7 0.338959
-130.5 0.339863
-130.3 0.34074
-130.1 0.341639
-129.9 0.34254
-129.7 0.343458
-129.5 0.344365
-129.3 0.345278
-129.1 0.346175
-128.9 0.347083
-128.7 0.347972
-128.5 0.348883
-128.3 0.349772
-128.1 0.350674
-127.9 0.351592
-127.7 0.352481
-127.5 0.353382
-127.3 0.354283
-127.1 0.355184
-126.9 0.35606
-126.7 0.35696
-126.5 0.357847
-126.3 0.358721
-126.1 0.359639
-125.9 0.360527
-125.7 0.361407
-125.5 0.362291
-125.3 0.363154
-125.1 0.364026
-124.9 0.364922
-124.7 0.365795
-124.5 0.366693
-124.3 0.367581
-124.1 0.368438
-123.9 0.369337
-123.7 0.370233
-123.5 0.371109
-123.3 0.371988
-123.1 0.372876
-122.9 0.373756
-122.7 0.374658
-122.5 0.375548
-122.3 0.376447
-122.1 0.37732
-121.9 0.378213
-121.7 0.379109
-121.5 0.379998
-121.3 0.380867
-121.1 0.381765
-120.9 0.382636
-120.7 0.38351
-120.5 0.384365
-120.3 0.385257
-120.1 0.386137
-119.9 0.387003
-119.7 0.387878
-119.5 0.388752
-119.3 0.389627
-119.1 0.390488
-118.9 0.391322
-118.7 0.392173
-118.5 0.393034
-118.3 0.393923
-118.1 0.394798
-117.9 0.395663
-117.7 0.396543
-117.5 0.39741
-117.3 0.398302
-117.1 0.399165
-116.9 0.400027
-116.7 0.40089
-116.5 0.401752
-116.3 0.402625
-116.1 0.403484
-115.9 0.404335
-115.7 0.405218
-115.5 0.406114
-115.3 0.406977
-115.1 0.407837
-114.9 0.408689
-114.7 0.409537
-114.5 0.410376
-114.3 0.41125
-114.1 0.412099
-113.9 0.412954
-113.7 0.413832
-113.5 0.414695
-113.3 0.415549
-113.1 0.416411
-112.9 0.417276
-112.7 0.41813
-112.5 0.418983
-112.3 0.419863
-112.1 0.42074
-111.9 0.421612
-111.7 0.422485
-111.5 0.423368
-111.3 0.424224
-111.1 0.425085
-110.9 0.425969
-110.7 0.426822
-110.5 0.427688
-110.3 0.428561
-110.1 0.429411
-109.9 0.430277
-109.7 0.431134
-109.5 0.432007
-109.3 0.432868
-109.1 0.433737
-108.9 0.434564
-108.7 0.435423
-108.5 0.436265
-108.3 0.437128
-108.1 0.437999
-107.9 0.438848
-107.7 0.439701
-107.5 0.440568
-107.3 0.441418
-107.1 0.44227
-106.9 0.443133
-106.7 0.444016
-106.5 0.444875
-106.3 0.44573
-106.1 0.446583
-105.9 0.447446
-105.7 0.448308
-105.5 0.449136
-105.3 0.450007
-105.1 0.450854
-104.9 0.451696
-104.7 0.452544
-104.5 0.453372
-104.3 0.45424
-104.1 0.455089
-103.9 0.455934
-103.7 0.456774
-103.5 0.457605
-103.3 0.458472
-103.1 0.45933
-102.9 0.460197
-102.7 0.461048
-102.5 0.461901
-102.3 0.46277
-102.1 0.463601
-101.9 0.464476
-101.7 0.465314
-101.5 0.466177
-101.3 0.467018
-101.1 0.467877
-100.9 0.468717
-100.7 0.469549
-100.5 0.470388
-100.3 0.471227
-100.1 0.472066
-99.9 0.472911
-99.7 0.473795
-99.5 0.474638
-99.3 0.475493
-99.1 0.47633
-98.9 0.477171
-98.7 0.478011
-98.5 0.478861
-98.3 0.479709
-98.1 0.48057
-97.9 0.481423
-97.7 0.482276
-97.5 0.483133
-97.3 0.483979
-97.1 0.484827
-96.9 0.485716
-96.7 0.486554
-96.5 0.487414
-96.3 0.488268
-96.1 0.489127
-95.9 0.490007
-95.7 0.490843
-95.5 0.491721
-95.3 0.49259
-95.1 0.493432
-94.9 0.494313
-94.7 0.495209
-94.5 0.496069
-94.3 0.496947
-94.1 0.49783
-93.9 0.498719
-93.7 0.499587
-93.5 0.500441
-93.3 0.501307
-93.1 0.502184
-92.9 0.503054
-92.7 0.503913
-92.5 0.504777
-92.3 0.505649
-92.1 0.506506
-91.9 0.507337
-91.7 0.5082
-91.5 0.509067
-91.3 0.509942
-91.1 0.510787
-90.9 0.511657
-90.7 0.512505
-90.5 0.513377
-90.3 0.514227
-90.1 0.515083
-89.9 0.515925
-89.7 0.51678
-89.5 0.517646
-89.3 0.518508
-89.1 0.519373
-88.9 0.520234
-88.7 0.52112
-88.5 0.521978
-88.3 0.522861
-88.1 0.523727
-87.9 0.52461
-87.7 0.525461
-87.5 0.5263
-87.3 0.527151
-87.1 0.528027
-86.9 0.528912
-86.7 0.529759
-86.5 0.530605
-86.3 0.531515
-86.1 0.532379
-85.9 0.533262
-85.7 0.53413
-85.5 0.535
-85.3 0.535871
-85.1 0.536736
-84.9 0.537599
-84.7 0.538458
-84.5 0.539333
-84.3 0.540198
-84.1 0.541064
-83.9 0.541931
-83.7 0.542789
-83.5 0.543638
-83.3 0.544488
-83.1 0.54536
-82.9 0.546242
-82.7 0.547095
-82.5 0.547929
-82.3 0.54879
-82.1 0.549672
-81.9 0.55053
-81.7 0.551363
-81.5 0.552246
-81.3 0.55309
-81.1 0.553937
-80.9 0.5548
-80.7 0.555669
-80.5 0.55651
-80.3 0.557356
-80.1 0.558205
-79.9 0.559055
-79.7 0.55989
-79.5 0.560727
-79.3 0.561565
-79.1 0.562437
-78.9 0.563278
-78.7 0.564129
-78.5 0.564966
-78.3 0.565833
-78.1 0.566672
-77.9 0.567498
-77.7 0.568312
-77.5 0.569162
-77.3 0.570045
-77.1 0.570881
-76.9 0.571738
-76.7 0.572607
-76.5 0.573454
-76.3 0.574289
-76.1 0.575115
-75.9 0.575954
-75.7 0.576795
-75.5 0.577633
-75.3 0.578467
-75.1 0.579332
-74.9 0.580174
-74.7 0.581049
-74.5 0.581889
-74.3 0.582751
-74.1 0.583607
-73.9 0.584441
-73.7 0.585294
-73.5 0.586141
-73.3 0.586996
-73.1 0.58784
-72.9 0.588694
-72.7 0.589533
-72.5 0.590374
-72.3 0.591234
-72.1 0.592085
-71.9 0.592954
-71.7 0.593785
-71.5 0.594655
-71.3 0.59552
-71.1 0.596409
-70.9 0.597271
-70.7 0.598136
-70.5 0.598999
-70.3 0.599856
-70.1 0.600715
-69.9 0.601554
-69.7 0.602424
-69.5 0.603285
-69.3 0.604141
-69.1 0.604985
-68.9 0.605847
-68.7 0.606683
-68.5 0.607554
-68.3 0.608419
-68.1 0.60927
-67.9 0.610108
-67.7 0.61094
-67.5 0.611763
-67.3 0.612598
-67.1 0.613438
-66.9 0.614297
-66.7 0.615146
-66.5 0.615998
-66.3 0.616856
-66.1 0.617718
-65.9 0.618603
-65.7 0.61945
-65.5 0.620341
-65.3 0.621213
-65.1 0.622067
-64.9 0.622937
-64.7 0.623816
-64.5 0.624668
-64.3 0.625549
-64.1 0.626415
-63.9 0.627253
-63.7 0.628131
-63.5 0.628972
-63.3 0.629849
-63.1 0.630736
-62.9 0.631585
-62.7 0.632439
-62.5 0.63329
-62.3 0.634154
-62.1 0.63502
-61.9 0.635883
-61.7 0.636748
-61.5 0.637627
-61.3 0.638491
-61.1 0.639322
-60.9 0.640176
-60.7 0.641022
-60.5 0.641888
-60.3 0.642754
-60.1 0.643597
-59.9 0.64445
-59.7 0.645289
-59.5 0.646155
-59.3 0.647001
-59.1 0.647872
-58.9 0.648723
-58.7 0.649566
-58.5 0.65041
-58.3 0.651273
-58.1 0.652128
-57.9 0.652978
-57.7 0.65383
-57.5 0.654677
-57.3 0.655528
-57.1 0.656383
-56.9 0.657246
-56.7 0.658104
-56.5 0.658958
-56.3 0.659823
-56.1 0.660672
-55.9 0.661536
-55.7 0.662386
-55.5 0.663239
-55.3 0.664088
-55.1 0.66495
-54.9 0.665826
-54.7 0.666678
-54.5 0.667559
-54.3 0.668434
-54.1 0.66931
-53.9 0.67019
-53.7 0.671041
-53.5 0.671912
-53.3 0.672764
-53.1 0.67361
-52.9 0.674438
-52.7 0.675294
-52.5 0.676139
-52.3 0.677007
-52.1 0.677882
-51.9 0.678747
-51.7 0.679597
-51.5 0.680462
-51.3 0.681336
-51.1 0.682178
-50.9 0.683061
-50.7 0.683919
-50.5 0.684764
-50.3 0.685635
-50.1 0.686515
-49.9 0.687387
-49.7 0.688257
-49.5 0.689111
-49.3 0.689991
-49.1 0.690864
-48.9 0.691726
-48.7 0.692601
-48.5 0.693481
-48.3 0.694342
-48.1 0.695244
-47.9 0.696117
-47.7 0.696985
-47.5 0.697851
-47.3 0.698692
-47.1 0.699535
-46.9 0.700383
-46.7 0.70126
-46.5 0.702144
-46.3 0.703015
-46.1 0.703886
-45.9 0.704723
-45.7 0.705592
-45.5 0.706451
-45.3 0.70731
-45.1 0.708194
-44.9 0.70904
-44.7 0.709916
-44.5 0.710768
-44.3 0.711626
-44.1 0.712485
-43.9 0.713341
-43.7 0.714194
-43.5 0.715035
-43.3 0.715881
-43.1 0.716745
-42.9 0.717609
-42.7 0.718466
-42.5 0.719323
-42.3 0.720177
-42.1 0.721042
-41.9 0.721918
-41.7 0.722767
-41.5 0.723599
-41.3 0.724459
-41.1 0.725328
-40.9 0.72619
-40.7 0.727045
-40.5 0.727904
-40.3 0.728772
-40.1 0.729606
-39.9 0.73047
-39.7 0.731317
-39.5 0.732177
-39.3 0.733021
-39.1 0.733867
-38.9 0.734716
-38.7 0.735577
-38.5 0.736446
-38.3 0.737293
-38.1 0.738147
-37.9 0.739026
-37.7 0.739898
-37.5 0.740759
-37.3 0.741612
-37.1 0.742478
-36.9 0.743366
-36.7 0.744206
-36.5 0.745065
-36.3 0.745921
-36.1 0.746775
-35.9 0.747653
-35.7 0.748495
-35.5 0.749364
-35.3 0.750212
-35.1 0.751076
-34.9 0.751933
-34.7 0.752787
-34.5 0.753669
-34.3 0.754532
-34.1 0.755388
-33.9 0.75624
-33.7 0.757088
-33.5 0.757949
-33.3 0.758822
-33.1 0.759708
-32.9 0.76056
-32.7 0.761404
-32.5 0.762275
-32.3 0.763115
-32.1 0.763984
-31.9 0.764837
-31.7 0.765677
-31.5 0.766529
-31.3 0.767375
-31.1 0.768213
-30.9 0.769048
-30.7 0.769895
-30.5 0.770731
-30.3 0.771562
-30.1 0.77242
-29.9 0.773284
-29.7 0.774143
-29.5 0.774986
-29.3 0.775815
-29.1 0.77667
-28.9 0.777519
-28.7 0.778373
-28.5 0.779214
-28.3 0.780062
-28.1 0.780906
-27.9 0.781744
-27.7 0.782585
-27.5 0.783438
-27.3 0.784295
-27.1 0.785127
-26.9 0.785981
-26.7 0.786823
-26.5 0.787679
-26.3 0.78854
-26.1 0.78938
-25.9 0.790213
-25.7 0.791057
-25.5 0.791904
-25.3 0.79274
-25.1 0.793572
-24.9 0.794411
-24.7 0.795254
-24.5 0.796104
-24.3 0.796957
-24.1 0.797793
-23.9 0.798641
-23.7 0.799483
-23.5 0.800332
-23.3 0.801159
-23.1 0.802023
-22.9 0.802873
-22.7 0.803717
-22.5 0.804547
-22.3 0.805399
-22.1 0.806272
-21.9 0.807111
-21.7 0.807962
-21.5 0.808805
-21.3 0.809663
-21.1 0.810513
-20.9 0.811375
-20.7 0.812222
-20.5 0.813062
-20.3 0.813924
-20.1 0.814759
-19.9 0.815605
-19.7 0.816441
-19.5 0.817308
-19.3 0.818136
-19.1 0.818981
-18.9 0.819824
-18.7 0.820682
-18.5 0.821492
-18.3 0.822351
-18.1 0.82321
-17.9 0.824072
-17.7 0.824953
-17.5 0.825791
-17.3 0.826629
-17.1 0.827491
-16.9 0.828343
-16.7 0.829193
-16.5 0.830035
-16.3 0.830885
-16.1 0.831727
-15.9 0.832576
-15.7 0.833454
-15.5 0.834325
-15.3 0.835174
-15.1 0.836037
-14.9 0.836912
-14.7 0.837748
-14.5 0.838585
-14.3 0.83945
-14.1 0.840331
-13.9 0.841199
-13.7 0.842066
-13.5 0.842912
-13.3 0.84377
-13.1 0.844622
-12.9 0.845512
-12.7 0.846373
-12.5 0.847217
-12.3 0.848073
-12.1 0.848924
-11.9 0.849784
-11.7 0.850623
-11.5 0.85148
-11.3 0.852328
-11.1 0.853177
-10.9 0.85406
-10.7 0.85492
-10.5 0.855799
-10.3 0.856632
-10.1 0.857479
-9.9 0.858337
-9.7 0.85919
-9.5 0.860039
-9.3 0.86089
-9.1 0.861726
-8.9 0.862591
-8.7 0.86343
-8.5 0.864283
-8.3 0.865145
-8.1 0.866006
-7.9 0.866868
-7.7 0.867738
-7.5 0.868588
-7.3 0.869443
-7.1 0.870302
-6.9 0.871167
-6.7 0.872025
-6.5 0.872872
-6.3 0.873708
-6.1 0.874587
-5.9 0.875414
-5.7 0.876245
-5.5 0.877115
-5.3 0.877948
-5.1 0.878801
-4.9 0.879675
-4.7 0.880528
-4.5 0.881373
-4.3 0.882223
-4.1 0.883067
-3.9 0.883917
-3.7 0.884773
-3.5 0.885623
-3.3 0.886479
-3.1 0.887352
-2.9 0.888202
-2.7 0.889067
-2.5 0.889934
-2.3 0.890782
-2.1 0.891641
-1.9 0.892478
-1.7 0.893328
-1.5 0.894173
-1.3 0.89502
-1.1 0.895858
-0.899999 0.896694
-0.699999 0.897533
-0.499999 0.89839
-0.299999 0.899265
-0.0999994 0.900099
0.100001 0.900952
0.300001 0.901795
0.500001 0.902657
0.700001 0.903536
0.900001 0.904353
1.1 0.905182
1.3 0.90604
1.5 0.906891
1.7 0.907723
1.9 0.90857
2.1 0.909408
2.3 0.910256
2.5 0.911104
2.7 0.91197
2.9 0.912801
3.1 0.913636
3.3 0.914505
3.5 0.91533
3.7 0.916181
3.9 0.916994
4.1 0.917843
4.3 0.918697
4.5 0.919535
4.7 0.920365
4.9 0.921209
5.1 0.922058
5.3 0.922907
5.5 0.923757
5.7 0.924601
5.9 0.925465
6.1 0.926316
6.3 0.927158
6.5 0.927993
6.7 0.928824
6.9 0.929678
7.1 0.930529
7.3 0.93137
7.5 0.932219
7.7 0.933055
7.9 0.933911
8.1 0.93474
8.3 0.935569
8.5 0.936422
8.7 0.937262
8.9 0.938069
9.1 0.938897
9.3 0.939727
9.5 0.940559
9.7 0.941397
9.9 0.942247
10.1 0.943064
10.3 0.943892
10.5 0.944721
10.7 0.945544
10.9 0.946373
11.1 0.947204
11.3 0.948016
11.5 0.948831
11.7 0.949661
11.9 0.950468
12.1 0.951266
12.3 0.952061
12.5 0.952855
12.7 0.95367
12.9 0.954469
13.1 0.955269
13.3 0.95607
13.5 0.956858
13.7 0.957618
13.9 0.958421
14.1 0.959192
14.3 0.959954
14.5 0.960725
14.7 0.961464
14.9 0.96222
15.1 0.962947
15.3 0.963693
15.5 0.964437
15.7 0.965169
15.9 0.965893
16.1 0.966598
16.3 0.967303
16.5 0.96801
16.7 0.968713
16.9 0.969402
17.1 0.970074
17.3 0.970719
17.5 0.971404
17.7 0.972072
17.9 0.972717
18.1 0.973371
18.3 0.974003
18.5 0.974631
18.7 0.975255
18.9 0.975826
19.1 0.976418
19.3 0.976993
19.5 0.977585
19.7 0.97816
19.9 0.978707
20.1 0.979241
20.3 0.979798
20.5 0.980335
20.7 0.98086
20.9 0.981377
21.1 0.981876
21.3 0.98238
21.5 0.982868
21.7 0.983367
21.9 0.983851
22.1 0.98431
22.3 0.984773
22.5 0.985222
22.7 0.985649
22.9 0.986078
23.1 0.986501
23.3 0.98692
23.5 0.98733
23.7 0.987719
23.9 0.988118
24.1 0.988485
24.3 0.988861
24.5 0.989228
24.7 0.989612
24.9 0.989967
25.1 0.990311
25.3 0.990648
25.5 0.990975
25.7 0.991294
25.9 0.9916
26.1 0.991908
26.3 0.992211
26.5 0.992499
26.7 0.992788
26.9 0.993064
27.1 0.993347
27.3 0.993608
27.5 0.993859
27.7 0.99411
27.9 0.994352
28.1 0.994591
28.3 0.994817
28.5 0.995044
28.7 0.995258
28.9 0.995476
29.1 0.995681
29.3 0.995865
29.5 0.996072
29.7 0.99625
29.9 0.996414
30.1 0.996578
30.3 0.99674
30.5 0.996898
30.7 0.99705
30.9 0.997197
31.1 0.99734
31.3 0.997481
31.5 0.99761
31.7 0.997736
31.9 0.997851
32.1 0.997964
32.3 0.998078
32.5 0.998184
32.7 0.99829
32.9 0.998385
33.1 0.998474
33.3 0.998559
33.5 0.99865
33.7 0.998726
33.9 0.998808
34.1 0.998878
34.3 0.998945
34.5 0.999005
34.7 0.999071
34.9 0.999129
35.1 0.999185
35.3 0.999233
35.5 0.999286
35.7 0.999336
35.9 0.99938
36.1 0.999422
36.3 0.999461
36.5 0.999504
36.7 0.999537
36.9 0.99957
37.1 0.999601
37.3 0.999625
37.5 0.999655
37.7 0.999681
37.9 0.999704
38.1 0.999728
38.3 0.999749
38.5 0.999771
38.7 0.999787
38.9 0.999803
39.1 0.999817
39.3 0.999829
39.5 0.999841
39.7 0.999853
39.9 0.999863
40.1 0.999874
40.3 0.999882
40.5 0.999892
40.7 0.999898
40.9 0.999906
41.1 0.999912
41.3 0.99992
41.5 0.999925
41.7 0.999931
41.9 0.999936
42.1 0.999942
42.3 0.999945
42.5 0.999949
42.7 0.999954
42.9 0.999958
43.1 0.999959
43.3 0.99996
43.5 0.999962
43.7 0.999964
43.9 0.999966
44.1 0.999968
44.3 0.99997
44.5 0.999971
44.7 0.999972
44.9 0.999974
45.1 0.999976
45.3 0.999976
45.5 0.999978
45.7 0.99998
45.9 0.999981
46.1 0.999983
46.3 0.999984
46.5 0.999985
46.7 0.999986
46.9 0.999987
47.1 0.999988
47.3 0.999988
47.5 0.99999
47.7 0.99999
47.9 0.999992
48.1 0.999992
48.3 0.999992
48.5 0.999993
48.7 0.999993
48.9 0.999994
49.1 0.999995
49.3 0.999996
49.5 0.999996
49.7 0.999997
49.9 0.999999
50.1 1
